0.0779191396          0                     0                     0                     0                     0                     0                     
0.087577837391        1.55670634147         0.626981748548        1.55670634147         0.626981748548        0.282402172164        0.246318582422        
0.0972365351819       7.57409581742         2.76923443607         7.57409581742         2.76923443607         1.48071578012         1.08024488538         
0.106895232973        16.3680603571         5.37281728066         16.3680603571         5.37281728066         3.42758825827         2.07501912179         
0.116553930764        25.8510726281         7.5393269786          25.8510726281         7.5393269786          5.7491785063          2.86708856202         
0.126212628555        34.7457171254         8.91299973269         34.7457171254         8.91299973269         8.1398538002          3.31116388691         
0.135871326346        42.4647051624         9.43005279386         42.4647051624         9.43005279386         10.4120803719         3.38088452587         
0.145530024137        48.8078854488         9.17363213242         48.8078854488         9.17363213242         12.4546599583         3.10658465161         
0.155188721928        53.7834557861         8.24285517683         53.7834557861         8.24285517683         14.2105450293         2.52473018537         
0.164847419719        57.4363774            6.76613539647         57.4363774            6.76613539647         15.6264601716         1.6854596498          
0.17450611751         59.8433936856         4.87687973147         59.8433936856         4.87687973147         16.6629536396         0.647096475637        
0.184164815301        61.0772066336         2.78112696882         61.0772066336         2.78112696882         17.2882366973         -0.488357197578       
0.193823513091        61.2962586326         0.704669984418        61.2962586326         0.704669984418        17.5296307411         -1.60250565376        
0.203482210882        60.7341790506         -1.19561198557        60.7341790506         -1.19561198557        17.4674158617         -2.61201035666        
0.213140908673        59.6107277631         -2.86123434452        59.6107277631         -2.86123434452        17.1856385062         -3.48505180564        
0.222799606464        58.101440655          -4.27741192113        58.101440655          -4.27741192113        16.7544141503         -4.21490231918        
0.232458304255        56.3330750137         -5.45740194209        56.3330750137         -5.45740194209        16.2236489011         -4.81030268665        
0.242117002046        54.4025988977         -6.41907069388        54.4025988977         -6.41907069388        15.6304125251         -5.28236588316        
0.251775699837        52.3926065995         -7.18572158987        52.3926065995         -7.18572158987        15.0079119463         -5.64482731622        
0.261434397628        50.3579389457         -7.78859351293        50.3579389457         -7.78859351293        14.3782796336         -5.91566401994        
0.271093095419        48.3348133892         -8.26166830067        48.3348133892         -8.26166830067        13.7546205344         -6.11458663686        
0.28075179321         46.336197165          -8.61935793347        46.336197165          -8.61935793347        13.1396840932         -6.2514408166         
0.290410491001        44.3851995374         -8.88785942302        44.3851995374         -8.88785942302        12.5410625506         -6.3402155034         
0.300069188792        42.4888603014         -9.07584260355        42.4888603014         -9.07584260355        11.9597740648         -6.38598258344        
0.309727886583        40.6538374976         -9.19087061051        40.6538374976         -9.19087061051        11.3982924358         -6.39305117263        
0.319386584374        38.8898000502         -9.24152118414        38.8898000502         -9.24152118414        10.8607462226         -6.36615545011        
0.329045282165        37.2054482333         -9.23912197259        37.2054482333         -9.23912197259        10.3510640676         -6.31158118701        
0.338703979956        35.6026689374         -9.19465606566        35.6026689374         -9.19465606566        9.87036203508         -6.23541045726        
0.348362677747        34.0824167257         -9.11912390381        34.0824167257         -9.11912390381        9.41909706953         -6.1437976003         
0.358021375538        32.6405747978         -9.02199941331        32.6405747978         -9.02199941331        8.99538080963         -6.04208215744        
0.367680073329        31.2745725123         -8.9106245175         31.2745725123         -8.9106245175         8.59775232184         -5.93440818704        
0.37733877112         29.9769879876         -8.78919499401        29.9769879876         -8.78919499401        8.22286289427         -5.82315809559        
0.386997468911        28.7436808999         -8.6614069405         28.7436808999         -8.6614069405         7.86860195965         -5.71038874504        
0.396656166702        27.5697327634         -8.5288858254         27.5697327634         -8.5288858254         7.53278195742         -5.59699348262        
0.406314864492        26.4506508614         -8.39264292656        26.4506508614         -8.39264292656        7.21328284797         -5.48350119618        
0.415973562283        25.3827812437         -8.25232751999        25.3827812437         -8.25232751999        6.90888274008         -5.36967239148        
0.425632260074        24.3629697444         -8.10840630453        24.3629697444         -8.10840630453        6.61813265585         -5.25564032804        
0.435290957865        23.3894683359         -7.96034453099        23.3894683359         -7.96034453099        6.34062679514         -5.14109846565        
0.444949655656        22.4610188472         -7.81025538329        22.4610188472         -7.81025538329        6.07620366551         -5.02677039575        
0.454608353447        21.5741846343         -7.65691388397        21.5741846343         -7.65691388397        5.82357254839         -4.91208911362        
0.464267051238        20.7279661694         -7.50125952352        20.7279661694         -7.50125952352        5.58274255564         -4.79754666554        
0.473925749029        19.9208859598         -7.34361557725        19.9208859598         -7.34361557725        5.35338780488         -4.68323468912        
0.48358444682         19.1515496141         -7.18431711093        19.1515496141         -7.18431711093        5.13519525879         -4.56925794631        
0.493243144611        18.4174216755         -7.02414074904        18.4174216755         -7.02414074904        4.92749642867         -4.45599950988        
0.502901842402        17.7189118019         -6.86330898657        17.7189118019         -6.86330898657        4.73063111297         -4.343379069          
0.512560540193        17.0522008083         -6.70147271922        17.0522008083         -6.70147271922        4.543324639           -4.23155891614        
0.522219237984        16.4176487161         -6.53978322835        16.4176487161         -6.53978322835        4.36598736206         -4.12071980493        
0.531877935775        15.8158433527         -6.38164487913        15.8158433527         -6.38164487913        4.19880967427         -4.01276811204        
0.541536633566        15.2424302869         -6.22583311997        15.2424302869         -6.22583311997        4.04045091314         -3.90694232827        
0.551195331357        14.6962130282         -6.07403793799        14.6962130282         -6.07403793799        3.89031842977         -3.80418448649        
0.560854029148        14.1770762082         -5.92380349305        14.1770762082         -5.92380349305        3.74886350546         -3.7030612954         
0.570512726939        13.6811089522         -5.77810743939        13.6811089522         -5.77810743939        3.61429301953         -3.60520932889        
0.58017142473         13.2087597556         -5.63653602916        13.2087597556         -5.63653602916        3.48687640589         -3.51039052501        
0.589830122521        12.757779901          -5.49910158983        12.757779901          -5.49910158983        3.3658542155          -3.418550645          
0.599488820312        12.3271549815         -5.36579268875        12.3271549815         -5.36579268875        3.25090480662         -3.3296759331         
0.609147518103        11.9159375149         -5.23687931638        11.9159375149         -5.23687931638        3.14163811116         -3.24388816614        
0.618806215893        11.5215531675         -5.11176254545        11.5215531675         -5.11176254545        3.03725414902         -3.16080350563        
0.628464913684        11.1447451942         -4.99123998291        11.1447451942         -4.99123998291        2.93793421752         -3.08086120085        
0.638123611475        10.7834610138         -4.87464989501        10.7834610138         -4.87464989501        2.84298308104         -3.00367301132        
0.647782309266        10.4369691539         -4.76181091956        10.4369691539         -4.76181091956        2.75209866263         -2.92910749754        
0.657441007057        10.104623038          -4.65307052914        10.104623038          -4.65307052914        2.66518802392         -2.85734427664        
0.667099704848        9.78523470579         -4.54771462641        9.78523470579         -4.54771462641        2.58172991771         -2.78795882139        
0.676758402639        9.47826158938         -4.44592169003        9.47826158938         -4.44592169003        2.50161670346         -2.72101609648        
0.68641710043         9.18266534868         -4.3473385713         9.18266534868         -4.3473385713         2.42447948673         -2.65631562787        
0.696075798221        8.89798139369         -4.25195239232        8.89798139369         -4.25195239232        2.35016641952         -2.59381810595        
0.705734496012        8.62422913648         -4.15946421236        8.62422913648         -4.15946421236        2.27875951835         -2.53335957003        
0.715393193803        8.36005501448         -4.06970802192        8.36005501448         -4.06970802192        2.20975632773         -2.47480857344        
0.725051891594        8.10521434741         -3.98259250546        8.10521434741         -3.98259250546        2.14311147485         -2.41809511819        
0.734710589385        7.85931189452         -3.89789294304        7.85931189452         -3.89789294304        2.07873354466         -2.36308518842        
0.744369287176        7.62189676651         -3.81551597267        7.62189676651         -3.81551597267        2.0164725913          -2.3097137007         
0.754027984967        7.3927454916          -3.7352658402         7.3927454916          -3.7352658402         1.95630367787         -2.25784274653        
0.763686682758        7.17115221357         -3.65697550478        7.17115221357         -3.65697550478        1.89800877025         -2.2073690843         
0.773345380549        6.95700441438         -3.58063058362        6.95700441438         -3.58063058362        1.84156507515         -2.158273944          
0.78300407834         6.75008552875         -3.50608546586        6.75008552875         -3.50608546586        1.78695287507         -2.11045499556        
0.792662776131        6.54972167826         -3.4330813794         6.54972167826         -3.4330813794         1.73396838821         -2.06375664011        
0.802321473922        6.35613590578         -3.3617683633         6.35613590578         -3.3617683633         1.68265165225         -2.01825937167        
0.811980171713        6.16870965068         -3.29183314971        6.16870965068         -3.29183314971        1.6328953449          -1.97376495104        
0.821638869504        5.98739284793         -3.22328475367        5.98739284793         -3.22328475367        1.58469409141         -1.93028609181        
0.831297567294        5.81213879271         -3.15618459441        5.81213879271         -3.15618459441        1.53813555635         -1.88774572385        
0.840956265085        5.64253305743         -3.09062798363        5.64253305743         -3.09062798363        1.49299736462         -1.84627063708        
0.850614962876        5.47793533087         -3.0262005635         5.47793533087         -3.0262005635         1.44914319981         -1.80561104517        
0.860273660667        5.31857053525         -2.96308425542        5.31857053525         -2.96308425542        1.40664281343         -1.76586712681        
0.869932358458        5.16428631244         -2.90104495283        5.16428631244         -2.90104495283        1.36548317922         -1.7268975722         
0.879591056249        5.01469410764         -2.84015180229        5.01469410764         -2.84015180229        1.32554350573         -1.68873441558        
0.88924975404         4.86975115203         -2.78035734469        4.86975115203         -2.78035734469        1.28684346044         -1.65134441331        
0.898908451831        4.72928568268         -2.72150367163        4.72928568268         -2.72150367163        1.24934584123         -1.61462588055        
0.908567149622        4.59296106519         -2.66361351773        4.59296106519         -2.66361351773        1.21295629143         -1.57858767146        
0.918225847413        4.46079282593         -2.60672283645        4.46079282593         -2.60672283645        1.17768669541         -1.54324414753        
0.927884545204        4.33251954428         -2.55070341605        4.33251954428         -2.55070341605        1.14349450722         -1.50851211188        
0.937543242995        4.20791758442         -2.49553686107        4.20791758442         -2.49553686107        1.11030968086         -1.47437581862        
0.947201940786        4.08679897153         -2.44117003506        4.08679897153         -2.44117003506        1.07804811153         -1.44080828376        
0.956860638577        3.96857283205         -2.38715667693        3.96857283205         -2.38715667693        1.04656670155         -1.40756987524        
0.966519336368        3.85335909699         -2.33356249398        3.85335909699         -2.33356249398        1.01595906786         -1.37468315186        
0.976178034159        3.7400940083          -2.27995189806        3.7400940083          -2.27995189806        0.985938979549        -1.34185242813        
0.98583673195         3.62224872595         -2.22245567304        3.62224872595         -2.22245567304        0.954776061762        -1.30680562541        
0.995495429741        3.50414740332         -2.16359170434        3.50414740332         -2.16359170434        0.923621253912        -1.27102681595        
1.00515412753         3.39105345609         -2.10681121285        3.39105345609         -2.10681121285        0.89383837102         -1.23654584697        
1.01481282532         3.28278008331         -2.05197046018        3.28278008331         -2.05197046018        0.865377853427        -1.20327189262        
1.02447152311         3.17881975568         -1.99894221644        3.17881975568         -1.99894221644        0.838099632851        -1.17112642692        
1.0341302209          3.07908066686         -1.94739601565        3.07908066686         -1.94739601565        0.812019566109        -1.13991743291        
1.0437889187          2.98315161292         -1.89781359322        2.98315161292         -1.89781359322        0.78693169188         -1.10991218483        
1.05344761649         2.89077450451         -1.84955179465        2.89077450451         -1.84955179465        0.762838020208        -1.08073689272        
1.06310631428         2.80191468468         -1.80283400603        2.80191468468         -1.80283400603        0.739701771082        -1.05251990862        
1.07276501207         2.71630839425         -1.75748916857        2.71630839425         -1.75748916857        0.717459152383        -1.02515761416        
1.08242370986         2.63387943471         -1.71359087677        2.63387943471         -1.71359087677        0.696072417636        -0.998688842417       
1.09208240765         2.55446842788         -1.6710694015         2.55446842788         -1.6710694015         0.675495896668        -0.973073216322       
1.10174110544         2.47782486524         -1.6297446307         2.47782486524         -1.6297446307         0.655678078626        -0.948201634319       
1.11139980323         2.40399799189         -1.58978763541        2.40399799189         -1.58978763541        0.636609390755        -0.924168830569       
1.12105850102         2.33279656484         -1.55102876127        2.33279656484         -1.55102876127        0.61824873636         -0.900879255104       
1.13071719881         2.26403646914         -1.51344627725        2.26403646914         -1.51344627725        0.600520407812        -0.878316659445       
1.14037589661         2.19765858326         -1.47701319195        2.19765858326         -1.47701319195        0.583430419615        -0.856460418328       
1.1500345944          2.13357661999         -1.44170676896        2.13357661999         -1.44170676896        0.566936250805        -0.835298259797       
1.15969329219         2.07167736137         -1.40746623754        2.07167736137         -1.40746623754        0.551008044426        -0.814793054546       
1.16935198998         2.01186499211         -1.37421651121        2.01186499211         -1.37421651121        0.53562504595         -0.794904246357       
1.17901068777         1.95411672045         -1.34205990578        1.95411672045         -1.34205990578        0.520785767456        -0.775666438339       
1.18866938556         1.89816173005         -1.31080659452        1.89816173005         -1.31080659452        0.506422527412        -0.756976556888       
1.19832808335         1.84434034742         -1.280772788          1.84434034742         -1.280772788          0.492593379132        -0.739023327171       
1.20798678114         1.79196199861         -1.25145334643        1.79196199861         -1.25145334643        0.479122210916        -0.721516226038       
1.21764547893         1.7413770307          -1.22309068775        1.7413770307          -1.22309068775        0.466101760993        -0.704593332953       
1.22730417672         1.69233810004         -1.1955191651         1.69233810004         -1.1955191651         0.453467395777        -0.688158866781       
1.23696287451         1.64495965457         -1.1688835468         1.64495965457         -1.1688835468         0.441242189204        -0.672293791819       
1.24662157231         1.59875014403         -1.14281295042        1.59875014403         -1.14281295042        0.429293811139        -0.656785767405       
1.2562802701          1.55419396323         -1.11759567322        1.55419396323         -1.11759567322        0.417771459796        -0.64179446079        
1.26593896789         1.51092913103         -1.09307793891        1.51092913103         -1.09307793891        0.406559171052        -0.627236813853       
1.27559766568         1.46898575875         -1.0692828212         1.46898575875         -1.0692828212         0.39565744088         -0.613120030148       
1.28525636347         1.42834574794         -1.04617989529        1.42834574794         -1.04617989529        0.385072076269        -0.599427361941       
1.29491506126         1.3888333611          -1.02363584295        1.3888333611          -1.02363584295        0.374758111459        -0.586082490291       
1.30457375905         1.35045017175         -1.0016654424         1.35045017175         -1.0016654424         0.364714831409        -0.573090284755       
1.31423245684         1.31323775105         -0.980320457474       1.31323775105         -0.980320457474       0.35495546745         -0.560481053674       
1.32389115463         1.27714242254         -0.959536235373       1.27714242254         -0.959536235373       0.345466731461        -0.54821582478        
1.33354985242         1.2420754571          -0.939278337918       1.2420754571          -0.939278337918       0.336224005429        -0.536274328447       
1.34320855022         1.20803041192         -0.919539139125       1.20803041192         -0.919539139125       0.327227899822        -0.524650640641       
1.35286724801         1.17489702988         -0.900229506051       1.17489702988         -0.900229506051       0.318448871386        -0.513294319202       
1.3625259458          1.14281289209         -0.881458573925       1.14281289209         -0.881458573925       0.309927532104        -0.502265619135       
1.37218464359         1.11158010178         -0.863110393306       1.11158010178         -0.863110393306       0.301610244153        -0.491496689399       
1.38184334138         1.08121486165         -0.845177399805       1.08121486165         -0.845177399805       0.293499976894        -0.480983642435       
1.39150203917         1.05176108598         -0.827693784629       1.05176108598         -0.827693784629       0.285619976488        -0.470744986749       
1.40116073696         1.02320113091         -0.810615713419       1.02320113091         -0.810615713419       0.277976326084        -0.460754132283       
1.41081943475         0.995329040385        -0.793858580627       0.995329040385        -0.793858580627       0.27046685824         -0.450962155345       
1.42047813254         0.968281530395        -0.77751791217        0.968281530395        -0.77751791217        0.263178173912        -0.441422630133       
1.43013683033         0.941902817661        -0.761404584579       0.941902817661        -0.761404584579       0.256038896884        -0.432042947714       
1.43979552812         0.916382333009        -0.745668120411       0.916382333009        -0.745668120411       0.249134457224        -0.422890104241       
1.44945422592         0.891637156665        -0.730290730942       0.891637156665        -0.730290730942       0.242439549826        -0.413951642089       
1.45911292371         0.867550548314        -0.71521230873        0.867550548314        -0.71521230873        0.235900706007        -0.405196115324       
1.4687716215          0.844248022375        -0.700470545528       0.844248022375        -0.700470545528       0.229583276733        -0.396643638494       
1.47843031929         0.821630502527        -0.68608500436        0.821630502527        -0.68608500436        0.223451932487        -0.388292805948       
1.48808901708         0.799645206705        -0.671999289135       0.799645206705        -0.671999289135       0.217487322319        -0.380123372722       
1.49774771487         0.778306044047        -0.658244103556       0.778306044047        -0.658244103556       0.211695876315        -0.372150700444       
1.50740641266         0.757605828714        -0.644777382039       0.757605828714        -0.644777382039       0.206074824756        -0.364351427786       
1.51706511045         0.737493258958        -0.631610842256       0.737493258958        -0.631610842256       0.200615797915        -0.356731370573       
1.52672380824         0.717984668301        -0.618715703205       0.717984668301        -0.618715703205       0.195318186986        -0.349274277142       
1.53638250603         0.699017289144        -0.606104613579       0.699017289144        -0.606104613579       0.190166691523        -0.34198601645        
1.54604120383         0.680642876489        -0.593780540185       0.680642876489        -0.593780540185       0.185180063793        -0.33486853753        
1.55569990162         0.662793980149        -0.581721651032       0.662793980149        -0.581721651032       0.180337062753        -0.327908981926       
1.56535859941         0.645468805652        -0.569916721804       0.645468805652        -0.569916721804       0.175640710937        -0.3211006257         
1.5750172972          0.628625054523        -0.558354098667       0.628625054523        -0.558354098667       0.171078137119        -0.314436478046       
1.58467599499         0.612300664552        -0.547067046038       0.612300664552        -0.547067046038       0.1666592962          -0.307934523129       
1.59433469278         0.596449410163        -0.536024381594       0.596449410163        -0.536024381594       0.162373213836        -0.301577604609       
1.60399339057         0.581130257481        -0.525292892437       0.581130257481        -0.525292892437       0.15823594008         -0.295402532336       
1.61365208836         0.56622357224         -0.51475441023        0.56622357224         -0.51475441023        0.154214947343        -0.28934266959        
1.62331078615         0.551772662506        -0.504528438165       0.551772662506        -0.504528438165       0.150317984665        -0.283464618978       
1.63296948394         0.537752157675        -0.494460802968       0.537752157675        -0.494460802968       0.146549495812        -0.277682553072       
1.64262818173         0.524159847075        -0.484680730382       0.524159847075        -0.484680730382       0.142896284813        -0.272067809392       
1.65228687953         0.510998705947        -0.47516913672        0.510998705947        -0.47516913672        0.139363212936        -0.266609672057       
1.66194557732         0.498252989222        -0.465917568158       0.498252989222        -0.465917568158       0.135945473057        -0.261303188634       
1.67160427511         0.485934494177        -0.456934658387       0.485934494177        -0.456934658387       0.132647598771        -0.256152761977       
1.6812629729          0.47404006095         -0.44823449176        0.47404006095         -0.44823449176        0.129465722957        -0.251166922858       
1.69092167069         0.463091021968        -0.440321435097       0.463091021968        -0.440321435097       0.126543546626        -0.246627100432       
1.70058036848         0.45590011875         -0.435904319729       0.45590011875         -0.435904319729       0.124648675573        -0.244049117652       
1.71023906627         0.448477865921        -0.431182432546       0.448477865921        -0.431182432546       0.122692226966        -0.241305654853       
1.71989776406         0.440948713998        -0.426303665914       0.440948713998        -0.426303665914       0.120707043618        -0.238472270696       
1.72955646185         0.433403782682        -0.421375968736       0.433403782682        -0.421375968736       0.118727115531        -0.235613777279       
1.73921515964         0.425803310053        -0.416345774075       0.425803310053        -0.416345774075       0.116724165717        -0.232701718498       
1.74887385744         0.418181424206        -0.411251478659       0.418181424206        -0.411251478659       0.114713518069        -0.229757578927       
1.75853255523         0.410568185156        -0.406116854793       0.410568185156        -0.406116854793       0.112703075355        -0.226794531606       
1.76819125302         0.402961057103        -0.40094163687        0.402961057103        -0.40094163687        0.110689979681        -0.223812930202       
1.77784995081         0.395378773732        -0.395737292105       0.395378773732        -0.395737292105       0.108682613871        -0.22081880491        
1.7875086486          0.387810347419        -0.390509710998       0.387810347419        -0.390509710998       0.10667194785         -0.217815449168       
1.79716734639         0.380287099219        -0.385268519127       0.380287099219        -0.385268519127       0.104671249305        -0.214808237709       
1.80682604418         0.372765562732        -0.380001049976       0.372765562732        -0.380001049976       0.102660967429        -0.211790876951       
1.81648474197         0.365270560853        -0.374709256803       0.365270560853        -0.374709256803       0.100650408164        -0.208765579932       
1.82614343976         0.357804444318        -0.369372064277       0.357804444318        -0.369372064277       0.0986404594404       -0.205722906418       
1.83580213755         0.350414185563        -0.364044792562       0.350414185563        -0.364044792562       0.0966494839279       -0.202688374968       
1.84546083534         0.343083846444        -0.358716595905       0.343083846444        -0.358716595905       0.0946705209761       -0.199656452363       
1.85511953314         0.335810122375        -0.353412616129       0.335810122375        -0.353412616129       0.0927008159671       -0.196642108099       
1.86477823093         0.328597792772        -0.348073536366       0.328597792772        -0.348073536366       0.0907440184682       -0.193610139583       
1.87443692872         0.321450722921        -0.342757563375       0.321450722921        -0.342757563375       0.0887982412774       -0.190595216136       
1.88409562651         0.314359080165        -0.337448317002       0.314359080165        -0.337448317002       0.0868612192447       -0.187588511141       
1.8937543243          0.307337183493        -0.332135704337       0.307337183493        -0.332135704337       0.0849368795543       -0.184581553054       
1.90341302209         0.30038509861         -0.326839707353       0.30038509861         -0.326839707353       0.0830265658918       -0.181587334074       
1.91307171988         0.293506778937        -0.321546674636       0.293506778937        -0.321546674636       0.0811311160793       -0.178598751031       
1.92273041767         0.286704215955        -0.316273644045       0.286704215955        -0.316273644045       0.0792510051976       -0.175620877176       
1.93238911546         0.279992159843        -0.311010232198       0.279992159843        -0.311010232198       0.0773964537659       -0.172650862893       
1.94204781325         0.273354436458        -0.305773967958       0.273354436458        -0.305773967958       0.0755560863127       -0.169698109606       
1.95170651105         0.266783771976        -0.300548842007       0.266783771976        -0.300548842007       0.0737283610413       -0.166754446394       
1.96136520884         0.260311367931        -0.295345362632       0.260311367931        -0.295345362632       0.0719252365756       -0.163825213055       
1.97102390663         0.253916477055        -0.290159254756       0.253916477055        -0.290159254756       0.0701395269716       -0.160908121182       
1.98068260442         0.247612428261        -0.284998308773       0.247612428261        -0.284998308773       0.0683769137962       -0.158007074518       
1.99034130221         0.241401518453        -0.27985152096        0.241401518453        -0.27985152096        0.0666379254397       -0.155116338902       
2                     0.235284409204        -0.274733721066       0.235284409204        -0.274733721066       0.0649231258905       -0.152243738476       
2.001                 0.234655711934        -0.274204425395       0.234655711934        -0.274204425395       0.0647467059676       -0.151946802775       
2.20778922054         0.128119791746        -0.174617152678       0.128119791746        -0.174617152678       0.0349635849657       -0.0963600345413      
2.41457844109         0.0622026801458       -0.1017037894         0.0622026801458       -0.1017037894         0.0165296822929       -0.056003890698       
2.62136766163         0.0260981798044       -0.053410550762       0.0260981798044       -0.053410550762       0.00645746444568      -0.0294021396205      
2.82815688218         0.00892762407204      -0.0250930447662      0.00892762407204      -0.0250930447662      0.00179760742993      -0.0138368387009      
3.03494610272         0.00212364937164      -0.0102910437006      0.00212364937164      -0.0102910437006      0.000108777552094     -0.00569752550293     
3.24173532327         8.59183507632e-05     -0.00353210220293     8.59183507632e-05     -0.00353210220293     -0.000254701470121    -0.00196947266691     
3.44852454381         -0.000213600132625    -0.00092340249488     -0.000213600132625    -0.00092340249488     -0.000186423759141    -0.000521020525201    
3.65531376436         -9.91286523914e-05    -0.000133242392246    -9.91286523914e-05    -0.000133242392246    -6.59625342247e-05    -7.69060235802e-05    
3.8621029849          -4.40724239089e-06    -1.20128006247e-06    -4.40724239089e-06    -1.20128006247e-06    -2.91680484962e-06    -7.4571339183e-07     
3.8631029849          -4.26411486344e-06    -1.14957569763e-06    -4.26411486344e-06    -1.14957569763e-06    -2.82326494569e-06    -7.13746225108e-07    
3.8801029849          -2.23867867479e-06    -4.77865637935e-07    -2.23867867479e-06    -4.77865637935e-07    -1.49340108227e-06    -2.95441115675e-07    
3.8971029849          -8.96033626698e-07    -9.80851197232e-08    -8.96033626698e-07    -9.80851197232e-08    -6.03184743502e-07    -5.49902564864e-08    
3.9141029849          -1.39789904303e-07    9.7731677837e-08      -1.39789904303e-07    9.7731677837e-08      -9.67243906636e-08    7.16789760004e-08     
3.9311029849          4.21041299434e-09     3.26525137216e-07     4.21041299434e-09     3.26525137216e-07     2.13849228317e-07     -1.06900858442e-07    
3.9481029849          5.69550058916e-09     8.19741813524e-07     5.69550058916e-09     8.19741813524e-07     1.87420925241e-07     2.63345962041e-07     
3.9651029849          5.85563209087e-09     1.32853640393e-06     5.85563209087e-09     1.32853640393e-06     1.65666093422e-07     6.48229426254e-07     
3.9821029849          5.31096625127e-09     1.78932511831e-06     5.31096625127e-09     1.78932511831e-06     1.46765591293e-07     1.0026435291e-06      
3.9831029849          5.26576030863e-09     1.81437123092e-06     5.26576030863e-09     1.81437123092e-06     1.45727377173e-07     1.02212568795e-06     
4.1630681199          -1.12037189723e-09    2.8704260844e-06      -1.12037189723e-09    2.8704260844e-06      3.95953367262e-08     2.06611504571e-06     
4.3430332549          -3.75077973733e-10    1.43940258366e-06     -3.75077973733e-10    1.43940258366e-06     9.92311244354e-09     1.11921447075e-06     
4.5229983899          5.57850922795e-11     4.85829512032e-07     5.57850922795e-11     4.85829512032e-07     2.22323879453e-09     4.02270901397e-07     
4.7029635249          2.75376120766e-11     1.18559905497e-07     2.75376120766e-11     1.18559905497e-07     4.09210601271e-10     1.04123406255e-07     
4.88292865991         -1.51134491839e-12    1.82683328553e-08     -1.51134491839e-12    1.82683328553e-08     4.99360757206e-11     1.70136447832e-08     
5.06289379491         -4.72815530187e-13    5.19304274739e-10     -4.72815530187e-13    5.19304274739e-10     1.11188316303e-12     5.15876091065e-10     
5.24285892991         9.20843831638e-10     2.11381673217e-12     9.20843831638e-10     2.11381673217e-12     9.71732198847e-10     -3.59687778719e-11    
5.42282406491         9.1857507217e-10      3.91967134528e-12     9.1857507217e-10      3.91967134528e-12     1.01360298616e-09     -4.89289081922e-11    
5.60278919991         4.72813928228e-10     3.23771229987e-12     4.72813928228e-10     3.23771229987e-12     5.44760120619e-10     -3.2017160163e-11     
5.78275433491         1.82770116321e-10     1.83818995747e-12     1.82770116321e-10     1.83818995747e-12     2.1963806694e-10      -1.50668497735e-11    
5.96271946991         5.88184949056e-11     8.18503628627e-13     5.88184949056e-11     8.18503628627e-13     7.36617316698e-11     -5.73293947328e-12    
6.14268460491         1.64655245583e-11     3.03684660013e-13     1.64655245583e-11     3.03684660013e-13     2.14761639415e-11     -1.85825624004e-12    
6.32264973991         4.1027304854e-12      9.70868075934e-14     4.1027304854e-12      9.70868075934e-14     5.57066623756e-12     -5.27810055068e-13    
6.50261487492         9.22392804951e-13     2.73047418268e-14     9.22392804951e-13     2.73047418268e-14     1.30335697862e-12     -1.33643942108e-13    
6.68258000992         1.88787219764e-13     6.85047151967e-15     1.88787219764e-13     6.85047151967e-15     2.77552641488e-13     -3.0512908443e-14     
6.86254514492         3.5351224781e-14      1.54662764685e-15     3.5351224781e-14      1.54662764685e-15     5.40704099131e-14     -6.32480178205e-15    
7.04251027992         6.10300723415e-15     3.17536334391e-16     6.10300723415e-15     3.17536334391e-16     9.71133511503e-15     -1.20110675285e-15    
7.22247541492         9.47437011999e-16     5.79505590478e-17     9.47437011999e-16     5.79505590478e-17     1.56855390209e-15     -2.04042977607e-16    
7.40244054992         1.70304736042e-16     1.21266229185e-17     1.70304736042e-16     1.21266229185e-17     2.93398748932e-16     -3.99620105846e-17    
7.58240568492         1.57683827896e-17     1.29618874301e-18     1.57683827896e-17     1.29618874301e-18     2.827498206e-17       -4.0168022064e-18     
7.76237081992         1.71693254166e-17     1.61759332722e-18     1.71693254166e-17     1.61759332722e-18     3.20540650495e-17     -4.7337314641e-18     
7.94233595492         1.85296505565e-17     1.98841468211e-18     1.85296505565e-17     1.98841468211e-18     3.60307300572e-17     -5.51520607716e-18    
8.12230108993         1.98402250276e-17     2.41187698303e-18     1.98402250276e-17     2.41187698303e-18     4.01994486088e-17     -6.36141412196e-18    
8.30226622493         2.10927464973e-17     2.89108794078e-18     2.10927464973e-17     2.89108794078e-18     4.45550072149e-17     -7.27241141426e-18    
8.48223135993         2.22796633664e-17     3.42903752959e-18     2.22796633664e-17     3.42903752959e-18     4.90925045929e-17     -8.24814393846e-18    
8.66219649493         2.33941021917e-17     4.02859815742e-18     2.33941021917e-17     4.02859815742e-18     5.38073389561e-17     -9.28846689459e-18    
8.84216162993         2.4429802121e-17      4.69252594596e-18     2.4429802121e-17      4.69252594596e-18     5.86951933033e-17     -1.03931608632e-17    
9.02212676493         2.53810557849e-17     5.42346285231e-18     2.53810557849e-17     5.42346285231e-18     6.37520199749e-17     -1.15619455156e-17    
9.20209189993         2.62426560831e-17     6.22393941717e-18     2.62426560831e-17     6.22393941717e-18     6.89740250649e-17     -1.27944912365e-17    
9.38205703493         2.7009848321e-17      7.09637796747e-18     2.7009848321e-17      7.09637796747e-18     7.43576530463e-17     -1.40904289682e-17    
9.56202216993         2.76782871797e-17     8.04309613604e-18     2.76782871797e-17     8.04309613604e-18     7.98995718438e-17     -1.54493585433e-17    
9.74198730494         2.82439980401e-17     9.06631058948e-18     2.82439980401e-17     9.06631058948e-18     8.55966585039e-17     -1.68708557312e-17    
9.92195243994         2.87033422183e-17     1.01681408783e-17     2.87033422183e-17     1.01681408783e-17     9.14459855607e-17     -1.83544781877e-17    
10.1019175749         2.90529857086e-17     1.13506133415e-17     2.90529857086e-17     1.13506133415e-17     9.7444808159e-17      -1.98997704733e-17    
10.2818827099         2.92898710708e-17     1.26156650138e-17     2.92898710708e-17     1.26156650138e-17     1.03590551982e-16     -2.15062682765e-17    
10.4618478449         2.94111921295e-17     1.39651474943e-17     2.94111921295e-17     1.39651474943e-17     1.09880802045e-16     -2.31735019606e-17    
10.6418129799         2.94143711932e-17     1.54008307461e-17     2.94143711932e-17     1.54008307461e-17     1.16313292527e-16     -2.49009995336e-17    
10.8217781149         2.92970385252e-17     1.69244068046e-17     2.92970385252e-17     1.69244068046e-17     1.22885898255e-16     -2.66882891274e-17    
11.0017432499         2.90570138312e-17     1.85374933762e-17     2.90570138312e-17     1.85374933762e-17     1.29596632167e-16     -2.85349010574e-17    
11.1817083849         2.8692289552e-17      2.02416373177e-17     2.8692289552e-17      2.02416373177e-17     1.36443645976e-16     -3.04404423002e-17    
11.3616735199         2.82010157715e-17     2.20383179869e-17     2.82010157715e-17     2.20383179869e-17     1.43425041693e-16     -3.24044416209e-17    
11.5416386549         2.75814865739e-17     2.39289504606e-17     2.75814865739e-17     2.39289504606e-17     1.50539187464e-16     -3.44263956714e-17    
11.7216037899         2.68321276977e-17     2.5914888618e-17      2.68321276977e-17     2.5914888618e-17      1.57784522484e-16     -3.65058578966e-17    
11.9015689249         2.59514853553e-17     2.79974280884e-17     2.59514853553e-17     2.79974280884e-17     1.65159570878e-16     -3.8642389801e-17     
12.08153406           2.49382160976e-17     3.01778090655e-17     2.49382160976e-17     3.01778090655e-17     1.72662939901e-16     -4.08355615215e-17    
12.261499195          2.37910776181e-17     3.24572189893e-17     2.37910776181e-17     3.24572189893e-17     1.80293315326e-16     -4.30849522657e-17    
12.44146433           2.25089204016e-17     3.48367951006e-17     2.25089204016e-17     3.48367951006e-17     1.88049456622e-16     -4.53901506346e-17    
12.621429465          2.10906801333e-17     3.73176268702e-17     2.10906801333e-17     3.73176268702e-17     1.95930192289e-16     -4.77507548486e-17    
12.8013946            1.95353707922e-17     3.99007583078e-17     1.95353707922e-17     3.99007583078e-17     2.03934415483e-16     -5.0166372891e-17     
12.981359735          1.78420783629e-17     4.25871901555e-17     1.78420783629e-17     4.25871901555e-17     2.12061079903e-16     -5.26366225828e-17    
13.16132487           1.60099551028e-17     4.53778819701e-17     1.60099551028e-17     4.53778819701e-17     2.20309195972e-16     -5.51611315997e-17    
13.341290005          1.40382143142e-17     4.82737540984e-17     1.40382143142e-17     4.82737540984e-17     2.28677827272e-16     -5.77395374402e-17    
13.52125514           1.19261255697e-17     5.12756895526e-17     1.19261255697e-17     5.12756895526e-17     2.37166087224e-16     -6.03714873537e-17    
13.701220275          9.67301035031e-18     5.43845357873e-17     9.67301035031e-18     5.43845357873e-17     2.45773136007e-16     -6.30566382354e-17    
13.88118541           7.27823805527e-18     5.76011063859e-17     7.27823805527e-18     5.76011063859e-17     2.5449817768e-16      -6.57946564938e-17    
14.061150545          4.74122235035e-18     6.09261826588e-17     4.74122235035e-18     6.09261826588e-17     2.63340457507e-16     -6.85852178959e-17    
14.24111568           2.06141782218e-18     6.43605151587e-17     2.06141782218e-18     6.43605151587e-17     2.72299259466e-16     -7.14280073952e-17    
14.421080815          -7.61683088998e-19    6.79048251179e-17     -7.61683088998e-19    6.79048251179e-17     2.81373903923e-16     -7.4322718945e-17     
14.60104595           -3.72855290371e-18    7.15598058099e-17     -3.72855290371e-18    7.15598058099e-17     2.9056374547e-16      -7.72690553011e-17    
14.781011085          -6.83963168765e-18    7.53261238418e-17     -6.83963168765e-18    7.53261238418e-17     2.99868170906e-16     -8.02667278167e-17    
14.96097622           -1.00953294267e-17    7.92044203786e-17     -1.00953294267e-17    7.92044203786e-17     3.09286597347e-16     -8.3315456231e-17     
15.140941355          -1.34960282109e-17    8.31953123049e-17     -1.34960282109e-17    8.31953123049e-17     3.18818470471e-16     -8.64149684542e-17    
15.32090649           -1.7042084245e-17     8.7299393327e-17      -1.7042084245e-17     8.7299393327e-17      3.28463262876e-16     -8.95650003502e-17    
15.500871625          -2.07338296996e-17    9.15172350179e-17     -2.07338296996e-17    9.15172350179e-17     3.38220472538e-16     -9.2765295519e-17     
15.68083676           -2.45715744177e-17    9.58493878094e-17     -2.45715744177e-17    9.58493878094e-17     3.48089621382e-16     -9.60156050786e-17    
15.860801895          -2.85556074884e-17    1.00296381933e-16     -2.85556074884e-17    1.00296381933e-16     3.58070253932e-16     -9.93156874488e-17    
16.04076703           -3.26861986995e-17    1.04858728314e-16     -3.26861986995e-17    1.04858728314e-16     3.68161936058e-16     -1.02665308138e-16    
16.220732165          -3.69635998791e-17    1.09536919418e-16     -3.69635998791e-17    1.09536919418e-16     3.78364253797e-16     -1.06064239529e-16    
16.4006973            -4.13880461351e-17    1.14331430062e-16     -4.13880461351e-17    1.14331430062e-16     3.8867681225e-16      -1.09512260677e-16    
16.580662435          -4.59597570022e-17    1.19242718171e-16     -4.59597570022e-17    1.19242718171e-16     3.99099234545e-16     -1.13009157099e-16    
16.76062757           -5.06789375022e-17    1.24271225515e-16     -5.06789375022e-17    1.24271225515e-16     4.09631160873e-16     -1.16554720578e-16    
16.940592705          -5.55457791267e-17    1.29417378391e-16     -5.55457791267e-17    1.29417378391e-16     4.20272247569e-16     -1.20148748966e-16    
17.12055784           -6.05604607473e-17    1.34681588288e-16     -6.05604607473e-17    1.34681588288e-16     4.31022166267e-16     -1.23791045995e-16    
17.300522975          -6.57231494588e-17    1.40064252508e-16     -6.57231494588e-17    1.40064252508e-16     4.41880603088e-16     -1.27481421088e-16    
17.48048811           -7.10340013624e-17    1.45565754759e-16     -7.10340013624e-17    1.45565754759e-16     4.52847257894e-16     -1.31219689184e-16    
17.660453245          -7.64931622916e-17    1.51186465726e-16     -7.64931622916e-17    1.51186465726e-16     4.63921843572e-16     -1.35005670554e-16    
17.84041838           -8.21007684867e-17    1.56926743603e-16     -8.21007684867e-17    1.56926743603e-16     4.7510408537e-16      -1.38839190636e-16    
18.020383515          -8.78569472215e-17    1.62786934609e-16     -8.78569472215e-17    1.62786934609e-16     4.86393720269e-16     -1.42720079868e-16    
18.20034865           -9.37618173863e-17    1.68767373478e-16     -9.37618173863e-17    1.68767373478e-16     4.97790496392e-16     -1.46648173525e-16    
18.380313785          -9.98154900289e-17    1.74868383919e-16     -9.98154900289e-17    1.74868383919e-16     5.09294172444e-16     -1.50623311565e-16    
18.56027892           -1.0601806886e-16     1.81090279064e-16     -1.0601806886e-16     1.81090279064e-16     5.20904517192e-16     -1.54645338478e-16    
18.740244055          -1.1236965072e-16     1.87433361886e-16     -1.1236965072e-16     1.87433361886e-16     5.32621308964e-16     -1.58714103138e-16    
18.92020919           -1.18870326022e-16    1.93897925605e-16     -1.18870326022e-16    1.93897925605e-16     5.44444335191e-16     -1.62829458664e-16    
19.100174325          -1.25520179153e-16    2.00484254071e-16     -1.25520179153e-16    2.00484254071e-16     5.56373391956e-16     -1.66991262279e-16    
19.28013946           -1.32319288857e-16    2.0719262213e-16      -1.32319288857e-16    2.0719262213e-16      5.68408283588e-16     -1.71199375183e-16    
19.460104595          -1.39267728589e-16    2.14023295973e-16     -1.39267728589e-16    2.14023295973e-16     5.80548822263e-16     -1.7545366242e-16     
19.64006973           -1.46365566847e-16    2.20976533472e-16     -1.46365566847e-16    2.20976533472e-16     5.92794827634e-16     -1.79753992756e-16    
19.820034865          -1.5361286748e-16     2.28052584497e-16     -1.5361286748e-16     2.28052584497e-16     6.05146126486e-16     -1.84100238563e-16    
20                    0                     0                     0                     0                     0                     0                     
