0.0779191396          0                     0                     0                     0                     0                     0                     
0.087577837391        1.74789555119         0.893519377032        1.74789555119         0.893519377032        0.462915643548        0.4041335401          
0.0972365351819       8.47807937628         3.98936708601         8.47807937628         3.98936708601         2.37748898996         1.78067025473         
0.106895232973        18.2770393898         7.87910623531         18.2770393898         7.87910623531         5.40323960717         3.46497684438         
0.116553930764        28.8103157605         11.3344997124         28.8103157605         11.3344997124         8.92316765636         4.89252863517         
0.126212628555        38.6625775587         13.8060793508         38.6625775587         13.8060793508         12.4728411547         5.81600344441         
0.135871326346        47.1703350663         15.2097971057         47.1703350663         15.2097971057         15.7694403106         6.20453209924         
0.145530024137        54.154690289          15.6360314483         54.154690289          15.6360314483         18.684875106          6.10562698213         
0.155188721928        59.636278202          15.2138890533         59.636278202          15.2138890533         21.1598762595         5.58064856395         
0.164847419719        63.7143080456         14.0759045142         63.7143080456         14.0759045142         23.1640425492         4.68580775473         
0.17450611751         66.4746418435         12.3945210744         66.4746418435         12.3945210744         24.6603910109         3.50609101067         
0.184164815301        68.0348133353         10.3430957083         68.0348133353         10.3430957083         25.637841017          2.13525484099         
0.193823513091        68.511161189          8.14113817963         68.511161189          8.14113817963         26.1025992148         0.704732723064        
0.203482210882        68.0955973558         5.98789272063         68.0955973558         5.98789272063         26.1250026536         -0.66262715828        
0.213140908673        66.9971966534         4.01574848331         66.9971966534         4.01574848331         25.8020658055         -1.8860674276         
0.222799606464        65.4381676872         2.27793943459         65.4381676872         2.27793943459         25.2464474825         -2.93601401621        
0.232458304255        63.571064898          0.76874548556         63.571064898          0.76874548556         24.535989918          -3.81982125674        
0.242117002046        61.5043862588         -0.526216364097       61.5043862588         -0.526216364097       23.7244097103         -4.5513467192         
0.251775699837        59.3217177897         -1.6196241805         59.3217177897         -1.6196241805         22.8524716392         -5.14282191788        
0.261434397628        57.0863353596         -2.53411035615        57.0863353596         -2.53411035615        21.9524091724         -5.60999409029        
0.271093095419        54.8537015997         -3.29187858035        54.8537015997         -3.29187858035        21.0528975374         -5.97101483976        
0.28075179321         52.6476997224         -3.91971338096        52.6476997224         -3.91971338096        20.1662117167         -6.2456769634         
0.290410491001        50.4963020203         -4.44440104396        50.4963020203         -4.44440104396        19.3045473566         -6.45343849635        
0.300069188792        48.4022225747         -4.88362021913        48.4022225747         -4.88362021913        18.4671474829         -6.60726337422        
0.309727886583        46.3691442728         -5.24754444961        46.3691442728         -5.24754444961        17.6539421288         -6.71473600384        
0.319386584374        44.3958281707         -5.53382573322        44.3958281707         -5.53382573322        16.8632480441         -6.77524885022        
0.329045282165        42.5022116029         -5.75557304553        42.5022116029         -5.75557304553        16.1053580413         -6.79730461999        
0.338703979956        40.6941978866         -5.91168518462        40.6941978866         -5.91168518462        15.3857118167         -6.78023752652        
0.348362677747        38.9486815554         -6.02982497233        38.9486815554         -6.02982497233        14.6876815961         -6.74161399358        
0.358021375538        37.2986078851         -6.0982932364         37.2986078851         -6.0982932364         14.0340407352         -6.6745203164         
0.367680073329        35.7333970243         -6.13285663998        35.7333970243         -6.13285663998        13.4179604886         -6.58923233042        
0.37733877112         34.2510291469         -6.14135837676        34.2510291469         -6.14135837676        12.8388333861         -6.49089133778        
0.386997468911        32.8460605736         -6.13034416917        32.8460605736         -6.13034416917        12.2936469928         -6.3839468689         
0.396656166702        31.5152110056         -6.10554387413        31.5152110056         -6.10554387413        11.7807323774         -6.27210518589        
0.406314864492        30.2532466878         -6.07059454163        30.2532466878         -6.07059454163        11.2972116296         -6.15776411974        
0.415973562283        29.0535140094         -6.02945514694        29.0535140094         -6.02945514694        10.8394253665         -6.04346091814        
0.425632260074        27.9123444963         -5.98227368501        27.9123444963         -5.98227368501        10.4054633822         -5.92917063937        
0.435290957865        26.8252995283         -5.93063128169        26.8252995283         -5.93063128169        9.99289888214         -5.81581157035        
0.444949655656        25.7880023229         -5.87477054319        25.7880023229         -5.87477054319        9.59968870657         -5.70335010165        
0.454608353447        24.7971817982         -5.81504324896        24.7971817982         -5.81504324896        9.22394907495         -5.59189192792        
0.464267051238        23.8505229218         -5.75134625715        23.8505229218         -5.75134625715        8.86491811851         -5.48115312488        
0.473925749029        22.9456969959         -5.68380783154        22.9456969959         -5.68380783154        8.52156007917         -5.37107090118        
0.48358444682         22.0796834045         -5.6121152412         22.0796834045         -5.6121152412         8.19253384102         -5.26124498368        
0.493243144611        21.250930684          -5.53632001447        21.250930684          -5.53632001447        7.87743354497         -5.15150537263        
0.502901842402        20.4584809634         -5.45668682432        20.4584809634         -5.45668682432        7.57599757214         -5.04192755554        
0.512560540193        19.7008030117         -5.37373093574        19.7008030117         -5.37373093574        7.2876883997          -4.93268495448        
0.522219237984        18.9752687953         -5.28722135318        18.9752687953         -5.28722135318        7.01165373599         -4.82340587218        
0.531877935775        18.2833171819         -5.19845552917        18.2833171819         -5.19845552917        6.74850901488         -4.71500065818        
0.541536633566        17.6212073978         -5.10693046812        17.6212073978         -5.10693046812        6.49698696258         -4.60685491592        
0.551195331357        16.9888608287         -5.01366255694        16.9888608287         -5.01366255694        6.25716130577         -4.49959465035        
0.560854029148        16.3845821543         -4.91905026996        16.3845821543         -4.91905026996        6.02838031735         -4.3933438223         
0.570512726939        15.8068343274         -4.82328969899        15.8068343274         -4.82328969899        5.81012386305         -4.28812053833        
0.58017142473         15.2554073825         -4.72695763839        15.2554073825         -4.72695763839        5.60236536778         -4.18433313343        
0.589830122521        14.7289206322         -4.6310894474         14.7289206322         -4.6310894474         5.40461666787         -4.08237775502        
0.599488820312        14.2262224072         -4.53621487274        14.2262224072         -4.53621487274        5.21653208178         -3.98255906511        
0.609147518103        13.7450797195         -4.44161465386        13.7450797195         -4.44161465386        5.03689654253         -3.88451894717        
0.618806215893        13.2839891555         -4.34726890118        13.2839891555         -4.34726890118        4.86534184216         -3.78808325364        
0.628464913684        12.8445709823         -4.25462626681        12.8445709823         -4.25462626681        4.70264450979         -3.69416623401        
0.638123611475        12.424202082          -4.16405783146        12.424202082          -4.16405783146        4.54753784401         -3.60292730612        
0.647782309266        12.0219622295         -4.07545810491        12.0219622295         -4.07545810491        4.3996755068          -3.5142401288         
0.657441007057        11.6369854898         -3.98907408854        11.6369854898         -3.98907408854        4.25864239496         -3.42823214224        
0.667099704848        11.2683307616         -3.90482206479        11.2683307616         -3.90482206479        4.1240626401          -3.34479528508        
0.676758402639        10.9144999298         -3.82280366596        10.9144999298         -3.82280366596        3.99523528309         -3.26392010218        
0.68641710043         10.5752335653         -3.74313689091        10.5752335653         -3.74313689091        3.87209436327         -3.18567004822        
0.696075798221        10.2494314305         -3.665652143          10.2494314305         -3.665652143          3.75412515042         -3.10986435348        
0.705734496012        9.93675463968         -3.5905950336         9.93675463968         -3.5905950336         3.6411626401          -3.03665214155        
0.715393193803        9.63577763681         -3.51769019506        9.63577763681         -3.51769019506        3.53259736509         -2.96577765096        
0.725051891594        9.3462941331          -3.4469608629         9.3462941331          -3.4469608629         3.42834553595         -2.89722989846        
0.734710589385        9.06765400225         -3.3784328343         9.06765400225         -3.3784328343         3.32813828675         -2.83099213073        
0.744369287176        8.7992042415          -3.3119002352         8.7992042415          -3.3119002352         3.23164194542         -2.76689201662        
0.754027984967        8.54049826389         -3.24744044138        8.54049826389         -3.24744044138        3.13875127239         -2.70493629545        
0.763686682758        8.29066684917         -3.18473353613        8.29066684917         -3.18473353613        3.04902306703         -2.6448719185         
0.773345380549        8.04964783584         -3.12381695375        8.04964783584         -3.12381695375        2.96246447752         -2.58670918379        
0.78300407834         7.81680154119         -3.0646292499         7.81680154119         -3.0646292499         2.87879423158         -2.53037318573        
0.792662776131        7.59147009087         -3.00696729413        7.59147009087         -3.00696729413        2.79779362105         -2.47567559662        
0.802321473922        7.37408479886         -2.95096095649        7.37408479886         -2.95096095649        2.71956992451         -2.42272417796        
0.811980171713        7.16353866556         -2.89632013725        7.16353866556         -2.89632013725        2.64372863161         -2.37125629399        
0.821638869504        6.95948156407         -2.84296927455        6.95948156407         -2.84296927455        2.570111028           -2.32120243207        
0.831297567294        6.76223789197         -2.79089020043        6.76223789197         -2.79089020043        2.49890360006         -2.27252967925        
0.840956265085        6.57103471571         -2.73997811908        6.57103471571         -2.73997811908        2.4297485203          -2.22515609942        
0.850614962876        6.38535605307         -2.69001885279        6.38535605307         -2.69001885279        2.36248132835         -2.17887954608        
0.860273660667        6.20555452844         -2.64118069542        6.20555452844         -2.64118069542        2.29723432752         -2.13383486092        
0.869932358458        6.03096438548         -2.59316470608        6.03096438548         -2.59316470608        2.23377286646         -2.08977152579        
0.879591056249        5.8615458849          -2.54604317921        5.8615458849          -2.54604317921        2.17207422926         -2.04673056614        
0.88924975404         5.69706581272         -2.49972827911        5.69706581272         -2.49972827911        2.11207452575         -2.00463123599        
0.898908451831        5.5373609284          -2.45412444588        5.5373609284          -2.45412444588        2.05371032352         -1.96339453089        
0.908567149622        5.3818685018          -2.4090631234         5.3818685018          -2.4090631234         1.99675792286         -1.92287835709        
0.918225847413        5.23097094172         -2.36479478567        5.23097094172         -2.36479478567        1.94144387693         -1.88324457259        
0.927884545204        5.08417449152         -2.32101927438        5.08417449152         -2.32101927438        1.88754965291         -1.84426189997        
0.937543242995        4.94108044626         -2.27770739421        4.94108044626         -2.27770739421        1.83490978411         -1.80590239078        
0.947201940786        4.80190977315         -2.23468658308        4.80190977315         -2.23468658308        1.78365973658         -1.76803896402        
0.956860638577        4.66595700128         -2.19194751498        4.66595700128         -2.19194751498        1.73351829072         -1.7306263781         
0.966519336368        4.53291973822         -2.14938227607        4.53291973822         -2.14938227607        1.68438488047         -1.69357070166        
0.976178034159        4.40164484004         -2.10631063289        4.40164484004         -2.10631063289        1.63585314658         -1.65634562925        
0.98583673195         4.26460278805         -2.05910657142        4.26460278805         -2.05910657142        1.58513558821         -1.61610863611        
0.995495429741        4.12677268398         -2.01023750559        4.12677268398         -2.01023750559        1.53410407096         -1.57474711734        
1.00515412753         3.99469506773         -1.96298053704        3.99469506773         -1.96298053704        1.48520311875         -1.53481599631        
1.01481282532         3.86791109259         -1.91715061646        3.86791109259         -1.91715061646        1.43823537261         -1.49619459302        
1.02447152311         3.74592991663         -1.87252858902        3.74592991663         -1.87252858902        1.39303314097         -1.45870515088        
1.0341302209          3.62846941447         -1.82905539298        3.62846941447         -1.82905539298        1.34950078431         -1.42228799866        
1.0437889187          3.51554978588         -1.78676905159        3.51554978588         -1.78676905159        1.30764549661         -1.38696677018        
1.05344761649         3.40650795855         -1.74538832253        3.40650795855         -1.74538832253        1.26723351704         -1.35251046903        
1.06310631428         3.3015021257          -1.7050664238         3.3015021257          -1.7050664238         1.22832274            -1.31903016674        
1.07276501207         3.20019447617         -1.66567854463        3.20019447617         -1.66567854463        1.19079383591         -1.28641847055        
1.08242370986         3.10259033419         -1.62728593783        3.10259033419         -1.62728593783        1.15465399888         -1.25471295254        
1.09208240765         3.00843479535         -1.58979676526        3.00843479535         -1.58979676526        1.11978843582         -1.2238423798         
1.10174110544         2.91753196257         -1.55322564848        2.91753196257         -1.55322564848        1.08616984328         -1.19379048341        
1.11139980323         2.82969346192         -1.517318389          2.82969346192         -1.517318389          1.05365234135         -1.16441904263        
1.12105850102         2.7450304983          -1.48225187506        2.7450304983          -1.48225187506        1.02236417783         -1.13581860537        
1.13071719881         2.66345154834         -1.44811300148        2.66345154834         -1.44811300148        0.992257010392        -1.10802103216        
1.14037589661         2.584725923           -1.41479573072        2.584725923           -1.41479573072        0.963237652418        -1.08095470378        
1.1500345944          2.50876255156         -1.38238116042        2.50876255156         -1.38238116042        0.935263456192        -1.0546677219         
1.15969329219         2.43563257741         -1.35086542803        2.43563257741         -1.35086542803        0.908378064013        -1.02915101967        
1.16935198998         2.36504384684         -1.31994148817        2.36504384684         -1.31994148817        0.882487819559        -1.0041881643         
1.17901068777         2.29674193723         -1.29012048691        2.29674193723         -1.29012048691        0.857403383832        -0.980123521184       
1.18866938556         2.23066321997         -1.26087572563        2.23066321997         -1.26087572563        0.833184235526        -0.956581415951       
1.19832808335         2.16727988334         -1.23264591505        2.16727988334         -1.23264591505        0.809981323396        -0.933884471823       
1.20798678114         2.10573385589         -1.20499970487        2.10573385589         -1.20499970487        0.787473415752        -0.911699503053       
1.21764547893         2.04638694344         -1.17817700775        2.04638694344         -1.17817700775        0.765789755939        -0.890204493249       
1.22730417672         1.98896773952         -1.15205035812        1.98896773952         -1.15205035812        0.744829344667        -0.869299476672       
1.23696287451         1.9336365823          -1.12674427307        1.9336365823          -1.12674427307        0.724647635461        -0.849075553063       
1.24662157231         1.87983950809         -1.10195225245        1.87983950809         -1.10195225245        0.705039570791        -0.829298850818       
1.2562802701          1.82792570926         -1.07792109102        1.82792570926         -1.07792109102        0.686127774326        -0.810154330722       
1.26593896789         1.777744894           -1.05456837464        1.777744894           -1.05456837464        0.667863353772        -0.791572350603       
1.27559766568         1.72916124372         -1.03186945322        1.72916124372         -1.03186945322        0.650180992566        -0.773533963673       
1.28525636347         1.68224175238         -1.0098501449         1.68224175238         -1.0098501449         0.633114340533        -0.756057432362       
1.29491506126         1.63667329822         -0.988374539661       1.63667329822         -0.988374539661       0.616535273473        -0.739036945451       
1.30457375905         1.59251505747         -0.967472418642       1.59251505747         -0.967472418642       0.600473296844        -0.72249305763        
1.31423245684         1.54979435572         -0.947176239638       1.54979435572         -0.947176239638       0.584929034026        -0.706450245249       
1.32389115463         1.50839122695         -0.927465381366       1.50839122695         -0.927465381366       0.569860125887        -0.690887111054       
1.33354985242         1.46838726312         -0.908372721473       1.46838726312         -0.908372721473       0.55532370305         -0.675824389827       
1.34320855022         1.42943357539         -0.88957352714        1.42943357539         -0.88957352714        0.541114189524        -0.661041000388       
1.35286724801         1.39168838019         -0.871405404412       1.39168838019         -0.871405404412       0.527363760224        -0.646736545934       
1.3625259458          1.35516372814         -0.853813216027       1.35516372814         -0.853813216027       0.514051677177        -0.632895232945       
1.37218464359         1.31965459505         -0.836688175675       1.31965459505         -0.836688175675       0.501095110128        -0.619436206827       
1.38184334138         1.28515838384         -0.820013793995       1.28515838384         -0.820013793995       0.488491555322        -0.606348791102       
1.39150203917         1.25167042717         -0.803801445355       1.25167042717         -0.803801445355       0.476241289491        -0.593638534978       
1.40116073696         1.21914273059         -0.788008558199       1.21914273059         -0.788008558199       0.464326322437        -0.58127472415        
1.41081943475         1.18747725805         -0.772649663084       1.18747725805         -0.772649663084       0.452693189412        -0.569264635702       
1.42047813254         1.15680767011         -0.757640066231       1.15680767011         -0.757640066231       0.441442632556        -0.557546271849       
1.43013683033         1.12691245492         -0.74303311716        1.12691245492         -0.74303311716        0.430432296744        -0.546157721372       
1.43979552812         1.09788951298         -0.728803268283       1.09788951298         -0.728803268283       0.419729570191        -0.535078719739       
1.44945422592         1.06961809177         -0.71490230797        1.06961809177         -0.71490230797        0.409279443692        -0.524272346601       
1.45911292371         1.0421418334          -0.70134197036        1.0421418334          -0.70134197036        0.399106374634        -0.513746833142       
1.4687716215          1.01540434102         -0.688105719086       1.01540434102         -0.688105719086       0.389182959322        -0.503488579683       
1.47843031929         0.989377648928        -0.675169146946       0.989377648928        -0.675169146946       0.379504749982        -0.49347867629        
1.48808901708         0.964045570699        -0.662519839168       0.964045570699        -0.662519839168       0.370067723275        -0.483706548316       
1.49774771487         0.939400701386        -0.650163484649       0.939400701386        -0.650163484649       0.360863278789        -0.474176545632       
1.50740641266         0.915408104965        -0.63807690482        0.915408104965        -0.63807690482        0.351884616837        -0.464870005427       
1.51706511045         0.892035094121        -0.626240178429       0.892035094121        -0.626240178429       0.343117140239        -0.455771553811       
1.52672380824         0.869305346424        -0.614672583538       0.869305346424        -0.614672583538       0.334574701106        -0.446893969951       
1.53638250603         0.847173320097        -0.603332398223       0.847173320097        -0.603332398223       0.326240122322        -0.438206782713       
1.54604120383         0.825644438132        -0.592260594538       0.825644438132        -0.592260594538       0.318116027216        -0.429737291776       
1.55569990162         0.804682378265        -0.581397736812       0.804682378265        -0.581397736812       0.310188622125        -0.421442594102       
1.56535859941         0.784268054933        -0.570731952393       0.784268054933        -0.570731952393       0.302459350389        -0.413313579327       
1.5750172972          0.764319876568        -0.560254786824       0.764319876568        -0.560254786824       0.294884370376        -0.405341824051       
1.58467599499         0.744990113482        -0.550014117706       0.744990113482        -0.550014117706       0.287537059926        -0.397562272275       
1.59433469278         0.726064474346        -0.539883497717       0.726064474346        -0.539883497717       0.280318753411        -0.389891510589       
1.60399339057         0.707752705091        -0.52998697065        0.707752705091        -0.52998697065        0.273330622237        -0.382412449912       
1.61365208836         0.689978515167        -0.520285404624       0.689978515167        -0.520285404624       0.266557134776        -0.375088129011       
1.62331078615         0.672605211334        -0.510722837368       0.672605211334        -0.510722837368       0.259904085812        -0.36788664009        
1.63296948394         0.65577675072         -0.501366556801       0.65577675072         -0.501366556801       0.253469161703        -0.360848562762       
1.64262818173         0.63945821801         -0.492211797727       0.63945821801         -0.492211797727       0.24722882425         -0.353969017294       
1.65228687953         0.623646807763        -0.48329233113        0.623646807763        -0.48329233113        0.241181858087        -0.347266676778       
1.66194557732         0.608300371156        -0.474583425218       0.608300371156        -0.474583425218       0.235308634061        -0.340729134436       
1.67160427511         0.593432077082        -0.466113578754       0.593432077082        -0.466113578754       0.229614566225        -0.334376972972       
1.6812629729          0.57907853649         -0.457854370793       0.57907853649         -0.457854370793       0.224122639179        -0.328188480443       
1.69092167069         0.5658515553          -0.450338693155       0.5658515553          -0.450338693155       0.219061499575        -0.322546663033       
1.70058036848         0.557192691969        -0.446360893186       0.557192691969        -0.446360893186       0.215766138775        -0.319447888818       
1.71023906627         0.548242579383        -0.442039487864       0.548242579383        -0.442039487864       0.21235842929         -0.316111284369       
1.71989776406         0.539162167216        -0.43751617789        0.539162167216        -0.43751617789        0.208901690621        -0.312638014459       
1.72955646185         0.530056292692        -0.432853188945       0.530056292692        -0.432853188945       0.205442815369        -0.309071554058       
1.73921515964         0.520841929371        -0.428035015575       0.520841929371        -0.428035015575       0.201928158187        -0.305404584018       
1.74887385744         0.511659112524        -0.423124829014       0.511659112524        -0.423124829014       0.198433808609        -0.301678654242       
1.75853255523         0.502499443524        -0.418134572529       0.502499443524        -0.418134572529       0.194951271725        -0.297902996526       
1.76819125302         0.493370511747        -0.413069192404       0.493370511747        -0.413069192404       0.191482504475        -0.294081613516       
1.77784995081         0.484277385779        -0.407935974146       0.484277385779        -0.407935974146       0.188028711123        -0.290219287593       
1.7875086486          0.47521195516         -0.40280215591        0.47521195516         -0.40280215591        0.184580044851        -0.286363295016       
1.79716734639         0.466254806623        -0.397527518257       0.466254806623        -0.397527518257       0.18119183121         -0.282416173674       
1.80682604418         0.457337827231        -0.392268236677       0.457337827231        -0.392268236677       0.177811753996        -0.278486130519       
1.81648474197         0.448492255718        -0.386978589999       0.448492255718        -0.386978589999       0.174461297817        -0.274541997077       
1.82614343976         0.439698320993        -0.381645699574       0.439698320993        -0.381645699574       0.171126797453        -0.270572299867       
1.83580213755         0.431019424701        -0.376348191454       0.431019424701        -0.376348191454       0.167846199342        -0.266638118865       
1.84546083534         0.422405234107        -0.371015322593       0.422405234107        -0.371015322593       0.164587142694        -0.262683937201       
1.85511953314         0.413872329533        -0.365677953753       0.413872329533        -0.365677953753       0.16135883566         -0.258733895889       
1.86477823093         0.405426150481        -0.360343025305       0.405426150481        -0.360343025305       0.15816335175         -0.254792045333       
1.87443692872         0.397070405093        -0.35501075778        0.397070405093        -0.35501075778        0.155002203921        -0.250859329046       
1.88409562651         0.388795437877        -0.349668542001       0.388795437877        -0.349668542001       0.151868276073        -0.246927489941       
1.8937543243          0.380659250925        -0.344400364973       0.380659250925        -0.344400364973       0.148797179489        -0.243046576764       
1.90341302209         0.372576598027        -0.339113189648       0.372576598027        -0.339113189648       0.145736628345        -0.239159813909       
1.91307171988         0.364586361739        -0.333866640973       0.364586361739        -0.333866640973       0.142710383231        -0.235307138304       
1.92273041767         0.356685909621        -0.328641845082       0.356685909621        -0.328641845082       0.139715076812        -0.231476067303       
1.93238911546         0.348870259544        -0.323445540087       0.348870259544        -0.323445540087       0.136747199259        -0.227671131258       
1.94204781325         0.341151619673        -0.318278943694       0.341151619673        -0.318278943694       0.133814855731        -0.223893410293       
1.95170651105         0.333519110046        -0.31313777497        0.333519110046        -0.31313777497        0.130909326814        -0.220140068948       
1.96136520884         0.325975747288        -0.308028223422       0.325975747288        -0.308028223422       0.128032363492        -0.216414674031       
1.97102390663         0.318514795159        -0.302946668275       0.318514795159        -0.302946668275       0.125180562767        -0.212715137582       
1.98068260442         0.31115683201         -0.297905197372       0.31115683201         -0.297905197372       0.122364791278        -0.209049501173       
1.99034130221         0.30385237748         -0.292854395406       0.30385237748         -0.292854395406       0.119557457208        -0.205387708553       
2                     0.296653858673        -0.287831722948       0.296653858673        -0.287831722948       0.116787740497        -0.201752402186       
2.001                 0.295915992697        -0.287312899998       0.295915992697        -0.287312899998       0.116503808028        -0.201377199017       
2.20311373849         0.169067349261        -0.190905457494       0.169067349261        -0.190905457494       0.0668000110438       -0.132475755221       
2.40522747698         0.0872819206161       -0.11515116428        0.0872819206161       -0.11515116428        0.0343803879341       -0.0793189346969      
2.60734121547         0.0401192234412       -0.0637825007328      0.0401192234412       -0.0637825007328      0.0155466456765       -0.0437069633315      
2.80945495396         0.016001656426        -0.0318840203215      0.016001656426        -0.0318840203215      0.00593172794441      -0.0217767058538      
3.01156869245         0.00521343196835      -0.0142488703994      0.00521343196835      -0.0142488703994      0.00170287050819      -0.00971825710077     
3.21368243094         0.00119199648293      -0.00556107912801     0.00119199648293      -0.00556107912801     0.000219077011106     -0.00379553680495     
3.41579616943         5.77079666564e-05     -0.00181988650337     5.77079666564e-05     -0.00181988650337     -0.000119449431709    -0.00124620590326     
3.61790990792         -0.000101121901223    -0.000455860494471    -0.000101121901223    -0.000455860494471    -0.000102579418313    -0.000314344754389    
3.82002364641         -4.6116729126e-05     -6.40130702375e-05    -4.6116729126e-05     -6.40130702375e-05    -3.64821942034e-05    -4.47936057912e-05    
4.0221373849          -2.10217258081e-06    -6.05380369873e-07    -2.10217258081e-06    -6.05380369873e-07    -1.6391855216e-06     -4.44948601624e-07    
4.0231373849          -2.03338922022e-06    -5.79077567387e-07    -2.03338922022e-06    -5.79077567387e-07    -1.58607161506e-06    -4.25657800919e-07    
4.0401373849          -1.06229051558e-06    -2.38819151629e-07    -1.06229051558e-06    -2.38819151629e-07    -8.33660230576e-07    -1.74772192122e-07    
4.0571373849          -4.2236740631e-07     -4.8417859507e-08     -4.2236740631e-07     -4.8417859507e-08     -3.34240637241e-07    -3.26221290176e-08    
4.0741373849          -6.44127150142e-08    4.84431956031e-08     -6.44127150142e-08    4.84431956031e-08     -5.28094406385e-08    4.0922408946e-08      
4.0911373849          3.49293493916e-09     1.56549315276e-07     3.49293493916e-09     1.56549315276e-07     5.38768532238e-10     1.26870528165e-07     
4.1081373849          3.9680667975e-09      3.84893187867e-07     3.9680667975e-09      3.84893187867e-07     1.08025729137e-09     3.11442901834e-07     
4.1251373849          3.69346541458e-09     6.17361189953e-07     3.69346541458e-09     6.17361189953e-07     1.28676381799e-09     5.01640267071e-07     
4.1421373849          3.08362826738e-09     8.25005254321e-07     3.08362826738e-09     8.25005254321e-07     1.28940048433e-09     6.73722900561e-07     
4.1431373849          3.04264315506e-09     8.36200601703e-07     3.04264315506e-09     8.36200601703e-07     1.28528107335e-09     6.83070819997e-07     
4.32332900553         -9.08221996375e-10    1.24563853479e-06     -9.08221996375e-10    1.24563853479e-06     -9.5697684133e-11     1.07089897062e-06     
4.50352062615         -2.11751833618e-10    5.92634482565e-07     -2.11751833618e-10    5.92634482565e-07     -7.97721496585e-11    5.33125251898e-07     
4.68371224678         4.06104193694e-11     1.90878435202e-07     4.06104193694e-11     1.90878435202e-07     1.76454296112e-12     1.79130166324e-07     
4.8639038674          1.64452216793e-11     4.49509017301e-08     1.64452216793e-11     4.49509017301e-08     4.02105179956e-12     4.39264754147e-08     
5.04409548803         -6.61300715852e-13    6.92753460054e-09     -6.61300715852e-13    6.92753460054e-09     4.81043186346e-14     7.04086540404e-09     
5.22428710866         -3.70513160847e-13    2.9492257091e-10      -3.70513160847e-13    2.9492257091e-10      -8.43587204357e-14    3.11513113123e-10     
5.40447872928         2.12024973468e-10     6.7022746219e-13      2.12024973468e-10     6.7022746219e-13      2.32638081855e-10     1.7310805176e-13      
5.58467034991         2.30792486855e-10     1.34723530164e-12     2.30792486855e-10     1.34723530164e-12     2.6305651264e-10      3.37830183895e-13     
5.76486197054         1.16382877104e-10     1.08304956497e-12     1.16382877104e-10     1.08304956497e-12     1.37786302417e-10     1.62267480111e-13     
5.94505359116         4.31830128176e-11     5.86626537692e-13     4.31830128176e-11     5.86626537692e-13     5.30709545602e-11     3.53237426469e-14     
6.12524521179         1.32404591908e-11     2.47486693438e-13     1.32404591908e-11     2.47486693438e-13     1.68823179101e-11     8.51772118637e-16     
6.30543683241         3.5189111169e-12      8.67283775197e-14     3.5189111169e-12      8.67283775197e-14     4.65305184354e-12     -2.67355577414e-15    
6.48562845304         8.30791054443e-13     2.61451016224e-14     8.30791054443e-13     2.61451016224e-14     1.1388590486e-12      -1.2894343302e-15     
6.66582007367         1.76779787424e-13     6.92750260078e-15     1.76779787424e-13     6.92750260078e-15     2.51171197208e-13     -4.02102197402e-16    
6.84601169429         3.42123594222e-14     1.63620446177e-15     3.42123594222e-14     1.63620446177e-15     5.03757256516e-14     -9.73266534708e-17    
7.02620331492         6.06274824291e-15     3.48089385651e-16     6.06274824291e-15     3.48089385651e-16     9.25048965818e-15     -1.99977696253e-17    
7.20639493554         9.66278957355e-16     6.56980226648e-17     9.66278957355e-16     6.56980226648e-17     1.52780427051e-15     -3.4469430301e-18     
7.38658655617         1.47673527612e-16     1.17538211837e-17     1.47673527612e-16     1.17538211837e-17     2.419630547e-16       -5.47158094672e-19    
7.5667781768          1.3891453752e-17      1.28171481396e-18     1.3891453752e-17      1.28171481396e-18     2.35896775313e-17     -5.02434916651e-20    
7.74696979742         1.5344732285e-17      1.62746029839e-18     1.5344732285e-17      1.62746029839e-18     2.70111383435e-17     -5.15723070979e-20    
7.92716141805         1.67813705086e-17     2.0310361851e-18      1.67813705086e-17     2.0310361851e-18      3.06265044574e-17     -4.89550233526e-20    
8.10735303868         1.8192145729e-17      2.49662882102e-18     1.8192145729e-17      2.49662882102e-18     3.44309299396e-17     -4.06650785776e-20    
8.2875446593          1.95686858037e-17     3.02828394652e-18     1.95686858037e-17     3.02828394652e-18     3.84198314267e-17     -2.55764630168e-20    
8.46773627993         2.09033878304e-17     3.62990277312e-18     2.09033878304e-17     3.62990277312e-18     4.25886862299e-17     -3.99325825057e-21    
8.64792790055         2.21893441171e-17     4.30524034372e-18     2.21893441171e-17     4.30524034372e-18     4.69316615922e-17     2.60281560598e-20     
8.82811952118         2.34202750423e-17     5.05790567184e-18     2.34202750423e-17     5.05790567184e-18     5.14451902496e-17     6.5859885794e-20      
9.00831114181         2.45904683442e-17     5.89136325264e-18     2.45904683442e-17     5.89136325264e-18     5.61255819202e-17     1.16571692745e-19     
9.18850276243         2.56947243384e-17     6.80893561726e-18     2.56947243384e-17     6.80893561726e-18     6.09694533358e-17     1.79211325853e-19     
9.36869438306         2.67283065613e-17     7.81380666662e-18     2.67283065613e-17     7.81380666662e-18     6.59740779925e-17     2.54099676291e-19     
9.54888600368         2.76868973436e-17     8.90902557305e-18     2.76868973436e-17     8.90902557305e-18     7.11346788043e-17     3.41824325712e-19     
9.72907762431         2.85665578491e-17     1.00975110808e-17     2.85665578491e-17     1.00975110808e-17     7.64486384256e-17     4.44241487017e-19     
9.90926924494         2.93636921374e-17     1.13820560713e-17     2.93636921374e-17     1.13820560713e-17     8.19133752266e-17     5.62289004644e-19     
10.0894608656         3.00750148494e-17     1.27653322863e-17     3.00750148494e-17     1.27653322863e-17     8.75263939099e-17     6.96876161289e-19     
10.2696524862         3.0697522144e-17      1.42498951264e-17     3.0697522144e-17      1.42498951264e-17     9.32853535232e-17     8.48883441886e-19     
10.4498441068         3.1228465551e-17      1.58381884581e-17     3.1228465551e-17      1.58381884581e-17     9.91880849574e-17     1.01916254633e-18     
10.6300357274         3.16653284385e-17     1.75325493807e-17     3.16653284385e-17     1.75325493807e-17     1.05232637874e-16     1.20853660147e-18     
10.8102273481         3.20058048191e-17     1.93352129132e-17     3.20058048191e-17     1.93352129132e-17     1.11417635181e-16     1.41729352783e-18     
10.9904189687         3.22477802539e-17     2.1248316573e-17      3.22477802539e-17     2.1248316573e-17      1.17739754774e-16     1.64559074847e-18     
11.1706105893         3.23893146316e-17     2.32739048248e-17     3.23893146316e-17     2.32739048248e-17     1.24197463324e-16     1.89514332361e-18     
11.3508022099         3.24286266298e-17     2.54139333858e-17     3.24286266298e-17     2.54139333858e-17     1.30789308186e-16     2.16666456656e-18     
11.5309938306         3.23640796808e-17     2.76702733747e-17     3.23640796808e-17     2.76702733747e-17     1.37513821036e-16     2.46084221769e-18     
11.7111854512         3.21941692886e-17     3.00447153016e-17     3.21941692886e-17     3.00447153016e-17     1.44369600033e-16     2.77833917969e-18     
11.8913770718         3.19175115548e-17     3.25389728924e-17     3.19175115548e-17     3.25389728924e-17     1.51355320616e-16     3.11979427943e-18     
12.0715686925         3.15328327925e-17     3.51546867494e-17     3.15328327925e-17     3.51546867494e-17     1.58469735878e-16     3.48582304542e-18     
12.2517603131         3.10389601137e-17     3.7893427848e-17      3.10389601137e-17     3.7893427848e-17      1.65711674685e-16     3.87701849243e-18     
12.4319519337         3.04348128942e-17     4.07567008723e-17     3.04348128942e-17     4.07567008723e-17     1.73080040106e-16     4.29395190599e-18     
12.6121435543         2.97193950272e-17     4.37459473936e-17     2.97193950272e-17     4.37459473936e-17     1.80573810343e-16     4.73717362129e-18     
12.792335175          2.88917878846e-17     4.6862548896e-17      2.88917878846e-17     4.6862548896e-17      1.88192048095e-16     5.20721379181e-18     
12.9725267956         2.7951143919e-17      5.01078296537e-17     2.7951143919e-17      5.01078296537e-17     1.9593395228e-16      5.70458314417e-18     
13.1527184162         2.68966808409e-17     5.34830594665e-17     2.68966808409e-17     5.34830594665e-17     2.03799071679e-16     6.22916781312e-18     
13.3329100368         2.57276763158e-17     5.69894562576e-17     2.57276763158e-17     5.69894562576e-17     2.1178522126e-16      6.78128749811e-18     
13.5131016575         2.44434631302e-17     6.06281885414e-17     2.44434631302e-17     6.06281885414e-17     2.19891928409e-16     7.3620820931e-18      
13.6932932781         2.30434247826e-17     6.44003777652e-17     2.30434247826e-17     6.44003777652e-17     2.28118569876e-16     7.97199209736e-18     
13.8734848987         2.15269914576e-17     6.83071005317e-17     2.15269914576e-17     6.83071005317e-17     2.36464482799e-16     8.61144210865e-18     
14.0536765193         1.98936363475e-17     7.23493907079e-17     1.98936363475e-17     7.23493907079e-17     2.44929020799e-16     9.28084145359e-18     
14.23386814           1.81428722885e-17     7.65282414256e-17     1.81428722885e-17     7.65282414256e-17     2.53511564279e-16     9.98058479574e-18     
14.4140597606         1.62742486828e-17     8.08446069793e-17     1.62742486828e-17     8.08446069793e-17     2.62211522685e-16     1.07110527216e-17     
14.5942513812         1.4287348679e-17      8.5299404626e-17      1.4287348679e-17      8.5299404626e-17      2.71028334446e-16     1.14726123044e-17     
14.7744430018         1.21817865891e-17     8.98935162935e-17     1.21817865891e-17     8.98935162935e-17     2.79961466102e-16     1.22656176463e-17     
14.9546346225         9.9572055177e-18      9.46277902001e-17     9.9572055177e-18      9.46277902001e-17     2.89010411123e-16     1.30904103995e-17     
15.1348262431         7.61327518761e-18     9.95030423914e-17     7.61327518761e-18     9.95030423914e-17     2.98174688666e-16     1.39473202657e-17     
15.3150178637         5.14968994159e-18     1.04520058199e-16     5.14968994159e-18     1.04520058199e-16     3.07453842323e-16     1.48366654759e-17     
15.4952094843         2.56616690616e-18     1.09679593624e-16     2.56616690616e-18     1.09679593624e-16     3.16847438959e-16     1.57587532505e-17     
15.675401105          -1.37555697388e-19    1.14982376651e-16     -1.37555697388e-19    1.14982376651e-16     3.26355067648e-16     1.67138802402e-17     
15.8555927256         -2.96172010749e-18    1.20429108495e-16     -2.96172010749e-18    1.20429108495e-16     3.35976338776e-16     1.77023329475e-17     
16.0357843462         -5.90655045391e-18    1.26020464784e-16     -5.90655045391e-18    1.26020464784e-16     3.4571088337e-16      1.87243881324e-17     
16.2159759669         -8.97225407705e-18    1.31757096684e-16     -8.97225407705e-18    1.31757096684e-16     3.55558352803e-16     1.97803131984e-17     
16.3961675875         -1.21590227445e-17    1.37639631969e-16     -1.21590227445e-17    1.37639631969e-16     3.65518419209e-16     2.08703665644e-17     
16.5763592081         -1.54670337738e-17    1.43668676033e-16     -1.54670337738e-17    1.43668676033e-16     3.75590777454e-16     2.19947980189e-17     
16.7565508287         -1.88964510682e-17    1.49844812853e-16     -1.88964510682e-17    1.49844812853e-16     3.85775151547e-16     2.31538490598e-17     
16.9367424494         -2.24474260749e-17    1.56168605909e-16     -2.24474260749e-17    1.56168605909e-16     3.96071319673e-16     2.43477532196e-17     
17.11693407           -2.61200986692e-17    1.62640599055e-16     -2.61200986692e-17    1.62640599055e-16     4.0647936855e-16      2.55765523062e-17     
17.2971256906         -2.99145979732e-17    1.69261317345e-16     -2.99145979732e-17    1.69261317345e-16     4.16998187039e-16     2.68398271872e-17     
17.4773173112         -3.38310431131e-17    1.76031267823e-16     -3.38310431131e-17    1.76031267823e-16     4.2762750396e-16      2.81385768431e-17     
17.6575089319         -3.786954392e-17      1.82950940276e-16     -3.786954392e-17      1.82950940276e-16     4.38367228063e-16     2.94730061403e-17     
17.8377005525         -4.20302015797e-17    1.90020807941e-16     -4.20302015797e-17    1.90020807941e-16     4.49217169309e-16     3.08433134086e-17     
18.0178921731         -4.63131092342e-17    1.97241328193e-16     -4.63131092342e-17    1.97241328193e-16     4.60177125008e-16     3.22496906908e-17     
18.1980837937         -5.071835254e-17      2.04612943189e-16     -5.071835254e-17      2.04612943189e-16     4.7124689335e-16      3.36923239811e-17     
18.3782754144         -5.52460101855e-17    2.12136080482e-16     -5.52460101855e-17    2.12136080482e-16     4.82426277457e-16     3.51713934535e-17     
18.558467035          -5.98961543717e-17    2.19811153613e-16     -5.98961543717e-17    2.19811153613e-16     4.93715086825e-16     3.66870736804e-17     
18.7386586556         -6.46688512582e-17    2.27638562671e-16     -6.46688512582e-17    2.27638562671e-16     5.05113137839e-16     3.82395338421e-17     
18.9188502762         -6.95641613775e-17    2.35618694825e-16     -6.95641613775e-17    2.35618694825e-16     5.16620253875e-16     3.98289379267e-17     
19.0990418969         -7.45821400204e-17    2.43751924834e-16     -7.45821400204e-17    2.43751924834e-16     5.28236265215e-16     4.1455444923e-17      
19.2792335175         -7.97228375939e-17    2.52038615535e-16     -7.97228375939e-17    2.52038615535e-16     5.39961008871e-16     4.31192090034e-17     
19.4594251381         -8.49862999541e-17    2.60479118304e-16     -8.49862999541e-17    2.60479118304e-16     5.51794328362e-16     4.48203797009e-17     
19.6396167587         -9.03725687164e-17    2.69073773502e-16     -9.03725687164e-17    2.69073773502e-16     5.63736073473e-16     4.65591020771e-17     
19.8198083794         -9.58816815436e-17    2.77822910896e-16     -9.58816815436e-17    2.77822910896e-16     5.757861e-16          4.83355168848e-17     
20                    0                     0                     0                     0                     0                     0                     
