0.0779191396          0                     0                     0                     0                     0                     0                     
0.087577837391        1.55729845197         4.86729538609         1.55729845197         4.86729538609         0.578811237333        1.97055936495         
0.0972365351819       7.96532506335         22.3632490515         7.96532506335         22.3632490515         3.13517056633         8.99748957851         
0.106895232973        17.7260770448         45.8135071055         17.7260770448         45.8135071055         7.28389420129         18.3329091017         
0.116553930764        28.629558365          68.8571450871         28.629558365          68.8571450871         12.1815890291         27.4076083496         
0.126212628555        39.1996195772         88.3462470228         39.1996195772         88.3462470228         17.1686796217         34.967403399          
0.135871326346        48.6823378536         103.334527312         48.6823378536         103.334527312         21.8526141781         40.651977056          
0.145530024137        56.7426541599         113.895834783         56.7426541599         113.895834783         26.0125869859         44.5071608187         
0.155188721928        63.319843618          120.630226539         63.319843618          120.630226539         29.5644086715         46.7939842291         
0.164847419719        68.5490152483         124.232696274         68.5490152483         124.232696274         32.5282248051         47.8022889172         
0.17450611751         72.5454364009         125.294739194         72.5454364009         125.294739194         34.9203573833         47.7722087315         
0.184164815301        75.4723517586         124.405338389         75.4723517586         124.405338389         36.7967880957         46.9436250897         
0.193823513091        77.457927958          122.007768569         77.457927958          122.007768569         38.1934272937         45.4915750523         
0.203482210882        78.5963024405         118.502592605         78.5963024405         118.502592605         39.1347154638         43.5847059968         
0.213140908673        79.0050594192         114.191956371         79.0050594192         114.191956371         39.6633076236         41.3453741452         
0.222799606464        78.7362243846         109.354121712         78.7362243846         109.354121712         39.7869198524         38.9022674396         
0.232458304255        77.8715710307         104.239546014         77.8715710307         104.239546014         39.5413188422         36.3803220682         
0.242117002046        76.5146963643         99.0570161502         76.5146963643         99.0570161502         38.9836766629         33.8857866574         
0.251775699837        74.7953569446         93.9359681556         74.7953569446         93.9359681556         38.1889666366         31.4818677931         
0.261434397628        72.8063941852         88.9791089833         72.8063941852         88.9791089833         37.2202206315         29.2164737682         
0.271093095419        70.6473529552         84.2246863875         70.6473529552         84.2246863875         36.1373717169         27.0967937691         
0.28075179321         68.3802584074         79.7086252119         68.3802584074         79.7086252119         34.9791225585         25.1344378238         
0.290410491001        66.0681716641         75.4427011306         66.0681716641         75.4427011306         33.7859159953         23.3280985666         
0.300069188792        63.75480993           71.4211070884         63.75480993           71.4211070884         32.5859887682         21.666320997          
0.309727886583        61.4709055019         67.6286164613         61.4709055019         67.6286164613         31.3984015757         20.1325211584         
0.319386584374        59.2280419803         64.0485135332         59.2280419803         64.0485135332         30.2295455188         18.7116287822         
0.329045282165        57.0313577208         60.6722472334         57.0313577208         60.6722472334         29.0814732234         17.39497059           
0.338703979956        54.8834338028         57.4950503961         54.8834338028         57.4950503961         27.9552491878         16.1786220528         
0.348362677747        52.7914975016         54.5148106155         52.7914975016         54.5148106155         26.8554431412         15.0605121692         
0.358021375538        50.7626539276         51.7251732998         50.7626539276         51.7251732998         25.7872251215         14.0369034852         
0.367680073329        48.8089355259         49.1191219181         48.8089355259         49.1191219181         24.75869663           13.1027122058         
0.37733877112         46.9362043901         46.68264952           46.9362043901         46.68264952           23.7745385009         12.2494843752         
0.386997468911        45.1485630338         44.401930601          45.1485630338         44.401930601          22.8378187057         11.4681161894         
0.396656166702        43.4418678669         42.2695827592         43.4418678669         42.2695827592         21.9470982166         10.7545032362         
0.406314864492        41.8270305626         40.2604852827         41.8270305626         40.2604852827         21.108401766          10.0916960478         
0.415973562283        40.2949398438         38.3640708325         40.2949398438         38.3640708325         20.3160139354         9.47377504664         
0.425632260074        38.8362800987         36.5687257959         38.8362800987         36.5687257959         19.5641004437         8.89449136434         
0.435290957865        37.449350491          34.8651510158         37.449350491          34.8651510158         18.8512498506         8.34811056267         
0.444949655656        36.1200846814         33.2516560094         36.1200846814         33.2516560094         18.168564491          7.83574579772         
0.454608353447        34.8530603707         31.7181470148         34.8530603707         31.7181470148         17.518856811          7.35069158392         
0.464267051238        33.6317480417         30.2635735762         33.6317480417         30.2635735762         16.891929358          6.89454256814         
0.473925749029        32.4621572529         28.8829477159         32.4621572529         28.8829477159         16.2915227509         6.46448748225         
0.48358444682         31.3379998472         27.5740222309         31.3379998472         27.5740222309         15.7139023635         6.06038844339         
0.493243144611        30.2559843647         26.3329412059         30.2559843647         26.3329412059         15.1573544948         5.68123660777         
0.502901842402        29.2148514113         25.1579727674         29.2148514113         25.1579727674         14.6212361264         5.32652203582         
0.512560540193        28.2151801429         24.0465670208         28.2151801429         24.0465670208         14.1060738645         4.9954429705          
0.522219237984        27.2517720287         22.9939257245         27.2517720287         22.9939257245         13.6093039592         4.68660427815         
0.531877935775        26.3281884443         22.0015504236         26.3281884443         22.0015504236         13.1328969224         4.40025469081         
0.541536633566        25.4402957626         21.0626171216         25.4402957626         21.0626171216         12.6749115268         4.13399732795         
0.551195331357        24.5905198235         20.1744226142         24.5905198235         20.1744226142         12.2368256074         3.88661643936         
0.560854029148        23.7755688413         19.3329629872         23.7755688413         19.3329629872         11.8169373676         3.65631384479         
0.570512726939        22.9934475035         18.5355396459         22.9934475035         18.5355396459         11.4144749993         3.44216369196         
0.58017142473         22.245213248          17.7811407084         22.245213248          17.7811407084         11.0300436256         3.24336325743         
0.589830122521        21.5273701531         17.0654195896         21.5273701531         17.0654195896         10.6619520217         3.05827131075         
0.599488820312        20.8406255929         16.3865280731         20.8406255929         16.3865280731         10.3105799148         2.88588943238         
0.609147518103        20.1838952873         15.7422878753         20.1838952873         15.7422878753         9.97536765872         2.72512445037         
0.618806215893        19.5535456447         15.1284554326         19.5535456447         15.1284554326         9.65447527955         2.57452914532         
0.628464913684        18.9507730186         14.5450240849         18.9507730186         14.5450240849         9.34839698522         2.43358074333         
0.638123611475        18.3751263654         13.9893532773         18.3751263654         13.9893532773         9.05714109546         2.30136689686         
0.647782309266        17.8223661548         13.4583071529         17.8223661548         13.4583071529         8.77805647091         2.17628470947         
0.657441007057        17.292877725          12.9517069326         17.292877725          12.9517069326         8.51150980207         2.05853174329         
0.667099704848        16.7859355447         12.4674049568         16.7859355447         12.4674049568         8.25703382714         1.94703042006         
0.676758402639        16.2992987325         12.0037703634         16.2992987325         12.0037703634         8.01340311177         1.841258936           
0.68641710043         15.8321382953         11.5595835159         15.8321382953         11.5595835159         7.78011584708         1.74067166847         
0.696075798221        15.3829949423         11.1336567111         15.3829949423         11.1336567111         7.55632566101         1.64492174967         
0.705734496012        14.952100947          10.7250741837         14.952100947          10.7250741837         7.34214939151         1.55343441345         
0.715393193803        14.5371753596         10.3325046873         14.5371753596         10.3325046873         7.1363110848          1.46596119409         
0.725051891594        14.1376697524         9.9553058798          14.1376697524         9.9553058798          6.93848066048         1.38226118357         
0.734710589385        13.7527105925         9.59261446104         13.7527105925         9.59261446104         6.74815346677         1.3020393301          
0.744369287176        13.3816556345         9.24380116285         13.3816556345         9.24380116285         6.56495069364         1.22508473517         
0.754027984967        13.0233543212         8.90798550648         13.0233543212         8.90798550648         6.38824530993         1.15121220035         
0.763686682758        12.6772702302         8.58451396593         12.6772702302         8.58451396593         6.21773397789         1.08021823791         
0.773345380549        12.3432883776         8.27324648202         12.3432883776         8.27324648202         6.05331545849         1.01208584114         
0.78300407834         12.0193883889         7.97300542009         12.0193883889         7.97300542009         5.89391362263         0.946491426066        
0.792662776131        11.7058521711         7.68364343996         11.7058521711         7.68364343996         5.73973736027         0.883559438991        
0.802321473922        11.4015403835         7.40565126456         11.4015403835         7.40565126456         5.58994162083         0.823450489845        
0.811980171713        11.1067919719         7.1378224731          11.1067919719         7.1378224731          5.44499233454         0.76587386182         
0.821638869504        10.821130342          6.87977907815         10.821130342          6.87977907815         5.30452482887         0.710720803118        
0.831297567294        10.5442192718         6.63083284492         10.5442192718         6.63083284492         5.16839074349         0.657682848167        
0.840956265085        10.2756968195         6.39075990297         10.2756968195         6.39075990297         5.0363588011          0.606699539837        
0.850614962876        10.0143349804         6.15883347495         10.0143349804         6.15883347495         4.90780604433         0.557734753953        
0.860273660667        9.76083918355         5.93540734519         9.76083918355         5.93540734519         4.78308331879         0.510823854243        
0.869932358458        9.5141022287          5.71972577189         9.5141022287          5.71972577189         4.6616351081          0.465869136661        
0.879591056249        9.27414121206         5.51176745173         9.27414121206         5.51176745173         4.54345063025         0.422871474609        
0.88924975404         9.0404260771          5.31112109115         9.0404260771          5.31112109115         4.42826699928         0.381752283888        
0.898908451831        8.81298056673         5.11757690093         8.81298056673         5.11757690093         4.31611502034         0.342459107902        
0.908567149622        8.59111704904         4.93067977137         8.59111704904         4.93067977137         4.20665316175         0.304939552732        
0.918225847413        8.37478398905         4.75042858196         8.37478398905         4.75042858196         4.0998372786          0.269197059836        
0.927884545204        8.16373058854         4.57630774939         8.16373058854         4.57630774939         3.99558151739         0.235111660295        
0.937543242995        7.95740461329         4.40814912681         7.95740461329         4.40814912681         3.89359833512         0.202707257083        
0.947201940786        7.75596008717         4.24587390536         7.75596008717         4.24587390536         3.79396745596         0.171931571489        
0.956860638577        7.55838871477         4.08881952842         7.55838871477         4.08881952842         3.69621069687         0.142729595264        
0.966519336368        7.36444229846         3.93665094494         7.36444229846         3.93665094494         3.60022128751         0.115025903436        
0.976178034159        7.1719658704          3.78831019069         7.1719658704          3.78831019069         3.50493650638         0.0888260802379       
0.98583673195         6.96868368563         3.63725608814         6.96868368563         3.63725608814         3.40436808783         0.0639699331881       
0.995495429741        6.76265990774         3.48782650337         6.76265990774         3.48782650337         3.30248458011         0.0406283959524       
1.00515412753         6.56440202064         3.34535872611         6.56440202064         3.34535872611         3.20438709588         0.0187671068047       
1.01481282532         6.37390928597         3.20964701918         6.37390928597         3.20964701918         3.11013626362         -0.00160408410591     
1.02447152311         6.19001428915         3.08023281498         6.19001428915         3.08023281498         3.01912660579         -0.0204466469273      
1.0341302209          6.01249053554         2.95643254601         6.01249053554         2.95643254601         2.9312587654          -0.0380907204437      
1.0437889187          5.84140348991         2.83834069523         5.84140348991         2.83834069523         2.84658036229         -0.0544449830669      
1.05344761649         5.67562614412         2.72524599704         5.67562614412         2.72524599704         2.76453363259         -0.0695949688975      
1.06310631428         5.51558826806         2.61715865668         5.51558826806         2.61715865668         2.68533750637         -0.0836393523266      
1.07276501207         5.36062966339         2.51370520972         5.36062966339         2.51370520972         2.60866195048         -0.0966100074811      
1.08242370986         5.21116250365         2.414798912           5.21116250365         2.414798912           2.5347524904          -0.108593776727       
1.09208240765         5.06659010525         2.32035263749         5.06659010525         2.32035263749         2.46327639187         -0.119536091887       
1.10174110544         4.92646682541         2.2298732333          4.92646682541         2.2298732333          2.39402508026         -0.129562132523       
1.11139980323         4.79138766115         2.14317190076         4.79138766115         2.14317190076         2.32728587093         -0.138854414038       
1.12105850102         4.66071955341         2.06001866265         4.66071955341         2.06001866265         2.26274985032         -0.147420799215       
1.13071719881         4.53431883845         1.98033717808         4.53431883845         1.98033717808         2.20035894693         -0.155260139257       
1.14037589661         4.41177877958         1.90388909703         4.41177877958         1.90388909703         2.13990749337         -0.162430750728       
1.1500345944          4.29330469372         1.83066240796         4.29330469372         1.83066240796         2.08150102318         -0.168961751311       
1.15969329219         4.17863711966         1.76050449091         4.17863711966         1.76050449091         2.02501335926         -0.174870853094       
1.16935198998         4.06770172016         1.69319086085         4.06770172016         1.69319086085         1.9704166201          -0.180241234621       
1.17901068777         3.9602626966          1.62866313366         3.9602626966          1.62866313366         1.91757698696         -0.185068082133       
1.18866938556         3.85594629947         1.56662868844         3.85594629947         1.56662868844         1.86632401809         -0.189392196885       
1.19832808335         3.75566694542         1.50740968816         3.75566694542         1.50740968816         1.81709503351         -0.19329341504        
1.20798678114         3.65805733674         1.45036592742         3.65805733674         1.45036592742         1.76922744755         -0.196744887449       
1.21764547893         3.56375526481         1.39567558008         3.56375526481         1.39567558008         1.72302887849         -0.19982536541        
1.22730417672         3.47232185504         1.34313320096         3.47232185504         1.34313320096         1.67828005255         -0.202526390694       
1.23696287451         3.38407956596         1.29277521874         3.38407956596         1.29277521874         1.63513734342         -0.204919561002       
1.24662157231         3.29811293543         1.2441730634          3.29811293543         1.2441730634          1.59316111106         -0.206984437578       
1.2562802701          3.21509665917         1.19758688225         3.21509665917         1.19758688225         1.55266518456         -0.208765926028       
1.26593896789         3.13453882227         1.15274761118         3.13453882227         1.15274761118         1.51340645081         -0.21030555898        
1.27559766568         3.05665260252         1.10957192402         3.05665260252         1.10957192402         1.47549196227         -0.21167802024        
1.28525636347         2.98143440641         1.06832791472         2.98143440641         1.06832791472         1.43895536622         -0.212658995409       
1.29491506126         2.9082141003          1.02844147787         2.9082141003          1.02844147787         1.40340005132         -0.213528810426       
1.30457375905         2.83714595355         0.989983841548        2.83714595355         0.989983841548        1.36892943182         -0.214231203812       
1.31423245684         2.76839526683         0.953006174519        2.76839526683         0.953006174519        1.33562187914         -0.214776048697       
1.32389115463         2.70179150775         0.917355281344        2.70179150775         0.917355281344        1.3033967092          -0.21520277149        
1.33354985242         2.63711445561         0.88303185839         2.63711445561         0.88303185839         1.27212652021         -0.215461705187       
1.34320855022         2.57443097614         0.849937350902        2.57443097614         0.849937350902        1.2418584961          -0.215616754674       
1.35286724801         2.51344582149         0.81796908701         2.51344582149         0.81796908701         1.212436231           -0.215656140652       
1.3625259458          2.45451663755         0.787209281422        2.45451663755         0.787209281422        1.1840414005          -0.215610365432       
1.37218464359         2.3972001105          0.75747649454         2.3972001105          0.75747649454         1.15644821199         -0.215484849146       
1.38184334138         2.34153508259         0.728769168044        2.34153508259         0.728769168044        1.12967412678         -0.215282179391       
1.39150203917         2.28742338108         0.701120327719        2.28742338108         0.701120327719        1.1036537929          -0.21497345706        
1.40116073696         2.23504706341         0.674330151274        2.23504706341         0.674330151274        1.07851659223         -0.214674788402       
1.41081943475         2.1840342003          0.648477665007        2.1840342003          0.648477665007        1.05403704237         -0.21429377264        
1.42047813254         2.13455490802         0.623491298405        2.13455490802         0.623491298405        1.03031861457         -0.213871038915       
1.43013683033         2.08645257885         0.599343167527        2.08645257885         0.599343167527        1.00727338793         -0.213409793452       
1.43979552812         2.03971456303         0.576006237872        2.03971456303         0.576006237872        0.98489312667         -0.212915553992       
1.44945422592         1.99422413037         0.55342194229         1.99422413037         0.55342194229         0.963122187825        -0.212386745645       
1.45911292371         1.94999344261         0.531584952909        1.94999344261         0.531584952909        0.941963634372        -0.211830477904       
1.4687716215          1.90699347346         0.510458253291        1.90699347346         0.510458253291        0.921403716874        -0.211257468954       
1.47843031929         1.86507041357         0.489998214233        1.86507041357         0.489998214233        0.901356015719        -0.210663348074       
1.48808901708         1.82433775399         0.470209823726        1.82433775399         0.470209823726        0.881899896651        -0.210040196308       
1.49774771487         1.78467522999         0.451066431738        1.78467522999         0.451066431738        0.86295006814         -0.209404652961       
1.50740641266         1.74587095602         0.432650449005        1.74587095602         0.432650449005        0.844396915597        -0.208667519837       
1.51706511045         1.70811063533         0.414841504477        1.70811063533         0.414841504477        0.826353473416        -0.207905668548       
1.52672380824         1.67143737007         0.397602529607        1.67143737007         0.397602529607        0.808839754538        -0.207148864474       
1.53638250603         1.63571996694         0.38089920668         1.63571996694         0.38089920668         0.791787571688        -0.20638677685        
1.54604120383         1.60098836416         0.36473592455         1.60098836416         0.36473592455         0.775206929263        -0.205628653678       
1.55569990162         1.56712303553         0.349064605235        1.56712303553         0.349064605235        0.759039975168        -0.204872398897       
1.56535859941         1.53411754699         0.333888438921        1.53411754699         0.333888438921        0.743280699944        -0.204108669469       
1.5750172972          1.50188677513         0.319218661769        1.50188677513         0.319218661769        0.727891942           -0.203302115523       
1.58467599499         1.47046542386         0.305129013536        1.47046542386         0.305129013536        0.712873223619        -0.202426516672       
1.59433469278         1.43991691037         0.291237110955        1.43991691037         0.291237110955        0.698288300817        -0.20172108588        
1.60399339057         1.41020805743         0.277956274654        1.41020805743         0.277956274654        0.684087201557        -0.200927118247       
1.61365208836         1.38112561894         0.265072427224        1.38112561894         0.265072427224        0.670180437106        -0.200117236958       
1.62331078615         1.35283044072         0.252639353949        1.35283044072         0.252639353949        0.656645478668        -0.199298865368       
1.63296948394         1.32523098398         0.240629378108        1.32523098398         0.240629378108        0.643438141044        -0.198459906206       
1.64262818173         1.29837948969         0.228970567695        1.29837948969         0.228970567695        0.63057455197         -0.197642306857       
1.65228687953         1.272285754           0.217664108523        1.272285754           0.217664108523        0.618065124254        -0.196852601085       
1.66194557732         1.24688159886         0.206706068569        1.24688159886         0.206706068569        0.605877107417        -0.19608003257        
1.67160427511         1.2221954604          0.196119153707        1.2221954604          0.196119153707        0.594025441394        -0.195317812095       
1.6812629729          1.19825804736         0.185893836933        1.19825804736         0.185893836933        0.582523650578        -0.194580165862       
1.69092167069         1.17642589333         0.176218037703        1.17642589333         0.176218037703        0.572035620406        -0.194091321075       
1.70058036848         1.16387648775         0.168111537346        1.16387648775         0.168111537346        0.566046831368        -0.195069694579       
1.71023906627         1.15056036101         0.160022772623        1.15056036101         0.160022772623        0.559676915494        -0.195867798999       
1.71989776406         1.13676481001         0.152010371633        1.13676481001         0.152010371633        0.553062454969        -0.196532546644       
1.72955646185         1.12264434055         0.144098626608        1.12264434055         0.144098626608        0.546279565854        -0.197085428957       
1.73921515964         1.10827065653         0.136307160883        1.10827065653         0.136307160883        0.539363111477        -0.197532969857       
1.74887385744         1.09368996991         0.128649383939        1.09368996991         0.128649383939        0.53233502186         -0.197879414533       
1.75853255523         1.07893984833         0.121132968974        1.07893984833         0.121132968974        0.525214671718        -0.198128340552       
1.76819125302         1.06405441502         0.113766439426        1.06405441502         0.113766439426        0.518018088041        -0.198281989037       
1.77784995081         1.04906087826         0.10655045725         1.04906087826         0.10655045725         0.510760961913        -0.198344762539       
1.7875086486          1.03397221531         0.0994969707836       1.03397221531         0.0994969707836       0.503447153979        -0.19831397052        
1.79716734639         1.01880587104         0.0926082057053       1.01880587104         0.0926082057053       0.496086810893        -0.198192487879       
1.80682604418         1.00358012454         0.085891787194        1.00358012454         0.085891787194        0.488688870809        -0.197978309049       
1.81648474197         0.988318267596        0.0793421443981       0.988318267596        0.0793421443981       0.481266243373        -0.197679500085       
1.82614343976         0.973022521765        0.0729732368633       0.973022521765        0.0729732368633       0.47381846795         -0.197288030688       
1.83580213755         0.957726017491        0.0667830935929       0.957726017491        0.0667830935929       0.466365008788        -0.196809570634       
1.84546083534         0.942416963325        0.0607620142149       0.942416963325        0.0607620142149       0.458897593147        -0.196251321031       
1.85511953314         0.927102818681        0.0549296147176       0.927102818681        0.0549296147176       0.4514207503          -0.195600987963       
1.86477823093         0.911882522241        0.0491129686029       0.911882522241        0.0491129686029       0.443990035305        -0.194992054825       
1.87443692872         0.896622466116        0.043825178985        0.896622466116        0.043825178985        0.436531496367        -0.194046671444       
1.88409562651         0.881419153654        0.0385343808715       0.881419153654        0.0385343808715       0.429093919542        -0.19315534458        
1.8937543243          0.866281737754        0.0334325111686       0.866281737754        0.0334325111686       0.421688177348        -0.192180868331       
1.90341302209         0.851225620657        0.0285135773964       0.851225620657        0.0285135773964       0.414321941457        -0.191128654026       
1.91307171988         0.83622937507         0.0237676443928       0.83622937507         0.0237676443928       0.406979780014        -0.190005818305       
1.92273041767         0.821314060112        0.0192002281224       0.821314060112        0.0192002281224       0.399675106802        -0.188810478797       
1.93238911546         0.806491838106        0.0148169000324       0.806491838106        0.0148169000324       0.392415788809        -0.187539832217       
1.94204781325         0.791769453081        0.0106038939149       0.791769453081        0.0106038939149       0.385203782252        -0.186204767807       
1.95170651105         0.777168911595        0.00656379184142      0.777168911595        0.00656379184142      0.378053420101        -0.184804483554       
1.96136520884         0.762652526336        0.00269755388715      0.762652526336        0.00269755388715      0.370941866372        -0.183336111272       
1.97102390663         0.748268665305        -0.00100513581997     0.748268665305        -0.00100513581997     0.363897059859        -0.18181069799        
1.98068260442         0.734016309082        -0.00454070158943     0.734016309082        -0.00454070158943     0.356918159488        -0.180226106005       
1.99034130221         0.719897245215        -0.00791443089243     0.719897245215        -0.00791443089243     0.350006294994        -0.178586074006       
2                     0.705911054551        -0.0111339527333      0.705911054551        -0.0111339527333      0.343160680744        -0.176895696444       
2.01                  0.691607811729        -0.0142993148157      0.691607811729        -0.0142993148157      0.336165340618        -0.175092062799       
2.20334648656         0.449793133406        -0.0496594112563      0.449793133406        -0.0496594112563      0.218558536674        -0.134451618359       
2.39669297311         0.275623404537        -0.0555795751485      0.275623404537        -0.0555795751485      0.134721362868        -0.0949859606023      
2.59003945967         0.156913171446        -0.0482079339422      0.156913171446        -0.0482079339422      0.0770648475973       -0.0631614345945      
2.78338594622         0.0817174024803       -0.0342451582655      0.0817174024803       -0.0342451582655      0.0400932139734       -0.0382762298109      
2.97673243278         0.0394141043487       -0.020846191194       0.0394141043487       -0.020846191194       0.0193583872957       -0.021011197494       
3.17007891934         0.0174529390529       -0.0114775765879      0.0174529390529       -0.0114775765879      0.00858587454849      -0.0106847051242      
3.36342540589         0.00694797098434      -0.00563357325726     0.00694797098434      -0.00563357325726     0.00339965553979      -0.00494550683522     
3.55677189245         0.002501113746        -0.0024687752965      0.002501113746        -0.0024687752965      0.00121537465309      -0.00207311457161     
3.75011837901         0.000793835827657     -0.000973139795741    0.000793835827657     -0.000973139795741    0.000378602321899     -0.000788888053587    
3.94346486556         0.000219248000104     -0.000342151819266    0.000219248000104     -0.000342151819266    0.000100924387385     -0.00026972037886     
4.13681135212         5.00427216609e-05     -0.000106410661202    5.00427216609e-05     -0.000106410661202    2.11872986102e-05     -8.20068745304e-05    
4.33015783867         8.42667774491e-06     -2.87197469761e-05    8.42667774491e-06     -2.87197469761e-05    2.72037020431e-06     -2.17357496086e-05    
4.52350432523         5.95313456451e-07     -6.45558306896e-06    5.95313456451e-07     -6.45558306896e-06    -2.00415473454e-07    -4.81697929565e-06    
4.71685081179         -1.921362844e-07      -1.09087748685e-06    -1.921362844e-07      -1.09087748685e-06    -2.29512164886e-07    -8.0546905129e-07     
4.91019729834         -6.61884019182e-08    -9.31465457686e-08    -6.61884019182e-08    -9.31465457686e-08    -5.56432540906e-08    -6.82945090928e-08    
5.1035437849          -6.36332317518e-11    1.88406095677e-10     -6.36332317518e-11    1.88406095677e-10     -6.75731271282e-11    1.55504430909e-10     
5.1135437849          3.88955463703e-11     3.08741087201e-10     3.88955463703e-11     3.08741087201e-10     1.3664381506e-11      2.51012354636e-10     
5.11376600712         3.89404968504e-11     3.13652690751e-10     3.89404968504e-11     3.13652690751e-10     1.36911840415e-11     2.55019607289e-10     
5.11398822934         3.89821391099e-11     3.18631426735e-10     3.89821391099e-11     3.18631426735e-10     1.37167634127e-11     2.59082940555e-10     
5.11421045157         3.90205621182e-11     3.23674040409e-10     3.90205621182e-11     3.23674040409e-10     1.37411489275e-11     2.63199691778e-10     
5.11443267379         3.9055850544e-11      3.28777509025e-10     3.9055850544e-11      3.28777509025e-10     1.37643686522e-11     2.67367387479e-10     
5.11465489601         3.90880851414e-11     3.33939019376e-10     3.90880851414e-11     3.33939019376e-10     1.37864495044e-11     2.71583725421e-10     
5.11487711823         3.91173429687e-11     3.39155941316e-10     3.91173429687e-11     3.39155941316e-10     1.38074172997e-11     2.75846552755e-10     
5.11509934046         3.9143697737e-11      3.44425807059e-10     3.9143697737e-11      3.44425807059e-10     1.38272968497e-11     2.80153849006e-10     
5.11532156268         3.91672200318e-11     3.49746289346e-10     3.91672200318e-11     3.49746289346e-10     1.38461120097e-11     2.84503708464e-10     
5.1155437849          3.91879774687e-11     3.5511518064e-10      3.91879774687e-11     3.5511518064e-10      1.38638856856e-11     2.88894323452e-10     
5.1255437849          3.80032153802e-11     6.25516566009e-10     3.80032153802e-11     6.25516566009e-10     1.38444801694e-11     5.11155099888e-10     
5.3069395924          -8.11101313235e-12    2.05412663958e-09     -8.11101313235e-12    2.05412663958e-09     -2.68590016613e-12    1.76602210543e-09     
5.4883353999          -1.8755015274e-12     7.93004710586e-10     -1.8755015274e-12     7.93004710586e-10     -6.97326518251e-13    7.08055266142e-10     
5.6697312074          6.94381750425e-14     1.99705790523e-10     6.94381750425e-14     1.99705790523e-10     1.82392322066e-14     1.84630011315e-10     
5.8511270149          6.54647221811e-14     3.82068391656e-11     6.54647221811e-14     3.82068391656e-11     2.33187000159e-14     3.65243699339e-11     
6.03252282241         6.4582224377e-15      5.53574351239e-12     6.4582224377e-15      5.53574351239e-12     2.4094247374e-15      5.46838781129e-12     
6.21391862991         -7.7813452284e-16     5.25729881404e-13     -7.7813452284e-16     5.25729881404e-13     -2.73449153975e-16    5.36502659602e-13     
6.39531443741         -7.43230059114e-17    1.17873154966e-14     -7.43230059114e-17    1.17873154966e-14     -2.70475268136e-17    1.24267808715e-14     
6.57671024491         7.94851389837e-15     1.06140703915e-16     7.94851389837e-15     1.06140703915e-16     8.65986764131e-15     3.90328106369e-17     
6.75810605241         5.17096479306e-15     1.17181825014e-16     5.17096479306e-15     1.17181825014e-16     5.82624774596e-15     3.97675367705e-17     
6.93950185991         1.65247649686e-15     5.6629300016e-17      1.65247649686e-15     5.6629300016e-17      1.9252849901e-15      1.71602913129e-17     
7.12089766741         3.91876176872e-16     1.8898468747e-17      3.91876176872e-16     1.8898468747e-17      4.72047036075e-16     5.2970815523e-18      
7.30229347491         7.4739609047e-17      4.82743604499e-18     7.4739609047e-17      4.82743604499e-18     9.30794923711e-17     1.29001404379e-18     
7.48368928242         1.55749675645e-17     1.29950669788e-18     1.55749675645e-17     1.29950669788e-18     2.00560808359e-17     3.38638146945e-19     
7.66508508992         4.319341691e-18       4.52881787102e-19     4.319341691e-18       4.52881787102e-19     5.75222290246e-18     1.16734017012e-19     
7.84648089742         5.33280870784e-18     6.87591253719e-19     5.33280870784e-18     6.87591253719e-19     7.34700983948e-18     1.76661608713e-19     
8.02787670492         6.39233068627e-18     9.96026135678e-19     6.39233068627e-18     9.96026135678e-19     9.1140339898e-18      2.56819192219e-19     
8.20927251242         7.48417688039e-18     1.38928561954e-18     7.48417688039e-18     1.38928561954e-18     1.10478933583e-17     3.6018195885e-19      
8.39066831992         8.59553688845e-18     1.8784692139e-18      8.59553688845e-18     1.8784692139e-18      1.31434198734e-17     4.91032156434e-19     
8.57206412742         9.71446775987e-18     2.47459777833e-18     9.71446775987e-18     2.47459777833e-18     1.53961588233e-17     6.52590799768e-19     
8.75345993492         1.0829843039e-17      3.188551133e-18       1.0829843039e-17      3.188551133e-18       1.78006566488e-17     8.48618235787e-19     
8.93485574243         1.19313025222e-17     4.03101944008e-18     1.19313025222e-17     4.03101944008e-18     2.03527583236e-17     1.0831402919e-18      
9.11625154993         1.30092028411e-17     5.01246596483e-18     1.30092028411e-17     5.01246596483e-18     2.30486799721e-17     1.35966680508e-18     
9.29764735743         1.40545693435e-17     6.14309919737e-18     1.40545693435e-17     6.14309919737e-18     2.58837310297e-17     1.68115989952e-18     
9.47904316493         1.50590497461e-17     7.43285264202e-18     1.50590497461e-17     7.43285264202e-18     2.88540822013e-17     2.05181980664e-18     
9.66043897243         1.60148699258e-17     8.89137086072e-18     1.60148699258e-17     8.89137086072e-18     3.195630893e-17       2.47512399917e-18     
9.84183477993         1.69147920918e-17     1.05280005947e-17     1.69147920918e-17     1.05280005947e-17     3.51871594091e-17     2.95446527639e-18     
10.0232305874         1.77520754662e-17     1.23517859886e-17     1.77520754662e-17     1.23517859886e-17     3.85438587281e-17     3.49286980149e-18     
10.2046263949         1.85204395134e-17     1.43714671086e-17     1.85204395134e-17     1.43714671086e-17     4.20225573047e-17     4.09304856937e-18     
10.3860222024         1.92140296936e-17     1.6595481088e-17      1.92140296936e-17     1.6595481088e-17      4.56204997107e-17     4.75872968541e-18     
10.5674180099         1.98273856664e-17     1.90319653486e-17     1.98273856664e-17     1.90319653486e-17     4.93351458277e-17     5.49292607402e-18     
10.7488138174         2.03554118431e-17     2.16887624436e-17     2.03554118431e-17     2.16887624436e-17     5.31640459874e-17     6.29855403006e-18     
10.9302096249         2.07933501635e-17     2.45734261516e-17     2.07933501635e-17     2.45734261516e-17     5.71048950326e-17     7.17843364897e-18     
11.1116054324         2.11367549657e-17     2.76932285127e-17     2.11367549657e-17     2.76932285127e-17     6.11555511192e-17     8.13528983625e-18     
11.2930012399         2.13814698112e-17     3.1055167559e-17      2.13814698112e-17     3.1055167559e-17      6.53141526813e-17     9.1717537754e-18      
11.4743970474         2.15236061276e-17     3.46659755343e-17     2.15236061276e-17     3.46659755343e-17     6.95786207737e-17     1.02894788334e-17     
11.6557928549         2.1559523537e-17      3.85321274373e-17     2.1559523537e-17      3.85321274373e-17     7.39464444315e-17     1.14916223819e-17     
11.8371886624         2.14858117411e-17     4.26598497531e-17     2.14858117411e-17     4.26598497531e-17     7.84161708387e-17     1.27806173202e-17     
12.0185844699         2.12992738406e-17     4.70551292665e-17     2.12992738406e-17     4.70551292665e-17     8.29862120417e-17     1.4158739651e-17      
12.1999802774         2.09969109759e-17     5.17237218688e-17     2.09969109759e-17     5.17237218688e-17     8.76550489296e-17     1.56281830756e-17     
12.3813760849         2.05759081816e-17     5.66711612898e-17     2.05759081816e-17     5.66711612898e-17     9.24212433926e-17     1.71910615958e-17     
12.5627718924         2.00336213548e-17     6.19027677019e-17     2.00336213548e-17     6.19027677019e-17     9.72834383844e-17     1.88494121489e-17     
12.7441677            1.93675652477e-17     6.74236561531e-17     1.93675652477e-17     6.74236561531e-17     1.02240355881e-16     2.06051972516e-17     
12.9255635075         1.85754023967e-17     7.32387447972e-17     1.85754023967e-17     7.32387447972e-17     1.07290795491e-16     2.24603076308e-17     
13.106959315          1.76549329129e-17     7.93527628986e-17     1.76549329129e-17     7.93527628986e-17     1.12433636817e-16     2.44165648259e-17     
13.2883551225         1.66040850612e-17     8.57702585931e-17     1.66040850612e-17     8.57702585931e-17     1.17667858194e-16     2.64757237496e-17     
13.46975093           1.54209065628e-17     9.24956063942e-17     1.54209065628e-17     9.24956063942e-17     1.2299275171e-16      2.86393143982e-17     
13.6511467375         1.41035565603e-17     9.95330144368e-17     1.41035565603e-17     9.95330144368e-17     1.28406637686e-16     3.09084173908e-17     
13.832542545          1.26502981926e-17     1.06886531457e-16     1.26502981926e-17     1.06886531457e-16     1.33908575513e-16     3.32852509041e-17     
14.0139383525         1.1059491727e-17      1.14560053502e-16     1.1059491727e-17      1.14560053502e-16     1.39497815368e-16     3.57713277414e-17     
14.19533416           9.32958820423e-18     1.22557330383e-16     9.32958820423e-18     1.22557330383e-16     1.45173565397e-16     3.83681060214e-17     
14.3767299675         7.45912355417e-18     1.30881971856e-16     7.45912355417e-18     1.30881971856e-16     1.50935059136e-16     4.10769913404e-17     
14.558125775          5.44671314361e-18     1.39537453556e-16     5.44671314361e-18     1.39537453556e-16     1.56781564205e-16     4.38993388586e-17     
14.7395215825         3.29104672159e-18     1.48527122679e-16     3.29104672159e-18     1.48527122679e-16     1.62712383477e-16     4.68364553111e-17     
14.92091739           9.90883730023e-19     1.57854203415e-16     9.90883730023e-19     1.57854203415e-16     1.68726854335e-16     4.98896009447e-17     
15.1023131975         -1.4549510493e-18     1.67521802154e-16     -1.4549510493e-18     1.67521802154e-16     1.74824347309e-16     5.30599913802e-17     
15.283709005          -4.04757153829e-18    1.77532912455e-16     -4.04757153829e-18    1.77532912455e-16     1.81004264541e-16     5.63487994024e-17     
15.4651048125         -6.78803412097e-18    1.87890419802e-16     -6.78803412097e-18    1.87890419802e-16     1.87266038238e-16     5.97571566784e-17     
15.64650062           -9.67734113901e-18    1.98597106146e-16     -9.67734113901e-18    1.98597106146e-16     1.93609129186e-16     6.3286155407e-17      
15.8278964275         -1.27164441449e-17    2.09655654239e-16     -1.27164441449e-17    2.09655654239e-16     2.00033025393e-16     6.69368499006e-17     
16.009292235          -1.59062469316e-17    2.21068651781e-16     -1.59062469316e-17    2.21068651781e-16     2.06537240897e-16     7.07102581009e-17     
16.1906880425         -1.92476083552e-17    2.32838595374e-16     -1.92476083552e-17    2.32838595374e-16     2.13121314833e-16     7.46073630326e-17     
16.37208385           -2.27413449674e-17    2.44967894296e-16     -2.27413449674e-17    2.44967894296e-16     2.1978481093e-16      7.86291141947e-17     
16.5534796575         -2.6388233471e-17     2.57458874112e-16     -2.6388233471e-17     2.57458874112e-16     2.26527317876e-16     8.27764288942e-17     
16.734875465          -3.01890130125e-17    2.70313780107e-16     -3.01890130125e-17    2.70313780107e-16     2.33348451878e-16     8.70501935215e-17     
16.9162712725         -3.41443873234e-17    2.83534780581e-16     -3.41443873234e-17    2.83534780581e-16     2.40247867091e-16     9.1451264773e-17      
17.09766708           -3.82550267216e-17    2.97123969976e-16     -3.82550267216e-17    2.97123969976e-16     2.47225332463e-16     9.59804708204e-17     
17.2790628875         -4.25215699833e-17    3.11083371876e-16     -4.25215699833e-17    3.11083371876e-16     2.54280425504e-16     1.00638006183e-16     
17.460458695          -4.69446260946e-17    3.25414941863e-16     -4.69446260946e-17    3.25414941863e-16     2.61412301982e-16     1.05425150696e-16     
17.6418545025         -5.1524775891e-17     3.40120570244e-16     -5.1524775891e-17     3.40120570244e-16     2.68620867498e-16     1.10342725967e-16     
17.82325031           -5.62625735938e-17    3.55202084662e-16     -5.62625735938e-17    3.55202084662e-16     2.75905856786e-16     1.15391456918e-16     
18.0046461175         -6.11585482501e-17    3.70661252579e-16     -6.11585482501e-17    3.70661252579e-16     2.83266996024e-16     1.20572045086e-16     
18.186041925          -6.62132050834e-17    3.86499783655e-16     -6.62132050834e-17    3.86499783655e-16     2.90704016615e-16     1.25885169522e-16     
18.3674377325         -7.14270267605e-17    4.02719332019e-16     -7.14270267605e-17    4.02719332019e-16     2.98216658641e-16     1.31331487652e-16     
18.54883354           -7.68004745814e-17    4.19321498438e-16     -7.68004745814e-17    4.19321498438e-16     3.05804671871e-16     1.36911636098e-16     
18.7302293475         -8.23339895967e-17    4.36307832387e-16     -8.23339895967e-17    4.36307832387e-16     3.13467815941e-16     1.42626231468e-16     
18.911625155          -8.80279936583e-17    4.53679834032e-16     -8.80279936583e-17    4.53679834032e-16     3.2120586022e-16      1.48475871104e-16     
19.0930209625         -9.38828904068e-17    4.71438956125e-16     -9.38828904068e-17    4.71438956125e-16     3.29018583524e-16     1.54461133811e-16     
19.27441677           -9.98990662005e-17    4.89586605811e-16     -9.98990662005e-17    4.89586605811e-16     3.36905773771e-16     1.60582580543e-16     
19.4558125775         -1.06076890991e-16    5.08124146359e-16     -1.06076890991e-16    5.08124146359e-16     3.44867227615e-16     1.66840755066e-16     
19.637208385          -1.12416719144e-16    5.27052898819e-16     -1.12416719144e-16    5.27052898819e-16     3.52902750071e-16     1.73236184594e-16     
19.8186041925         -1.18918890222e-16    5.46374143604e-16     -1.18918890222e-16    5.46374143604e-16     3.61012154148e-16     1.79769380394e-16     
20                    0                     0                     0                     0                     0                     0                     
