0.0779191396          0                     0                     0                     0                     0                     0                     
0.0876894038462       0.494342165934        -0.210341452157       0.494342165934        -0.210341452157       0.0865405284654       -0.0497207058319      
0.0974596680924       1.89679383188         -1.22801899652        1.89679383188         -1.22801899652        0.30794611417         -0.301541449166       
0.107229932339        3.31425276525         -2.62105486088        3.31425276525         -2.62105486088        0.488490050702        -0.654718504256       
0.117000196585        4.3965365836          -3.92867023886        4.3965365836          -3.92867023886        0.586393218328        -0.991164953301       
0.126770460831        5.10724235278         -4.97646521889        5.10724235278         -4.97646521889        0.616126050357        -1.26360436911        
0.136540725077        5.50559008005         -5.7385543869         5.50559008005         -5.7385543869         0.600509231989        -1.46375077282        
0.146310989324        5.6674186926          -6.24707564329        5.6674186926          -6.24707564329        0.55804101064         -1.59871204207        
0.15608125357         5.66002776283         -6.54970403769        5.66002776283         -6.54970403769        0.501701419144        -1.68026948714        
0.165851517816        5.5366823301          -6.69304175663        5.5366823301          -6.69304175663        0.439850630018        -1.72035397242        
0.175621782062        5.33696175612         -6.71744782664        5.33696175612         -6.71744782664        0.377479105879        -1.72919818475        
0.185392046308        5.08971859543         -6.6540586133         5.08971859543         -6.6540586133         0.317612835851        -1.71489548505        
0.195162310555        4.81620918878         -6.52845438499        4.81620918878         -6.52845438499        0.261913874767        -1.68411395987        
0.204932574801        4.53025558751         -6.35943517973        4.53025558751         -6.35943517973        0.210978163111        -1.64174552411        
0.214702839047        4.24169469669         -6.16108060713        4.24169469669         -6.16108060713        0.165020808149        -1.5914820552         
0.224473103293        3.95774196131         -5.94463903427        3.95774196131         -5.94463903427        0.124001740101        -1.53629553998        
0.234243367539        3.68237279279         -5.71734510708        3.68237279279         -5.71734510708        0.0875954065076       -1.47805490374        
0.244013631786        3.41839413125         -5.48555818412        3.41839413125         -5.48555818412        0.0554704424457       -1.41853056173        
0.253783896032        3.16759680952         -5.25322344212        3.16759680952         -5.25322344212        0.0272664410762       -1.35873506525        
0.263554160278        2.93066267314         -5.02361881432        2.93066267314         -5.02361881432        0.00257786346563      -1.29954348505        
0.273324424524        2.70770608369         -4.79879072512        2.70770608369         -4.79879072512        -0.0190230858608      -1.24150760575        
0.283094688771        2.49842441982         -4.57992249004        2.49842441982         -4.57992249004        -0.0378790800799      -1.18491991539        
0.292864953017        2.30287777667         -4.3679672632         2.30287777667         -4.3679672632         -0.054238239768       -1.13010304847        
0.302635217263        2.12070497414         -4.16380907028        2.12070497414         -4.16380907028        -0.0683430789266      -1.07728759359        
0.312405481509        1.95108167518         -3.96769497745        1.95108167518         -3.96769497745        -0.0804858465564      -1.02651655251        
0.322175745755        1.79342580724         -3.77983499545        1.79342580724         -3.77983499545        -0.0908839006124      -0.977849107207       
0.331946010002        1.64696591879         -3.60023347163        1.64696591879         -3.60023347163        -0.0997362902492      -0.931327160072       
0.341716274248        1.51125364563         -3.42846367004        1.51125364563         -3.42846367004        -0.107161274241       -0.886823949882       
0.351486538494        1.38435996665         -3.26535266121        1.38435996665         -3.26535266121        -0.113641311772       -0.844546951367       
0.36125680274         1.26731591038         -3.10953045186        1.26731591038         -3.10953045186        -0.118912110453       -0.804165299779       
0.371027066987        1.15839486056         -2.96103198277        1.15839486056         -2.96103198277        -0.123322014969       -0.765689261793       
0.380797331233        1.05744755576         -2.81971404612        1.05744755576         -2.81971404612        -0.126918505653       -0.729036592628       
0.390567595479        0.963922730293        -2.68508650494        0.963922730293        -2.68508650494        -0.129749804075       -0.694146087532       
0.400337859725        0.877151658064        -2.55694909348        0.877151658064        -2.55694909348        -0.131951159102       -0.660948343436       
0.410108123971        0.796763189159        -2.43500190154        0.796763189159        -2.43500190154        -0.133571563228       -0.629364554869       
0.419878388218        0.722271684814        -2.31900325598        0.722271684814        -2.31900325598        -0.134690202374       -0.599333880956       
0.429648652464        0.653018494884        -2.20858225755        0.653018494884        -2.20858225755        -0.135415570967       -0.570748588692       
0.43941891671         0.588934751926        -2.10335955858        0.588934751926        -2.10335955858        -0.13572825261        -0.543524072756       
0.449189180956        0.529588075211        -2.00316411318        0.529588075211        -2.00316411318        -0.135689743868       -0.517606196428       
0.458959445203        0.47457370621         -1.90782380259        0.47457370621         -1.90782380259        -0.135350951016       -0.492953481286       
0.468729709449        0.423678838192        -1.81687120202        0.423678838192        -1.81687120202        -0.134727231032       -0.469433677341       
0.478499973695        0.376528465031        -1.73031417595        0.376528465031        -1.73031417595        -0.133875033695       -0.447073506611       
0.488270237941        0.332730520702        -1.64776477627        0.332730520702        -1.64776477627        -0.132849363306       -0.425752416358       
0.498040502187        0.292282565853        -1.56903413021        0.292282565853        -1.56903413021        -0.131617552793       -0.405422254374       
0.507810766434        0.254887813217        -1.49393307936        0.254887813217        -1.49393307936        -0.130214703034       -0.38604170412        
0.51758103068         0.220313596949        -1.42230628542        0.220313596949        -1.42230628542        -0.128670926571       -0.367567261275       
0.527351294926        0.188311983387        -1.35396906368        0.188311983387        -1.35396906368        -0.127019676308       -0.34994880029        
0.537121559172        0.158776969434        -1.28873001503        0.158776969434        -1.28873001503        -0.125259974734       -0.333129023929       
0.546891823418        0.131534036605        -1.2264216446         0.131534036605        -1.2264216446         -0.12340111243        -0.317076338486       
0.556662087665        0.106420681171        -1.16691239314        0.106420681171        -1.16691239314        -0.121459276944       -0.301752448035       
0.566432351911        0.08329066126         -1.10994322453        0.08329066126         -1.10994322453        -0.119440900795       -0.287089028728       
0.576202616157        0.0619820746876       -1.05572549567        0.0619820746876       -1.05572549567        -0.117387754014       -0.273135924406       
0.585972880403        0.0424175176576       -1.00379948964        0.0424175176576       -1.00379948964        -0.11527284853        -0.259776069342       
0.59574314465         0.0244675019038       -0.954128553164       0.0244675019038       -0.954128553164       -0.113112930934       -0.246999109577       
0.605513408896        0.00803499062189      -0.906660324017       0.00803499062189      -0.906660324017       -0.110917539988       -0.234796883661       
0.615283673142        -0.0069917825083      -0.861232316596       -0.0069917825083      -0.861232316596       -0.108691682006       -0.223121962105       
0.625053937388        -0.0207026943517      -0.817785268729       -0.0207026943517      -0.817785268729       -0.106445145609       -0.211958614299       
0.634824201634        -0.0331749180504      -0.776209698852       -0.0331749180504      -0.776209698852       -0.104179157453       -0.201279442564       
0.644594465881        -0.0444879502568      -0.736431447415       -0.0444879502568      -0.736431447415       -0.101899476941       -0.191062403509       
0.654364730127        -0.0547920942517      -0.698614876638       -0.0547920942517      -0.698614876638       -0.0996608956733      -0.181350799629       
0.664134994373        -0.0639637299748      -0.661904265733       -0.0639637299748      -0.661904265733       -0.0973197306901      -0.171925716144       
0.673905258619        -0.0722446088163      -0.627005801407       -0.0722446088163      -0.627005801407       -0.0950223710813      -0.162967037875       
0.683675522866        -0.0796392037472      -0.593586350681       -0.0796392037472      -0.593586350681       -0.0927258228691      -0.154387771213       
0.693445787112        -0.0862036582303      -0.561582850718       -0.0862036582303      -0.561582850718       -0.0904319930275      -0.146173151728       
0.703216051358        -0.0919805246836      -0.530939206165       -0.0919805246836      -0.530939206165       -0.08814161489        -0.138308054144       
0.712986315604        -0.0970465042125      -0.501588707717       -0.0970465042125      -0.501588707717       -0.0858636528058      -0.130772718918       
0.72275657985         -0.101396480307       -0.473472016432       -0.101396480307       -0.473472016432       -0.0835859485668      -0.123554324082       
0.732526844097        -0.105089877436       -0.446578872494       -0.105089877436       -0.446578872494       -0.0813138714826      -0.116651357396       
0.742297108343        -0.108219048658       -0.420758374441       -0.108219048658       -0.420758374441       -0.0790632117204      -0.110018126083       
0.752067372589        -0.110753124016       -0.396065701804       -0.110753124016       -0.396065701804       -0.0768184613441      -0.103675548456       
0.761837636835        -0.112754661311       -0.372429721098       -0.112754661311       -0.372429721098       -0.0745880142043      -0.0976020945992      
0.771607901082        -0.114249845393       -0.349784384524       -0.114249845393       -0.349784384524       -0.0723680539243      -0.0917806170544      
0.781378165328        -0.115264599884       -0.328105737538       -0.115264599884       -0.328105737538       -0.0701597682356      -0.0862058286927      
0.791148429574        -0.115825527757       -0.307354285841       -0.115825527757       -0.307354285841       -0.0679632763248      -0.0808670642103      
0.80091869382         -0.115970338797       -0.287523564584       -0.115970338797       -0.287523564584       -0.0657836523804      -0.0757621191357      
0.810688958066        -0.115715870648       -0.268537582328       -0.115715870648       -0.268537582328       -0.0636156561881      -0.0708708125371      
0.820459222313        -0.115084777631       -0.250387151722       -0.115084777631       -0.250387151722       -0.0614611496257      -0.0661918940626      
0.830229486559        -0.114096564532       -0.233043450935       -0.114096564532       -0.233043450935       -0.0593197151045      -0.0617174653171      
0.839999750805        -0.112778051615       -0.216489052053       -0.112778051615       -0.216489052053       -0.057193664661       -0.0574426862128      
0.849770015051        -0.111133050883       -0.200668576005       -0.111133050883       -0.200668576005       -0.0550758682663      -0.0533529863416      
0.859540279297        -0.109197491258       -0.185595491491       -0.109197491258       -0.185595491491       -0.0529746420644      -0.0494524105529      
0.869310543544        -0.10697984237        -0.171232302472       -0.10697984237        -0.171232302472       -0.0508857185851      -0.0457308822277      
0.87908080779         -0.104497964166       -0.157560778657       -0.104497964166       -0.157560778657       -0.0488094680485      -0.042183522104       
0.888851072036        -0.101767935011       -0.144567030649       -0.101767935011       -0.144567030649       -0.0467464616347      -0.0388072483343      
0.898621336282        -0.0988045574113      -0.132230982994       -0.0988045574113      -0.132230982994       -0.0446957293881      -0.035596267523       
0.908391600529        -0.0956253792503      -0.120543883473       -0.0956253792503      -0.120543883473       -0.0426587462034      -0.0325487162588      
0.918161864775        -0.0922449722077      -0.10949597992        -0.0922449722077      -0.10949597992        -0.0406353848637      -0.0296619735608      
0.927932129021        -0.0886747054516      -0.099062544486       -0.0886747054516      -0.099062544486       -0.0386243993159      -0.0269297679094      
0.937702393267        -0.084934532298       -0.0892463140424      -0.084934532298       -0.0892463140424      -0.0366277476485      -0.0243527433325      
0.947472657513        -0.0810554720489      -0.0800398537415      -0.0810554720489      -0.0800398537415      -0.0346512062018      -0.0219290366539      
0.95724292176         -0.0770175657026      -0.0714355418889      -0.0770175657026      -0.0714355418889      -0.0326846209538      -0.019657523611       
0.967013186006        -0.0728738725806      -0.0634197721939      -0.0728738725806      -0.0634197721939      -0.030738910265       -0.0175337572328      
0.976783450252        -0.0686175124231      -0.0559786445926      -0.0686175124231      -0.0559786445926      -0.0288062726053      -0.015554809341       
0.986553714498        -0.0641570607861      -0.0490162967383      -0.0641570607861      -0.0490162967383      -0.0268416588401      -0.013694321923       
0.996323978745        -0.0596402845989      -0.0426346228633      -0.0596402845989      -0.0426346228633      -0.0248995906166      -0.0119808143137      
1.00609424299         -0.0551855605692      -0.0368841635773      -0.0551855605692      -0.0368841635773      -0.0230219396649      -0.0104294234856      
1.01586450724         -0.0508202480798      -0.0317358128012      -0.0508202480798      -0.0317358128012      -0.0212118318051      -0.00903311741688     
1.02563477148         -0.0465712669475      -0.0271600370798      -0.0465712669475      -0.0271600370798      -0.0194728535534      -0.00778489071942     
1.03540503573         -0.0424667965811      -0.0231238984075      -0.0424667965811      -0.0231238984075      -0.0178094371526      -0.00667690877801     
1.04517529998         -0.0385368592944      -0.0195924073096      -0.0385368592944      -0.0195924073096      -0.0162274814747      -0.00570086453665     
1.05494556422         -0.0347984967868      -0.0165223542202      -0.0347984967868      -0.0165223542202      -0.0147281831975      -0.00484610446325     
1.06471582847         -0.0312742426594      -0.0138734729995      -0.0312742426594      -0.0138734729995      -0.013316290115       -0.00410287975734     
1.07448609271         -0.0279773922914      -0.0116023526457      -0.0279773922914      -0.0116023526457      -0.0119937867913      -0.0034604291913      
1.08425635696         -0.0249137798302      -0.00966545082163     -0.0249137798302      -0.00966545082163     -0.0107606083497      -0.00290782157142     
1.09402662121         -0.0220856729178      -0.00802150830375     -0.0220856729178      -0.00802150830375     -0.00961621933581     -0.00243462307436     
1.10379688545         -0.0194890148824      -0.00663163956001     -0.0194890148824      -0.00663163956001     -0.00855829528808     -0.00203088836717     
1.1135671497          -0.017117158892       -0.00546070008111     -0.017117158892       -0.00546070008111     -0.00758407831449     -0.00168752299229     
1.12333741395         -0.0149611309357      -0.00447755993114     -0.0149611309357      -0.00447755993114     -0.0066903132766      -0.00139644390468     
1.13310767819         -0.0130095384783      -0.00365448951686     -0.0130095384783      -0.00365448951686     -0.00587308044504     -0.00115034877023     
1.14287794244         -0.0112493025529      -0.0029672696701      -0.0112493025529      -0.0029672696701      -0.00512790064492     -0.000942795478689    
1.15264820668         -0.00966818734478     -0.0023953346403      -0.00966818734478     -0.0023953346403      -0.00445080035065     -0.000768298271635    
1.16241847093         -0.00825296040187     -0.00192068464755     -0.00825296040187     -0.00192068464755     -0.00383740030837     -0.00062193681906     
1.17218873518         -0.00699084331175     -0.00152825720838     -0.00699084331175     -0.00152825720838     -0.00328346963364     -0.000499648328975    
1.18195899942         -0.00586955695387     -0.00120499264084     -0.00586955695387     -0.00120499264084     -0.00278494891591     -0.000397804206894    
1.19172926367         -0.00487759635111     -0.000939973659415    -0.00487759635111     -0.000939973659415    -0.00233803531432     -0.000313377898855    
1.20149952792         -0.00400419939325     -0.000723859596823    -0.00400419939325     -0.000723859596823    -0.00193915987677     -0.000243738870842    
1.21126979216         -0.00323931082721     -0.00054875901513     -0.00323931082721     -0.00054875901513     -0.00158496216258     -0.000186648642772    
1.22104005641         -0.00257353736117     -0.000407944075029    -0.00257353736117     -0.000407944075029    -0.00127227135381     -0.000140174983379    
1.23081032065         -0.0019983636703      -0.000295738492017    -0.0019983636703      -0.000295738492017    -0.000998214941558    -0.000102672326101    
1.2405805849          -0.0015062306016      -0.000207351414326    -0.0015062306016      -0.000207351414326    -0.000760269667972    -7.27374044434e-05    
1.2415805849          -0.00146026048664     -0.000199480449203    -0.00146026048664     -0.000199480449203    -0.000737856734209    -7.0050636438e-05     
1.2585805849          -0.000794408965847    -9.36277094532e-05    -0.000794408965847    -9.36277094532e-05    -0.000408914697687    -3.34645903436e-05    
1.2755805849          -0.000329132766294    -2.97978986736e-05    -0.000329132766294    -2.97978986736e-05    -0.000172950876445    -1.0780848282e-05     
1.2925805849          -5.04203089273e-05    4.65077731449e-06     -5.04203089273e-05    4.65077731449e-06     -2.79954259553e-05    1.89261037076e-06     
1.3095805849          7.96705286386e-06     7.60181324451e-05     7.96705286386e-06     7.60181324451e-05     7.95240357506e-05     -3.81932632843e-05    
1.3265805849          9.18783314945e-06     0.000275629747078     9.18783314945e-06     0.000275629747078     7.16375673581e-05     7.7447442524e-05      
1.3435805849          8.12194720424e-06     0.000507968978497     8.12194720424e-06     0.000507968978497     6.48092189228e-05     0.00021703606318      
1.3605805849          6.00503201089e-06     0.000743535075156     6.00503201089e-06     0.000743535075156     5.86031435503e-05     0.000363679136769     
1.3615805849          5.86495489982e-06     0.000757179565934     5.86495489982e-06     0.000757179565934     5.82574021353e-05     0.000372334861143     
1.36966184332         4.70375505857e-06     0.000865622090397     4.70375505857e-06     0.000865622090397     5.55175020087e-05     0.00044184119119      
1.37774310174         3.52560034479e-06     0.000970543430014     3.52560034479e-06     0.000970543430014     5.28965530579e-05     0.000510320213952     
1.38582436016         2.36841532428e-06     0.00107148365048      2.36841532428e-06     0.00107148365048      5.04022267203e-05     0.000577420126774     
1.39390561858         1.25963504992e-06     0.00116778083079      1.25963504992e-06     0.00116778083079      4.80219788234e-05     0.000642687278117     
1.40198687699         2.20181126807e-07     0.00125915334054      2.20181126807e-07     0.00125915334054      4.57565854073e-05     0.000705872470367     
1.41006813541         -7.35246411978e-07    0.00134526569578      -7.35246411978e-07    0.00134526569578      4.35999505984e-05     0.000766698488667     
1.41814939383         -1.59682670653e-06    0.00142605784217      -1.59682670653e-06    0.00142605784217      4.15524749529e-05     0.000825044821563     
1.42623065225         -2.35868102537e-06    0.00150137102122      -2.35868102537e-06    0.00150137102122      3.96085169571e-05     0.000880737232492     
1.43431191067         -3.01809159729e-06    0.00157114042409      -3.01809159729e-06    0.00157114042409      3.77638108636e-05     0.000933656235975     
1.44239316909         -3.57503961095e-06    0.00163541586935      -3.57503961095e-06    0.00163541586935      3.60155864477e-05     0.000983752002838     
1.45047442751         -4.0314565943e-06     0.00169423242124      -4.0314565943e-06     0.00169423242124      3.43594973648e-05     0.00103096893638      
1.45855568593         -4.3906629622e-06     0.00174757997714      -4.3906629622e-06     0.00174757997714      3.27897439267e-05     0.00107522543767      
1.46663694435         -4.65744016467e-06    0.0017955779539       -4.65744016467e-06    0.0017955779539       3.13027595374e-05     0.00111652041595      
1.47471820277         -4.83715683227e-06    0.00183823981413      -4.83715683227e-06    0.00183823981413      2.98927452803e-05     0.0011547894625       
1.48279946118         -4.93673026206e-06    0.00187593406994      -4.93673026206e-06    0.00187593406994      2.85594863719e-05     0.00119019352947      
1.4908807196          -4.96211983809e-06    0.0019085088299       -4.96211983809e-06    0.0019085088299       2.7294245519e-05      0.00122256888801      
1.49896197802         -4.92080228384e-06    0.00193630141518      -4.92080228384e-06    0.00193630141518      2.60958776826e-05     0.00125206379446      
1.50704323644         -4.81951165439e-06    0.00195932670075      -4.81951165439e-06    0.00195932670075      2.49585049741e-05     0.0012786234665       
1.51512449486         -4.66549535326e-06    0.00197780420146      -4.66549535326e-06    0.00197780420146      2.38791817267e-05     0.00130232744656      
1.52320575328         -4.46596037294e-06    0.00199199478608      -4.46596037294e-06    0.00199199478608      2.2855353864e-05      0.00132328708479      
1.5312870117          -4.22730576211e-06    0.00200189100283      -4.22730576211e-06    0.00200189100283      2.18814410781e-05     0.00134143914695      
1.53936827012         -3.95629409238e-06    0.0020077492245       -3.95629409238e-06    0.0020077492245       2.09551316243e-05     0.00135689762234      
1.54744952854         -3.65912684148e-06    0.00200970625949      -3.65912684148e-06    0.00200970625949      2.00728931474e-05     0.00136969996325      
1.55553078696         -3.3415697699e-06     0.00200782770101      -3.3415697699e-06     0.00200782770101      1.92307343534e-05     0.00137983694922      
1.56361204537         -3.00970205994e-06    0.00200258273864      -3.00970205994e-06    0.00200258273864      1.84287051599e-05     0.00138757962958      
1.57169330379         -2.66830913851e-06    0.00199390152753      -2.66830913851e-06    0.00199390152753      1.76618224456e-05     0.00139283221109      
1.57977456221         -2.32233519959e-06    0.00198205323059      -2.32233519959e-06    0.00198205323059      1.69285129641e-05     0.00139573519719      
1.58785582063         -1.97603585759e-06    0.00196708811811      -1.97603585759e-06    0.00196708811811      1.62254499743e-05     0.00139627897555      
1.59593707905         -1.63390726416e-06    0.00194973106606      -1.63390726416e-06    0.00194973106606      1.5554997727e-05      0.00139493684434      
1.60401833747         -1.29830141306e-06    0.0019286663737       -1.29830141306e-06    0.0019286663737       1.49033576363e-05     0.00139072618697      
1.61209959589         -9.73626082567e-07    0.00190548655943      -9.73626082567e-07    0.00190548655943      1.42801275229e-05     0.00138474743906      
1.62018085431         -6.62293933458e-07    0.00187985934075      -6.62293933458e-07    0.00187985934075      1.3679722979e-05      0.00137672652952      
1.62826211273         -3.66767174596e-07    0.00185202853999      -3.66767174596e-07    0.00185202853999      1.31012366684e-05     0.00136680630253      
1.63634337115         -8.90749125762e-08    0.00182196619362      -8.90749125762e-08    0.00182196619362      1.25419758959e-05     0.00135493227612      
1.64442462956         1.69041043181e-07     0.00179006491634      1.69041043181e-07     0.00179006491634      1.20023498738e-05     0.00134136381342      
1.65250588798         4.06220205209e-07     0.0017563166777       4.06220205209e-07     0.0017563166777       1.14801208137e-05     0.00132606604003      
1.6605871464          6.21405987985e-07     0.00172090339955      6.21405987985e-07     0.00172090339955      1.09745047513e-05     0.00130914773882      
1.66866840482         8.13864292196e-07     0.00168400285678      8.13864292196e-07     0.00168400285678      1.0484796663e-05      0.00129071804663      
1.67674966324         9.83129255094e-07     0.00164573669945      9.83129255094e-07     0.00164573669945      1.00100522159e-05     0.0012708462652       
1.68483092166         1.12916924993e-06     0.00160647707805      1.12916924993e-06     0.00160647707805      9.55094306844e-06     0.00124979882206      
1.69291218008         1.25552573968e-06     0.001570640535        1.25552573968e-06     0.001570640535        9.13164021398e-06     0.00123102008319      
1.7009934385          1.36496593972e-06     0.00153984393535      1.36496593972e-06     0.00153984393535      8.75833944175e-06     0.00121584615317      
1.70907469692         1.45184614326e-06     0.00150655818209      1.45184614326e-06     0.00150655818209      8.3858235625e-06      0.00119837618688      
1.71715595534         1.51643138831e-06     0.00147115602847      1.51643138831e-06     0.00147115602847      8.01575307772e-06     0.00117886483009      
1.72523721375         1.55915021948e-06     0.00143386823783      1.55915021948e-06     0.00143386823783      7.64894381612e-06     0.00115746022871      
1.73331847217         1.58062816454e-06     0.00139487529384      1.58062816454e-06     0.00139487529384      7.28593446597e-06     0.00113427448264      
1.74139973059         1.5816861486e-06      0.00135433526566      1.5816861486e-06      0.00135433526566      6.92715896814e-06     0.00110940503845      
1.74948098901         1.5633284967e-06      0.00131239444553      1.5633284967e-06      0.00131239444553      6.57301226373e-06     0.00108294283611      
1.75756224743         1.52672951809e-06     0.00126919226281      1.52672951809e-06     0.00126919226281      6.22387941117e-06     0.00105497607793      
1.76564350585         1.47321867802e-06     0.00122486381062      1.47321867802e-06     0.00122486381062      5.88014924238e-06     0.0010255921733       
1.77372476427         1.40426364926e-06     0.00117954109641      1.40426364926e-06     0.00117954109641      5.54222031986e-06     0.000994878687783     
1.78180602269         1.32145386109e-06     0.00113335390576      1.32145386109e-06     0.00113335390576      5.21050328081e-06     0.000962924030492     
1.78988728111         1.22648323261e-06     0.00108643030924      1.22648323261e-06     0.00108643030924      4.88542085966e-06     0.00092981786303      
1.79796853953         1.12113241508e-06     0.001038896868        1.12113241508e-06     0.001038896868        4.56740651819e-06     0.000895651245295     
1.80604979794         1.00725163555e-06     0.000990878950882     1.00725163555e-06     0.000990878950882     4.25690243609e-06     0.000860516919272     
1.81413105636         8.86742939973e-07     0.000942500873872     8.86742939973e-07     0.000942500873872     3.95435683057e-06     0.000824509431182     
1.82221231478         7.6154213169e-07      0.000893885967965     7.6154213169e-07      0.000893885967965     3.66022085546e-06     0.000787725190502     
1.8302935732          6.33601003026e-07     0.000845156789274     6.33601003026e-07     0.000845156789274     3.37494534779e-06     0.000750262685455     
1.83837483162         5.04869161014e-07     0.000796435190461     5.04869161014e-07     0.000796435190461     3.0989773212e-06      0.00071222255933      
1.84645609004         3.77276081561e-07     0.00074784244111      3.77276081561e-07     0.00074784244111      2.83275642779e-06     0.000673707735883     
1.85453734846         2.52712582719e-07     0.000699499445999     2.52712582719e-07     0.000699499445999     2.5767112278e-06      0.000634823663836     
1.86261860688         1.33012688374e-07     0.000651526889159     1.33012688374e-07     0.000651526889159     2.33125555746e-06     0.000595678470831     
1.8706998653          1.99348413189e-08     0.000604045478627     1.99348413189e-08     0.000604045478627     2.0967847532e-06      0.000556383237538     
1.87878112372         -8.48573751416e-08    0.000557176285837     -8.48573751416e-08    0.000557176285837     1.8736718551e-06      0.000517052377125     
1.88686238213         -1.79814291489e-07    0.000511041056069     -1.79814291489e-07    0.000511041056069     1.6622639489e-06      0.000477803976366     
1.89494364055         -2.6352085578e-07     0.000465762719935     -2.6352085578e-07     0.000465762719935     1.46287828924e-06     0.000438760373546     
1.90302489897         -3.3471785855e-07     0.000421465981839     -3.3471785855e-07     0.000421465981839     1.27579853363e-06     0.000400048817412     
1.91110615739         -3.92324170453e-07    0.000378278052311     -3.92324170453e-07    0.000378278052311     1.10127105685e-06     0.000361802284978     
1.91918741581         -4.35461984024e-07    0.000336329662511     -4.35461984024e-07    0.000336329662511     9.39500985952e-07     0.000324160632394     
1.92726867423         -4.63483717548e-07    0.000295756328184     -4.63483717548e-07    0.000295756328184     7.90648490356e-07     0.000287272013205     
1.93534993265         -4.76003304843e-07    0.000256700067742     -4.76003304843e-07    0.000256700067742     6.54824929357e-07     0.000251294817063     
1.94343119107         -4.72933323865e-07    0.000219311743384     -4.72933323865e-07    0.000219311743384     5.32088948644e-07     0.000216400314746     
1.95151244949         -4.5452990026e-07     0.000183754321294     -4.5452990026e-07     0.000183754321294     4.22442781621e-07     0.000182776327202     
1.95959370791         -4.21450781052e-07    0.000150207601045     -4.21450781052e-07    0.000150207601045     3.25828649578e-07     0.000150632549654     
1.96767496632         -3.74833446796e-07    0.000118875323692     -3.74833446796e-07    0.000118875323692     2.42125801303e-07     0.00012020853029      
1.97575622474         -3.16407518096e-07    8.99964909587e-05     -3.16407518096e-07    8.99964909587e-05     1.71148994704e-07     9.17863344523e-05     
1.98383748316         -2.48669768348e-07    6.3864701349e-05      -2.48669768348e-07    6.3864701349e-05      1.12650655907e-07     6.57120956348e-05     
1.99191874158         -1.75186831319e-07    4.08647001382e-05     -1.75186831319e-07    4.08647001382e-05     6.63330677186e-08     4.24365614335e-05     
2                     -1.01207605962e-07    2.15530431063e-05     -1.01207605962e-07    2.15530431063e-05     3.18918155839e-08     2.26040975947e-05     
2.001                 -9.23817991712e-08    1.94594396383e-05     -9.23817991712e-08    1.94594396383e-05     2.84443110161e-08     2.04347106567e-05     
2.18280808081         0.00074600883507      1.3581172159e-05      0.00074600883507      1.3581172159e-05      0.000907713560924     -5.65348103881e-05    
2.36461616162         0.00189618340864      7.61885648289e-05     0.00189618340864      7.61885648289e-05     0.00260795362991      -0.000235270933715    
2.54642424242         0.00273894572216      0.000195423516673     0.00273894572216      0.000195423516673     0.00423415617923      -0.000479641875417    
2.72823232323         0.00302130334116      0.000340076978339     0.00302130334116      0.000340076978339     0.00523309254181      -0.000694156865852    
2.91004040404         0.00278436160292      0.000459203003557     0.00278436160292      0.000459203003557     0.00539546678614      -0.000804738850747    
3.09184848485         0.00222887196383      0.000512445772154     0.00222887196383      0.000512445772154     0.00483090688668      -0.00078900400855     
3.27365656566         0.00158133336508      0.000489400148038     0.00158133336508      0.000489400148038     0.00383702810277      -0.000673685486812    
3.45546464646         0.00100614278778      0.000408734880367     0.00100614278778      0.000408734880367     0.00273840689867      -0.000509975663745    
3.63727272727         0.000578463808633     0.000302914799242     0.000578463808633     0.000302914799242     0.00177117712764      -0.000346373784018    
3.81908080808         0.000302059406281     0.000201308436391     0.000302059406281     0.000201308436391     0.00104471477363      -0.000212863078947    
4.00088888889         0.000143748754852     0.000120916950336     0.000143748754852     0.000120916950336     0.000564633358026     -0.00011911994172     
4.1826969697          6.24784864439e-05     6.60427360349e-05     6.24784864439e-05     6.60427360349e-05     0.000280653151892     -6.09988621049e-05    
4.36450505051         2.48235775447e-05     3.29552762419e-05     2.48235775447e-05     3.29552762419e-05     0.000128665977402     -2.8692167401e-05     
4.54631313131         9.01270004754e-06     1.50799945722e-05     9.01270004754e-06     1.50799945722e-05     5.45302852676e-05     -1.24338115741e-05    
4.72812121212         2.98475730292e-06     6.34655928003e-06     2.98475730292e-06     6.34655928003e-06     2.14031477877e-05     -4.97594765381e-06    
4.90992929293         8.98161135807e-07     2.46246546184e-06     8.98161135807e-07     2.46246546184e-06     7.79127251391e-06     -1.84245325463e-06    
5.09173737374         2.43849800119e-07     8.82548245525e-07     2.43849800119e-07     8.82548245525e-07     2.63353872017e-06     -6.32154577306e-07    
5.27354545455         5.89625238803e-08     2.92642299744e-07     5.89625238803e-08     2.92642299744e-07     8.27349795984e-07     -2.01233349267e-07    
5.45535353535         1.23731285454e-08     8.98968364567e-08     1.23731285454e-08     8.98968364567e-08     2.41770516139e-07     -5.94945717481e-08    
5.63716161616         2.11886082627e-09     2.56122292251e-08     2.11886082627e-09     2.56122292251e-08     6.57617274342e-08     -1.63505866865e-08    
5.81896969697         2.38272712514e-10     6.77422896614e-09     2.38272712514e-10     6.77422896614e-09     1.66588714421e-08     -4.18011019711e-09    
6.00077777778         -1.04490600195e-11    1.66470199996e-09     -1.04490600195e-11    1.66470199996e-09     3.93216424055e-09     -9.94748936063e-10    
6.18258585859         -1.62093560504e-11    3.80350034777e-10     -1.62093560504e-11    3.80350034777e-10     8.65194504539e-10     -2.2046796664e-10     
6.36439393939         -6.03505270504e-12    8.08476349816e-11     -6.03505270504e-12    8.08476349816e-11     1.77521447041e-10     -4.55289619428e-11    
6.5462020202          -1.64789850516e-12    1.59962950846e-11     -1.64789850516e-12    1.59962950846e-11     3.39766211724e-11     -8.76428170137e-12    
6.72801010101         -3.78071456974e-13    2.94770143154e-12     -3.78071456974e-13    2.94770143154e-12     6.06824437078e-12     -1.57335249396e-12    
6.90981818182         -7.64199644407e-14    5.06720425517e-13     -7.64199644407e-14    5.06720425517e-13     1.01282752303e-12     -2.63804431492e-13    
7.09162626263         -1.37679139777e-14    8.04945427207e-14     -1.37679139777e-14    8.04945427207e-14     1.56467915391e-13     -4.09202024807e-14    
7.27343434343         -2.18807299346e-15    1.15617558812e-14     -2.18807299346e-15    1.15617558812e-14     2.18887709387e-14     -5.74518906073e-15    
7.45524242424         -5.25564616404e-16    2.55503485896e-15     -5.25564616404e-16    2.55503485896e-15     4.71768517569e-15     -1.24224303693e-15    
7.63705050505         -7.45264415682e-17    3.37836711305e-16     -7.45264415682e-17    3.37836711305e-16     6.0914917247e-16      -1.608563047e-16      
7.81885858586         -8.60374663934e-17    3.67461690773e-16     -8.60374663934e-17    3.67461690773e-16     6.47771856489e-16     -1.71487116942e-16    
8.00066666667         -9.82195050866e-17    3.98490897931e-16     -9.82195050866e-17    3.98490897931e-16     6.87532326105e-16     -1.82418228179e-16    
8.18247474747         -1.11073484767e-16    4.30933247607e-16     -1.11073484767e-16    4.30933247607e-16     7.28429416429e-16     -1.93647129764e-16    
8.36428282828         -1.24600152312e-16    4.64797024505e-16     -1.24600152312e-16    4.64797024505e-16     7.70462053217e-16     -2.05171456095e-16    
8.54609090909         -1.38800099723e-16    5.00089936925e-16     -1.38800099723e-16    5.00089936925e-16     8.13629268866e-16     -2.16988975588e-16    
8.7278989899          -1.53673785874e-16    5.36819165195e-16     -1.53673785874e-16    5.36819165195e-16     8.57930196275e-16     -2.29097582155e-16    
8.90970707071         -1.69221555182e-16    5.7499140538e-16      -1.69221555182e-16    5.7499140538e-16      9.03364060018e-16     -2.41495287198e-16    
9.09151515152         -1.85443653668e-16    6.14612908808e-16     -1.85443653668e-16    6.14612908808e-16     9.49930167544e-16     -2.54180212094e-16    
9.27332323232         -2.02340242792e-16    6.55689517841e-16     -2.02340242792e-16    6.55689517841e-16     9.97627900986e-16     -2.67150581164e-16    
9.45513131313         -2.19911411392e-16    6.98226698302e-16     -2.19911411392e-16    6.98226698302e-16     1.04645670971e-15     -2.80404715102e-16    
9.63693939394         -2.38157185996e-16    7.42229568911e-16     -2.38157185996e-16    7.42229568911e-16     1.0964161036e-15      -2.93941024847e-16    
9.81874747475         -2.5707753974e-16     7.87702928038e-16     -2.5707753974e-16     7.87702928038e-16     1.14750564703e-15     -3.07758005859e-16    
10.0005555556         -2.76672400097e-16    8.34651278047e-16     -2.76672400097e-16    8.34651278047e-16     1.19972495348e-15     -3.21854232798e-16    
10.1823636364         -2.96941655574e-16    8.83078847485e-16     -2.96941655574e-16    8.83078847485e-16     1.25307368063e-15     -3.36228354556e-16    
10.3641717172         -3.17885161519e-16    9.32989611327e-16     -3.17885161519e-16    9.32989611327e-16     1.30755152607e-15     -3.5087908964e-16     
10.545979798          -3.39502745171e-16    9.84387309464e-16     -3.39502745171e-16    9.84387309464e-16     1.36315822338e-15     -3.65805221866e-16    
10.7277878788         -3.61794210046e-16    1.03727546362e-15     -3.61794210046e-16    1.03727546362e-15     1.41989353862e-15     -3.81005596352e-16    
10.9095959596         -3.84759339746e-16    1.09165739285e-15     -3.84759339746e-16    1.09165739285e-15     1.47775726717e-15     -3.9647911579e-16     
11.0914040404         -4.08397901281e-16    1.14753622771e-15     -4.08397901281e-16    1.14753622771e-15     1.53674923096e-15     -4.12224736968e-16    
11.2732121212         -4.32709647949e-16    1.20491492333e-15     -4.32709647949e-16    1.20491492333e-15     1.59686927583e-15     -4.28241467534e-16    
11.455020202          -4.57694321852e-16    1.26379627138e-15     -4.57694321852e-16    1.26379627138e-15     1.65811726932e-15     -4.44528362979e-16    
11.6368282828         -4.83351656078e-16    1.32418291106e-15     -4.83351656078e-16    1.32418291106e-15     1.72049309855e-15     -4.61084523821e-16    
11.8186363636         -5.09681376604e-16    1.38607733926e-15     -5.09681376604e-16    1.38607733926e-15     1.78399666838e-15     -4.77909092989e-16    
12.0004444444         -5.3668320395e-16     1.44948191994e-15     -5.3668320395e-16     1.44948191994e-15     1.8486278997e-15      -4.95001253366e-16    
12.1822525253         -5.64356854612e-16    1.51439889273e-15     -5.64356854612e-16    1.51439889273e-15     1.91438672792e-15     -5.12360225513e-16    
12.3640606061         -5.92702042315e-16    1.58083038089e-15     -5.92702042315e-16    1.58083038089e-15     1.9812731016e-15      -5.29985265529e-16    
12.5458686869         -6.21718479091e-16    1.64877839871e-15     -6.21718479091e-16    1.64877839871e-15     2.04928698118e-15     -5.47875663059e-16    
12.7276767677         -6.51405876221e-16    1.71824485833e-15     -6.51405876221e-16    1.71824485833e-15     2.11842833786e-15     -5.66030739431e-16    
12.9094848485         -6.8176394504e-16     1.78923157601e-15     -6.8176394504e-16     1.78923157601e-15     2.18869715257e-15     -5.84449845914e-16    
13.0912929293         -7.12792397642e-16    1.86174027807e-15     -7.12792397642e-16    1.86174027807e-15     2.26009341507e-15     -6.03132362082e-16    
13.2731010101         -7.44490947481e-16    1.93577260625e-15     -7.44490947481e-16    1.93577260625e-15     2.33261712305e-15     -6.22077694289e-16    
13.4549090909         -7.76859309884e-16    2.01133012281e-15     -7.76859309884e-16    2.01133012281e-15     2.40626828142e-15     -6.41285274237e-16    
13.6367171717         -8.09897202498e-16    2.0884143152e-15      -8.09897202498e-16    2.0884143152e-15      2.48104690155e-15     -6.60754557636e-16    
13.8185252525         -8.43604345661e-16    2.16702660043e-15     -8.43604345661e-16    2.16702660043e-15     2.55695300072e-15     -6.80485022942e-16    
14.0003333333         -8.77980462724e-16    2.24716832916e-15     -8.77980462724e-16    2.24716832916e-15     2.63398660147e-15     -7.0047617018e-16     
14.1821414141         -9.13025280314e-16    2.32884078946e-15     -9.13025280314e-16    2.32884078946e-15     2.71214773112e-15     -7.20727519829e-16    
14.3639494949         -9.48738528563e-16    2.41204521036e-15     -9.48738528563e-16    2.41204521036e-15     2.79143642128e-15     -7.4123861179e-16     
14.5457575758         -9.85119941282e-16    2.49678276517e-15     -9.85119941282e-16    2.49678276517e-15     2.87185270739e-15     -7.62009004395e-16    
14.7275656566         -1.02216925612e-15    2.58305457451e-15     -1.02216925612e-15    2.58305457451e-15     2.95339662839e-15     -7.83038273497e-16    
14.9093737374         -1.05988621468e-15    2.67086170925e-15     -1.05988621468e-15    2.67086170925e-15     3.03606822632e-15     -8.04326011595e-16    
15.0911818182         -1.09827056261e-15    2.76020519316e-15     -1.09827056261e-15    2.76020519316e-15     3.11986754597e-15     -8.25871827023e-16    
15.272989899          -1.13732204966e-15    2.85108600547e-15     -1.13732204966e-15    2.85108600547e-15     3.20479463465e-15     -8.47675343178e-16    
15.4547979798         -1.17704042977e-15    2.94350508321e-15     -1.17704042977e-15    2.94350508321e-15     3.29084954188e-15     -8.69736197799e-16    
15.6366060606         -1.21742546107e-15    3.03746332343e-15     -1.21742546107e-15    3.03746332343e-15     3.37803231917e-15     -8.9205404228e-16     
15.8184141414         -1.25847690589e-15    3.13296158528e-15     -1.25847690589e-15    3.13296158528e-15     3.46634301981e-15     -9.14628541029e-16    
16.0002222222         -1.30019453079e-15    3.23000069198e-15     -1.30019453079e-15    3.23000069198e-15     3.55578169868e-15     -9.37459370857e-16    
16.182030303          -1.34257810654e-15    3.32858143262e-15     -1.34257810654e-15    3.32858143262e-15     3.6463484121e-15      -9.60546220403e-16    
16.3638383838         -1.38562740809e-15    3.42870456389e-15     -1.38562740809e-15    3.42870456389e-15     3.73804321771e-15     -9.83888789593e-16    
16.5456464646         -1.42934221458e-15    3.53037081172e-15     -1.42934221458e-15    3.53037081172e-15     3.83086617445e-15     -1.00748678913e-15    
16.7274545455         -1.47372230926e-15    3.6335808728e-15      -1.47372230926e-15    3.6335808728e-15      3.9248173425e-15      -1.03133993999e-15    
16.9092626263         -1.51876747947e-15    3.73833541598e-15     -1.51876747947e-15    3.73833541598e-15     4.0198967835e-15      -1.05544797299e-15    
17.0910707071         -1.56447751659e-15    3.84463508368e-15     -1.56447751659e-15    3.84463508368e-15     4.11610456101e-15     -1.07981062835e-15    
17.2728787879         -1.61085221602e-15    3.95248049312e-15     -1.61085221602e-15    3.95248049312e-15     4.21344074196e-15     -1.10442765523e-15    
17.4546868687         -1.65789137706e-15    4.06187223752e-15     -1.65789137706e-15    4.06187223752e-15     4.31190540202e-15     -1.12929881142e-15    
17.6364949495         -1.70559480292e-15    4.17281088727e-15     -1.70559480292e-15    4.17281088727e-15     4.41149867938e-15     -1.15442390266e-15    
17.8183030303         -1.75396230062e-15    4.28529699098e-15     -1.75396230062e-15    4.28529699098e-15     4.5122204545e-15      -1.17980283555e-15    
18.0001111111         -1.80299368095e-15    4.39933107648e-15     -1.80299368095e-15    4.39933107648e-15     4.61407078695e-15     -1.20543522444e-15    
18.1819191919         -1.85268875836e-15    4.5149136518e-15      -1.85268875836e-15    4.5149136518e-15      4.71704977034e-15     -1.23132085793e-15    
18.3637272727         -1.90304735098e-15    4.63204520605e-15     -1.90304735098e-15    4.63204520605e-15     4.82115747493e-15     -1.25745953154e-15    
18.5455353535         -1.95406928045e-15    4.75072621031e-15     -1.95406928045e-15    4.75072621031e-15     4.92639396599e-15     -1.28385104743e-15    
18.7273434343         -2.00575437196e-15    4.8709571184e-15      -2.00575437196e-15    4.8709571184e-15      5.03275930664e-15     -1.31049521411e-15    
18.9091515152         -2.05810245407e-15    4.99273836767e-15     -2.05810245407e-15    4.99273836767e-15     5.14025355886e-15     -1.3373918462e-15     
19.090959596          -2.11111335875e-15    5.11607037972e-15     -2.11111335875e-15    5.11607037972e-15     5.24887678386e-15     -1.36454076416e-15    
19.2727676768         -2.16478692124e-15    5.24095356111e-15     -2.16478692124e-15    5.24095356111e-15     5.35862904218e-15     -1.3919417941e-15     
19.4545757576         -2.21912298002e-15    5.36738830396e-15     -2.21912298002e-15    5.36738830396e-15     5.46951039385e-15     -1.41959476751e-15    
19.6363838384         -2.27412137672e-15    5.49537498664e-15     -2.27412137672e-15    5.49537498664e-15     5.58152089838e-15     -1.44749952106e-15    
19.8181919192         -2.32978195606e-15    5.6249139743e-15      -2.32978195606e-15    5.6249139743e-15      5.6946606148e-15      -1.47565589644e-15    
20                    0                     0                     0                     0                     0                     0                     
