0.0779191396          0                     0                     0                     0                     0                     0                     
0.087577837391        0.800234005261        0.226374591828        0.800234005261        0.226374591828        0.142284488845        0.168441460046        
0.0972365351819       4.03038621397         0.93851600405         4.03038621397         0.93851600405         0.836239544081        0.734208006004        
0.106895232973        8.92609723095         1.61121292071         8.92609723095         1.61121292071         2.07538700033         1.3585497174          
0.116553930764        14.3672779103         1.84699579309         14.3672779103         1.84699579309         3.64713075919         1.75420998057         
0.126212628555        19.6125787704         1.48835755237         19.6125787704         1.48835755237         5.34073957791         1.79022700161         
0.135871326346        24.2312822745         0.500439017044        24.2312822745         0.500439017044        6.97781390415         1.42400501099         
0.145530024137        27.9470445109         -1.06534465715        27.9470445109         -1.06534465715        8.39053702704         0.673469311833        
0.155188721928        30.5584843386         -3.01187003776        30.5584843386         -3.01187003776        9.42017618795         -0.35113754356        
0.164847419719        32.0694531223         -5.00785201979        32.0694531223         -5.00785201979        10.0149581452         -1.45398021082        
0.17450611751         32.6905134204         -6.82405854646        32.6905134204         -6.82405854646        10.2478581519         -2.48910623924        
0.184164815301        32.6550963042         -8.3552275914         32.6550963042         -8.3552275914         10.2169011148         -3.38485655302        
0.193823513091        32.1652666057         -9.58337484234        32.1652666057         -9.58337484234        10.0099502496         -4.12243814777        
0.203482210882        31.3745635905         -10.5339833389        31.3745635905         -10.5339833389        9.69278942572         -4.71056943801        
0.213140908673        30.3813871011         -11.2395162446        30.3813871011         -11.2395162446        9.30553604091         -5.1645723805         
0.222799606464        29.2740325771         -11.731313837         29.2740325771         -11.731313837         8.88363627058         -5.49946742831        
0.232458304255        28.110153459          -12.0510948556        28.110153459          -12.0510948556        8.45078624897         -5.7364019738         
0.242117002046        26.930254227          -12.2352110537        26.930254227          -12.2352110537        8.02237601508         -5.89514468315        
0.251775699837        25.7562965861         -12.3155876303        25.7562965861         -12.3155876303        7.60491270943         -5.99341866764        
0.261434397628        24.5996010268         -12.3134828144        24.5996010268         -12.3134828144        7.20041119976         -6.04312426744        
0.271093095419        23.4692864216         -12.2437717454        23.4692864216         -12.2437717454        6.81040133375         -6.0524446404         
0.28075179321         22.3727307583         -12.1159016109        22.3727307583         -12.1159016109        6.43633004531         -6.02645201867        
0.290410491001        21.3184944132         -11.9412416954        21.3184944132         -11.9412416954        6.08131185946         -5.97146220649        
0.300069188792        20.3116789603         -11.7290862388        20.3116789603         -11.7290862388        5.74698283616         -5.89263570297        
0.309727886583        19.3558774662         -11.4893625476        19.3558774662         -11.4893625476        5.43453273772         -5.79563286119        
0.319386584374        18.4518314659         -11.2308879468        18.4518314659         -11.2308879468        5.14394039391         -5.68557070691        
0.329045282165        17.5980482927         -10.9616847659        17.5980482927         -10.9616847659        4.87396990398         -5.56722155457        
0.338703979956        16.7917510409         -10.6870035348        16.7917510409         -10.6870035348        4.62293159497         -5.44372132493        
0.348362677747        16.0299202015         -10.4113559242        16.0299202015         -10.4113559242        4.38898207004         -5.31776412966        
0.358021375538        15.3080305202         -10.1364825779        15.3080305202         -10.1364825779        4.16978873998         -5.19056992746        
0.367680073329        14.6226069835         -9.86126299078        14.6226069835         -9.86126299078        3.96349172724         -5.06198192321        
0.37733877112         13.9748978892         -9.59153380406        13.9748978892         -9.59153380406        3.77050957356         -4.93480699028        
0.386997468911        13.3612204322         -9.32747176813        13.3612204322         -9.32747176813        3.58906797174         -4.80943950338        
0.396656166702        12.7774282461         -9.0678778855         12.7774282461         -9.0678778855         3.41716630068         -4.68527746341        
0.406314864492        12.2233470994         -8.81297189293        12.2233470994         -8.81297189293        3.25493488557         -4.56251987182        
0.415973562283        11.696415186          -8.56353882715        11.696415186          -8.56353882715        3.10113155953         -4.4416645933         
0.425632260074        11.1956070332         -8.31850216513        11.1956070332         -8.31850216513        2.95563662784         -4.3221907858         
0.435290957865        10.7202657604         -8.07864648615        10.7202657604         -8.07864648615        2.81818583508         -4.20453126707        
0.444949655656        10.268680808          -7.84353658803        10.268680808          -7.84353658803        2.68827220389         -4.08854037825        
0.454608353447        9.84043542284         -7.61386886051        9.84043542284         -7.61386886051        2.56580299837         -3.97465127453        
0.464267051238        9.43411741532         -7.38965569892        9.43411741532         -7.38965569892        2.45035053412         -3.86292790164        
0.473925749029        9.04882013873         -7.17109259169        9.04882013873         -7.17109259169        2.34162001057         -3.75353052456        
0.48358444682         8.68350255918         -6.95853758915        8.68350255918         -6.95853758915        2.23932397446         -3.64671684031        
0.493243144611        8.33687087992         -6.7518701739         8.33687087992         -6.7518701739         2.14304469629         -3.54247473593        
0.502901842402        8.00855122015         -6.55157533127        8.00855122015         -6.55157533127        2.0526593704          -3.44112302599        
0.512560540193        7.69632045766         -6.35814046245        7.69632045766         -6.35814046245        1.96725062518         -3.3430185704         
0.522219237984        7.4002252594          -6.16958853233        7.4002252594          -6.16958853233        1.88718692053         -3.2470356441         
0.531877935775        7.11965147533         -5.98870627247        7.11965147533         -5.98870627247        1.81186348826         -3.15480731562        
0.541536633566        6.85235565113         -5.81378976274        6.85235565113         -5.81378976274        1.74064220135         -3.06544698266        
0.551195331357        6.59823994971         -5.64519301369        6.59823994971         -5.64519301369        1.67346897392         -2.97917297041        
0.560854029148        6.3562533273          -5.4826071286         6.3562533273          -5.4826071286         1.6099424613          -2.89584648735        
0.570512726939        6.12541088848         -5.32580739155        6.12541088848         -5.32580739155        1.54974527197         -2.8153888308         
0.58017142473         5.90559686574         -5.17512920654        5.90559686574         -5.17512920654        1.49277199217         -2.73797986765        
0.589830122521        5.69551893633         -5.02984246084        5.69551893633         -5.02984246084        1.43857241735         -2.66326613383        
0.599488820312        5.49467068076         -4.89000485538        5.49467068076         -4.89000485538        1.38696329126         -2.5912917378         
0.609147518103        5.30239136668         -4.75541600347        5.30239136668         -4.75541600347        1.33772425855         -2.52197882549        
0.618806215893        5.11848922573         -4.62533826038        5.11848922573         -4.62533826038        1.29073844355         -2.45490095914        
0.628464913684        4.94200235644         -4.5000626201         4.94200235644         -4.5000626201         1.24569440526         -2.3902742159         
0.638123611475        4.7727482011          -4.37925283592        4.7727482011          -4.37925283592        1.20257137929         -2.32789130685        
0.647782309266        4.61017319635         -4.2623589607         4.61017319635         -4.2623589607         1.16117007578         -2.26748843546        
0.657441007057        4.45448213366         -4.14989942857        4.45448213366         -4.14989942857        1.12167295536         -2.2093465849         
0.667099704848        4.3045579188          -4.0407618282         4.3045579188          -4.0407618282         1.08353071729         -2.15281679124        
0.676758402639        4.1598263903          -3.9349022398         4.1598263903          -3.9349022398         1.04661858905         -2.09802731305        
0.68641710043         4.02085868256         -3.83253968932        4.02085868256         -3.83253968932        1.01118193273         -2.0450034623         
0.696075798221        3.88723211726         -3.73345419795        3.88723211726         -3.73345419795        0.977108732507        -1.99362101424        
0.705734496012        3.75874242373         -3.63761889869        3.75874242373         -3.63761889869        0.944315964166        -1.94387391342        
0.715393193803        3.63480146697         -3.54454681779        3.63480146697         -3.54454681779        0.912621551737        -1.8955108221         
0.725051891594        3.51548849481         -3.45435728099        3.51548849481         -3.45435728099        0.882119060142        -1.84860462695        
0.734710589385        3.40045539416         -3.36662021317        3.40045539416         -3.36662021317        0.852651480995        -1.80291370552        
0.744369287176        3.28971270633         -3.28153959967        3.28971270633         -3.28153959967        0.824272111351        -1.75856252347        
0.754027984967        3.18274830719         -3.19873657814        3.18274830719         -3.19873657814        0.796812269171        -1.71535091396        
0.763686682758        3.079613881           -3.11816914814        3.079613881           -3.11816914814        0.770327854918        -1.67325333628        
0.773345380549        2.98023691032         -3.03980356279        2.98023691032         -3.03980356279        0.744810498037        -1.63225785426        
0.78300407834         2.88440807773         -2.96355944302        2.88440807773         -2.96355944302        0.720206792926        -1.59232595123        
0.792662776131        2.79237897409         -2.88943601656        2.79237897409         -2.88943601656        0.696695618108        -1.55344996751        
0.802321473922        2.70282734746         -2.8168972144         2.70282734746         -2.8168972144         0.673611989985        -1.51536951522        
0.811980171713        2.61685904709         -2.74645184195        2.61685904709         -2.74645184195        0.651583044604        -1.47833922631        
0.821638869504        2.53396278237         -2.67781340983        2.53396278237         -2.67781340983        0.630380573355        -1.4422147754         
0.831297567294        2.45397940888         -2.61089354967        2.45397940888         -2.61089354967        0.609952192829        -1.40695310346        
0.840956265085        2.37689512567         -2.54577681003        2.37689512567         -2.54577681003        0.590315026455        -1.37260525278        
0.850614962876        2.30236817171         -2.48216579293        2.30236817171         -2.48216579293        0.571362622301        -1.33901200172        
0.860273660667        2.23055407133         -2.42026661976        2.23055407133         -2.42026661976        0.553151101745        -1.30628731611        
0.869932358458        2.16120114154         -2.35990188608        2.16120114154         -2.35990188608        0.535619606529        -1.27434263222        
0.879591056249        2.09432267167         -2.30110645118        2.09432267167         -2.30110645118        0.518764278552        -1.24319051602        
0.88924975404         2.02966012083         -2.24370031817        2.02966012083         -2.24370031817        0.502508829657        -1.21274479114        
0.898908451831        1.9672153768          -2.1878824193         1.9672153768          -2.1878824193         0.486855192998        -1.1831217259         
0.908567149622        1.90716067788         -2.13318201625        1.90716067788         -2.13318201625        0.47198667012         -1.15404307798        
0.918225847413        1.84899773018         -2.0801638304         1.84899773018         -2.0801638304         0.457576642714        -1.12585235724        
0.927884545204        1.79263496872         -2.02842833347        1.79263496872         -2.02842833347        0.443650765667        -1.09832417545        
0.937543242995        1.73768040511         -1.97780582853        1.73768040511         -1.97780582853        0.430032414402        -1.07137587169        
0.947201940786        1.68514561837         -1.92870677698        1.68514561837         -1.92870677698        0.417206941022        -1.0452142222         
0.956860638577        1.6336820468          -1.88048019622        1.6336820468          -1.88048019622        0.404586536503        -1.01950769609        
0.966519336368        1.58359697458         -1.83315436617        1.58359697458         -1.83315436617        0.392340100871        -0.994263957275       
0.976178034159        1.53435511003         -1.78638022638        1.53435511003         -1.78638022638        0.380303826488        -0.969299663714       
0.98583673195         1.48331378273         -1.73687951536        1.48331378273         -1.73687951536        0.367829139758        -0.942833576047       
0.995495429741        1.43221610019         -1.68670926464        1.43221610019         -1.68670926464        0.355343160703        -0.915980648075       
1.00515412753         1.38319681464         -1.63854323039        1.38319681464         -1.63854323039        0.343351403769        -0.890195858324       
1.01481282532         1.3363302458          -1.59229123684        1.3363302458          -1.59229123684        0.331907759693        -0.865429955604       
1.02447152311         1.29107234983         -1.54757415079        1.29107234983         -1.54757415079        0.320804649182        -0.841490469963       
1.0341302209          1.24756816779         -1.50436601204        1.24756816779         -1.50436601204        0.310130072182        -0.818360254358       
1.0437889187          1.20586023911         -1.46279085768        1.20586023911         -1.46279085768        0.299907516326        -0.796094389613       
1.05344761649         1.16559684262         -1.42254305311        1.16559684262         -1.42254305311        0.290022496752        -0.774529919376       
1.06310631428         1.12682249513         -1.38367833673        1.12682249513         -1.38367833673        0.280487900422        -0.753699193113       
1.07276501207         1.08945300812         -1.34607629893        1.08945300812         -1.34607629893        0.271290607873        -0.733538333417       
1.08242370986         1.05346825566         -1.30973470334        1.05346825566         -1.30973470334        0.262414982175        -0.714043564595       
1.09208240765         1.01858555545         -1.27450786159        1.01858555545         -1.27450786159        0.253773061513        -0.69514582421        
1.10174110544         0.984966296793        -1.24032419398        0.984966296793        -1.24032419398        0.245445543241        -0.676799222296       
1.11139980323         0.952570473424        -1.20729802909        0.952570473424        -1.20729802909        0.237412551325        -0.659061687514       
1.12105850102         0.921294023165        -1.17530940814        0.921294023165        -1.17530940814        0.2296413099          -0.641877823873       
1.13071719881         0.891028935934        -1.14429648044        0.891028935934        -1.14429648044        0.222093009999        -0.625213638276       
1.14037589661         0.86183014416         -1.11423208468        0.86183014416         -1.11423208468        0.214803061114        -0.60905233244        
1.1500345944          0.833539501292        -1.0850170218         0.833539501292        -1.0850170218         0.207702789719        -0.59334293762        
1.15969329219         0.806215843993        -1.0566839369         0.806215843993        -1.0566839369         0.200828885075        -0.578100254369       
1.16935198998         0.779793325922        -1.02917339967        0.779793325922        -1.02917339967        0.194164751466        -0.56329396406        
1.17901068777         0.75426659855         -1.00245603754        0.75426659855         -1.00245603754        0.187712296154        -0.548907130837       
1.18866938556         0.729515409274        -0.976410892182       0.729515409274        -0.976410892182       0.18144101615         -0.534875685657       
1.19832808335         0.705723644308        -0.951273599103       0.705723644308        -0.951273599103       0.175399681759        -0.521326033155       
1.20798678114         0.682632188864        -0.926704983366       0.682632188864        -0.926704983366       0.169528311052        -0.508076071336       
1.21764547893         0.660345587741        -0.902859737879       0.660345587741        -0.902859737879       0.163850590922        -0.495209156937       
1.22730417672         0.638786971396        -0.87964242749        0.638786971396        -0.87964242749        0.158353764077        -0.482674179091       
1.23696287451         0.617930859842        -0.85705383261        0.617930859842        -0.85705383261        0.153008919416        -0.470473021118       
1.24662157231         0.597872372762        -0.835112213775       0.597872372762        -0.835112213775       0.147914040389        -0.45861057782        
1.2562802701          0.578438520415        -0.813745254783       0.578438520415        -0.813745254783       0.142950538707        -0.447053378377       
1.26593896789         0.559662726848        -0.792938040762       0.559662726848        -0.792938040762       0.138156430915        -0.4357911295         
1.27559766568         0.54149909928         -0.772651938429       0.54149909928         -0.772651938429       0.133517277396        -0.424805938503       
1.28525636347         0.524127956846        -0.753045911322       0.524127956846        -0.753045911322       0.129118818993        -0.414178171347       
1.29491506126         0.507259349817        -0.733917681244       0.507259349817        -0.733917681244       0.124837815125        -0.403807073437       
1.30457375905         0.49095466229         -0.715296981642       0.49095466229         -0.715296981642       0.120707307777        -0.393705966342       
1.31423245684         0.475229390216        -0.697230640641       0.475229390216        -0.697230640641       0.116727936608        -0.383901209789       
1.32389115463         0.460027884913        -0.679671580535       0.460027884913        -0.679671580535       0.112882199011        -0.374367674953       
1.33354985242         0.445305163008        -0.662433014825       0.445305163008        -0.662433014825       0.109164516979        -0.365010029865       
1.34320855022         0.431099919375        -0.645825189967       0.431099919375        -0.645825189967       0.105571559069        -0.355992364488       
1.35286724801         0.417366127005        -0.629589922681       0.417366127005        -0.629589922681       0.102111087562        -0.347169688769       
1.3625259458          0.404193913491        -0.613914702621       0.404193913491        -0.613914702621       0.0988161252367       -0.338648879397       
1.37218464359         0.391390728257        -0.598589813448       0.391390728257        -0.598589813448       0.0956000131133       -0.330312686986       
1.38184334138         0.379032636978        -0.583716326112       0.379032636978        -0.583716326112       0.0925065333032       -0.322220159022       
1.39150203917         0.3671077758          -0.569280092493       0.3671077758          -0.569280092493       0.0895294403732       -0.314363418404       
1.40116073696         0.355567342891        -0.555247499073       0.355567342891        -0.555247499073       0.0866472079223       -0.306723277043       
1.41081943475         0.34445737328         -0.541643671697       0.34445737328         -0.541643671697       0.0838880461264       -0.299312317571       
1.42047813254         0.33359196454         -0.528330929627       0.33359196454         -0.528330929627       0.0811669845604       -0.292060689967       
1.43013683033         0.323143043011        -0.515451863863       0.323143043011        -0.515451863863       0.0785668609542       -0.285042346679       
1.43979552812         0.313039266925        -0.502956011904       0.313039266925        -0.502956011904       0.0760528146879       -0.27823117014        
1.44945422592         0.303222833576        -0.490794207919       0.303222833576        -0.490794207919       0.0736045468351       -0.271601585713       
1.45911292371         0.293729600699        -0.478979792783       0.293729600699        -0.478979792783       0.0712364595979       -0.265159411004       
1.4687716215          0.284517500924        -0.467493402306       0.284517500924        -0.467493402306       0.0689310765472       -0.258895304761       
1.47843031929         0.275561906193        -0.456316635606       0.275561906193        -0.456316635606       0.0666847012983       -0.252799561191       
1.48808901708         0.266870645916        -0.445429705765       0.266870645916        -0.445429705765       0.0644985793771       -0.246860336649       
1.49774771487         0.258445626839        -0.434847584811       0.258445626839        -0.434847584811       0.0623729265554       -0.241086329808       
1.50740641266         0.250261783559        -0.424538725491       0.250261783559        -0.424538725491       0.0603015569231       -0.235460004677       
1.51706511045         0.242316040628        -0.414488951638       0.242316040628        -0.414488951638       0.0582853996635       -0.229973515712       
1.52672380824         0.234601857968        -0.404720129619       0.234601857968        -0.404720129619       0.0563198680332       -0.224639559645       
1.53638250603         0.227117549116        -0.39516865729        0.227117549116        -0.39516865729        0.0544106090604       -0.219421984612       
1.54604120383         0.219856848047        -0.385876185182       0.219856848047        -0.385876185182       0.0525529285952       -0.214343768712       
1.55569990162         0.212813049159        -0.376825263378       0.212813049159        -0.376825263378       0.0507474353267       -0.209396568162       
1.56535859941         0.205959531815        -0.36799014883        0.205959531815        -0.36799014883        0.0489830259529       -0.204565823073       
1.5750172972          0.199296321534        -0.359352754344       0.199296321534        -0.359352754344       0.0472628042024       -0.199841907313       
1.58467599499         0.19281181145         -0.350900738406       0.19281181145         -0.350900738406       0.0455802912151       -0.195221387367       
1.59433469278         0.186543166196        -0.342658619924       0.186543166196        -0.342658619924       0.0439556152634       -0.190712199496       
1.60399339057         0.180492542331        -0.334654509486       0.180492542331        -0.334654509486       0.0423864329272       -0.186330573891       
1.61365208836         0.174616715863        -0.326817304493       0.174616715863        -0.326817304493       0.0408629117863       -0.182038091605       
1.62331078615         0.168932635404        -0.319186296549       0.168932635404        -0.319186296549       0.0393884653872       -0.17785659773        
1.63296948394         0.163423181432        -0.31173029699        0.163423181432        -0.31173029699        0.0379596755789       -0.173768696189       
1.64262818173         0.15810053009         -0.304465049434       0.15810053009         -0.304465049434       0.0365827221878       -0.169783300246       
1.65228687953         0.152959082574        -0.297405660423       0.152959082574        -0.297405660423       0.0352539965958       -0.165909248403       
1.66194557732         0.147987998116        -0.290535816403       0.147987998116        -0.290535816403       0.033970053649        -0.162137550467       
1.67160427511         0.143184653407        -0.283864252801       0.143184653407        -0.283864252801       0.0327300642286       -0.158473799211       
1.6812629729          0.138562903894        -0.277402323032       0.138562903894        -0.277402323032       0.0315395389968       -0.154923977926       
1.69092167069         0.134255164381        -0.271460092234       0.134255164381        -0.271460092234       0.0304248693949       -0.151661771639       
1.70058036848         0.131074893721        -0.267680738475       0.131074893721        -0.267680738475       0.0295713285439       -0.149605551801       
1.71023906627         0.127850127545        -0.263738579185       0.127850127545        -0.263738579185       0.0287102404346       -0.147456754015       
1.71989776406         0.12462448587         -0.259709858349       0.12462448587         -0.259709858349       0.0278534716717       -0.145257981018       
1.72955646185         0.12141306327         -0.255631851344       0.12141306327         -0.255631851344       0.0270040534267       -0.143029567627       
1.73921515964         0.1182238773          -0.251523544296       0.1182238773          -0.251523544296       0.0261626997799       -0.140782897732       
1.74887385744         0.115058023294        -0.247394374435       0.115058023294        -0.247394374435       0.0253288146885       -0.138523268628       
1.75853255523         0.111923132238        -0.243253460791       0.111923132238        -0.243253460791       0.0245047012199       -0.136255688864       
1.76819125302         0.108815961959        -0.23910788658        0.108815961959        -0.23910788658        0.0236877862748       -0.133984083086       
1.77784995081         0.105735188521        -0.234958262535       0.105735188521        -0.234958262535       0.0228765864633       -0.131709087743       
1.7875086486          0.102675938472        -0.230786961851       0.102675938472        -0.230786961851       0.0220686770609       -0.129423209481       
1.79716734639         0.0996735750232       -0.226632443748       0.0996735750232       -0.226632443748       0.0212797324108       -0.127143969265       
1.80682604418         0.0967094311081       -0.222493680842       0.0967094311081       -0.222493680842       0.0205006058194       -0.124871619389       
1.81648474197         0.0937884782573       -0.218368904382       0.0937884782573       -0.218368904382       0.0197331188746       -0.122605478264       
1.82614343976         0.0909038717641       -0.214258969236       0.0909038717641       -0.214258969236       0.0189740028632       -0.120346228618       
1.83580213755         0.088067386022        -0.210170232911       0.088067386022        -0.210170232911       0.0182288175732       -0.118097376093       
1.84546083534         0.0852640573116       -0.206094798572       0.0852640573116       -0.206094798572       0.017488996226        -0.115854206108       
1.85511953314         0.0825071396604       -0.202044669932       0.0825071396604       -0.202044669932       0.0167620724749       -0.113623621331       
1.86477823093         0.0798063268757       -0.198019572162       0.0798063268757       -0.198019572162       0.0160522549467       -0.111405167813       
1.87443692872         0.0771277771755       -0.194011664302       0.0771277771755       -0.194011664302       0.0153432523272       -0.109195373452       
1.88409562651         0.0745072290243       -0.190032353517       0.0745072290243       -0.190032353517       0.0146516815479       -0.106999650401       
1.8937543243          0.071934300789        -0.186079315255       0.071934300789        -0.186079315255       0.0139730352904       -0.104817048472       
1.90341302209         0.0694089445186       -0.182155881719       0.0694089445186       -0.182155881719       0.0133072609042       -0.102649282897       
1.91307171988         0.0669359326486       -0.178264584992       0.0669359326486       -0.178264584992       0.0126567755228       -0.100497837579       
1.92273041767         0.0645087932082       -0.174401719273       0.0645087932082       -0.174401719273       0.012018023088        -0.0983607507622      
1.93238911546         0.0621378771745       -0.170574557635       0.0621378771745       -0.170574557635       0.0113964377078       -0.0962420111407      
1.94204781325         0.0598122621526       -0.166783474126       0.0598122621526       -0.166783474126       0.0107869052654       -0.0941419990076      
1.95170651105         0.0575295056456       -0.163011858971       0.0575295056456       -0.163011858971       0.0101886011168       -0.0920532605067      
1.96136520884         0.0553090849771       -0.159283227406       0.0553090849771       -0.159283227406       0.00960986346023      -0.0899863593337      
1.97102390663         0.0531507911492       -0.155597707282       0.0531507911492       -0.155597707282       0.00905125699127      -0.0879415526218      
1.98068260442         0.0510475455162       -0.151955345056       0.0510475455162       -0.151955345056       0.00850999839328      -0.0859194146915      
1.99034130221         0.0489950255982       -0.148360378589       0.0489950255982       -0.148360378589       0.00798286597655      -0.0839223761609      
2                     0.0469955001102       -0.144810825177       0.0469955001102       -0.144810825177       0.00747231976549      -0.0819494857528      
2.001                 0.0467897923988       -0.14444544045        0.0467897923988       -0.14444544045        0.00741951246311      -0.0817463736766      
2.22278619698         0.0136309080473       -0.0764406539637      0.0136309080473       -0.0764406539637      -0.000692693139893    -0.0437258505408      
2.44457239396         -0.000198815052216    -0.0336400156062      -0.000198815052216    -0.0336400156062      -0.00323351264973     -0.01949406156        
2.66635859094         -0.00308216996523     -0.0111300199005      -0.00308216996523     -0.0111300199005      -0.00269037875008     -0.00656203292469     
2.88814478792         -0.00165311543248     -0.00189446385769     -0.00165311543248     -0.00189446385769     -0.00114965594191     -0.00115061843456     
3.1099309849          -7.19045292384e-05    -1.58535832866e-05    -7.19045292384e-05    -1.58535832866e-05    -5.10758190014e-05    -1.04970345472e-05    
3.1109309849          -6.9661820028e-05     -1.52074337505e-05    -6.9661820028e-05     -1.52074337505e-05    -4.95033024617e-05    -1.00722192979e-05    
3.1279309849          -3.74587991509e-05    -6.61325612758e-06    -3.74587991509e-05    -6.61325612758e-06    -2.68059142666e-05    -4.38658080036e-06    
3.1449309849          -1.54085091918e-05    -1.49069166324e-06    -1.54085091918e-05    -1.49069166324e-06    -1.10982987265e-05    -9.50674025158e-07    
3.1619309849          -2.5361704326e-06     1.32164806862e-06     -2.5361704326e-06     1.32164806862e-06     -1.82765245204e-06    9.66398054383e-07     
3.1789309849          -2.09848055156e-08    5.26915425808e-06     -2.09848055156e-08    5.26915425808e-06     1.73356710485e-07     3.98169533828e-06     
3.1959309849          2.15097901696e-08     1.45132817155e-05     2.15097901696e-08     1.45132817155e-05     1.78461917355e-07     1.07866793715e-05     
3.2129309849          4.87785410196e-08     2.46189206403e-05     4.87785410196e-08     2.46189206403e-05     1.76915575506e-07     1.83618623004e-05     
3.2299309849          6.34496022533e-08     3.43364746987e-05     6.34496022533e-08     3.43364746987e-05     1.69624536353e-07     2.57697427578e-05     
3.2309309849          6.39948632279e-08     3.48831117144e-05     6.39948632279e-08     3.48831117144e-05     1.69057925149e-07     2.61902776882e-05     
3.41124355495         6.15633249752e-09     7.24333918087e-05     6.15633249752e-09     7.24333918087e-05     4.31751542768e-08     5.83193270846e-05     
3.59155612501         -6.92181859015e-09    4.55689530616e-05     -6.92181859015e-09    4.55689530616e-05     9.28116262739e-09     3.90668713526e-05     
3.77186869506         -4.31651774155e-10    1.85189613105e-05     -4.31651774155e-10    1.85189613105e-05     3.79989224354e-09     1.68508057433e-05     
3.95218126512         3.61487668187e-10     4.96066492812e-06     3.61487668187e-10     4.96066492812e-06     9.82713655476e-10     4.78556145173e-06     
4.13249383517         -2.06722774781e-11    5.60097348051e-07     -2.06722774781e-11    5.60097348051e-07     2.39384651178e-11     5.73315300715e-07     
4.31280640523         1.2835834981e-07      5.7383112126e-11      1.2835834981e-07      5.7383112126e-11      1.39958317407e-07     -7.72534452623e-10    
4.49311897528         3.41437297236e-07     4.16167044465e-10     3.41437297236e-07     4.16167044465e-10     3.93788393595e-07     -5.377815682e-09      
4.67343154534         2.81807888876e-07     6.76070589939e-10     2.81807888876e-07     6.76070589939e-10     3.43244071256e-07     -7.14374948209e-09    
4.85374411539         1.60958493379e-07     6.48468370437e-10     1.60958493379e-07     6.48468370437e-10     2.06907749066e-07     -5.66169978364e-09    
5.03405668545         7.42641531167e-08     4.56640072249e-10     7.42641531167e-08     4.56640072249e-10     1.00742805735e-07     -3.36245064927e-09    
5.2143692555          2.93524282622e-08     2.58387258941e-10     2.93524282622e-08     2.58387258941e-10     4.20302513442e-08     -1.63607902569e-09    
5.39468182556         1.02297258525e-08     1.23167646842e-10     1.02297258525e-08     1.23167646842e-10     1.54719665537e-08     -6.81784525371e-10    
5.57499439561         3.19586285032e-09     5.08708009008e-11     3.19586285032e-09     5.08708009008e-11     5.1099042678e-09      -2.49589639011e-10    
5.75530696567         9.04234011982e-10     1.85395834436e-11     9.04234011982e-10     1.85395834436e-11     1.53023711623e-09     -8.15149870167e-11    
5.93561953572         2.33297792615e-10     6.03709795748e-12     2.33297792615e-10     6.03709795748e-12     4.18482498082e-10     -2.40188235816e-11    
6.11593210578         5.5149246959e-11      1.77238552852e-12     5.5149246959e-11      1.77238552852e-12     1.05034652229e-10     -6.4338843423e-12     
6.29624467583         1.19851279672e-11     4.72271158336e-13     1.19851279672e-11     4.72271158336e-13     2.42846664977e-11     -1.57492887664e-12    
6.47655724589         2.40050491634e-12     1.14802941035e-13     2.40050491634e-12     1.14802941035e-13     5.18679979399e-12     -3.53797256068e-13    
6.65686981594         4.43923882817e-13     2.55610069351e-14     4.43923882817e-13     2.55610069351e-14     1.02560526916e-12     -7.31762212998e-14    
6.837182386           7.59296814955e-14     5.23152122245e-15     7.59296814955e-14     5.23152122245e-15     1.88150031828e-13     -1.39790648939e-14    
7.01749495605         1.20724380728e-14     9.90848108801e-16     1.20724380728e-14     9.90848108801e-16     3.21996056509e-14     -2.48156343e-15       
7.19780752611         1.76045525562e-15     1.7161247835e-16      1.76045525562e-15     1.7161247835e-16      5.07493867323e-15     -4.04304051447e-16    
7.37812009616         2.81832155342e-16     3.25827774021e-17     2.81832155342e-16     3.25827774021e-17     8.82320851719e-16     -7.24437482864e-17    
7.55843266622         8.48703031598e-17     1.16370913722e-17     8.48703031598e-17     1.16370913722e-17     2.90174872328e-16     -2.44898382331e-17    
7.73874523627         1.82916392983e-17     2.97954320068e-18     1.82916392983e-17     2.97954320068e-18     6.87558394461e-17     -5.95080812906e-18    
7.91905780633         1.80041494998e-17     3.49608691646e-18     1.80041494998e-17     3.49608691646e-18     7.49959756153e-17     -6.64271971787e-18    
8.09937037638         1.74722410919e-17     4.06731609551e-18     1.74722410919e-17     4.06731609551e-18     8.14374993374e-17     -7.3683666378e-18     
8.27968294644         1.66861838984e-17     4.69537247329e-18     1.66861838984e-17     4.69537247329e-18     8.80748006356e-17     -8.12687588106e-18    
8.45999551649         1.56370469117e-17     5.38229850319e-18     1.56370469117e-17     5.38229850319e-18     9.49017214725e-17     -8.91776444601e-18    
8.64030808655         1.43166230129e-17     6.13004096648e-18     1.43166230129e-17     6.13004096648e-18     1.01913072274e-16     -9.73944884269e-18    
8.8206206566          1.27173614151e-17     6.94045476881e-18     1.27173614151e-17     6.94045476881e-18     1.09104149097e-16     -1.05909372847e-17    
9.00093322665         1.08323070255e-17     7.81530683271e-18     1.08323070255e-17     7.81530683271e-18     1.16470492826e-16     -1.14712567507e-17    
9.18124579671         8.65504599214e-18     8.75628001667e-18     8.65504599214e-18     8.75628001667e-18     1.24007926892e-16     -1.23794557563e-17    
9.36155836676         6.17965677428e-18     9.76497700805e-18     6.17965677428e-18     9.76497700805e-18     1.31712544982e-16     -1.33146064059e-17    
9.54187093682         3.40066614309e-18     1.08429241502e-17     3.40066614309e-18     1.08429241502e-17     1.39580693771e-16     -1.4275805856e-17     
9.72218350687         3.13009582289e-19     1.1991575175e-17      3.13009582289e-19     1.1991575175e-17      1.47608955452e-16     -1.52621773013e-17    
9.90249607693         -3.08800438488e-18    1.32123148198e-17     -3.08800438488e-18    1.32123148198e-17     1.55794131101e-16     -1.62728705719e-17    
10.082808647          -6.80672636332e-18    1.45064623145e-17     -6.80672636332e-18    1.45064623145e-17     1.64133225213e-16     -1.73070624182e-17    
10.263121217          -1.0847195123e-17     1.58752747299e-17     -1.0847195123e-17     1.58752747299e-17     1.7262343148e-16      -1.83639565436e-17    
10.4434337871         -1.52131638378e-17    1.73199501819e-17     -1.52131638378e-17    1.73199501819e-17     1.81262119964e-16     -1.94427834371e-17    
10.6237463571         -1.9908123822e-17     1.88416308889e-17     -1.9908123822e-17     1.88416308889e-17     1.900468259e-16       -2.05428000466e-17    
10.8040589272         -2.49353260264e-17    2.04414060834e-17     -2.49353260264e-17    2.04414060834e-17     1.98975241048e-16     -2.16632893285e-17    
10.9843714973         -3.02978005276e-17    2.21203147787e-17     -3.02978005276e-17    2.21203147787e-17     2.08045211202e-16     -2.28035597013e-17    
11.1646840673         -3.59983742174e-17    2.3879348395e-17      -3.59983742174e-17    2.3879348395e-17      2.17254766808e-16     -2.39629444271e-17    
11.3449966374         -4.20396868764e-17    2.57194532473e-17     -4.20396868764e-17    2.57194532473e-17     2.26602092332e-16     -2.51412186198e-17    
11.5253092074         -4.84242057958e-17    2.76415329024e-17     -4.84242057958e-17    2.76415329024e-17     2.3608475671e-16      -2.63375833532e-17    
11.7056217775         -5.51542390928e-17    2.96464504072e-17     -5.51542390928e-17    2.96464504072e-17     2.45701241322e-16     -2.75512490596e-17    
11.8859343475         -6.223194785e-17      3.17350303967e-17     -6.223194785e-17      3.17350303967e-17     2.55449968251e-16     -2.87816414086e-17    
12.0662469176         -6.96593571944e-17    3.39080610848e-17     -6.96593571944e-17    3.39080610848e-17     2.65329424669e-16     -3.00282072641e-17    
12.2465594876         -7.74383664199e-17    3.61662961458e-17     -7.74383664199e-17    3.61662961458e-17     2.75338174902e-16     -3.12904139348e-17    
12.4268720577         -8.55707582443e-17    3.85104564903e-17     -8.55707582443e-17    3.85104564903e-17     2.85474859344e-16     -3.25677484305e-17    
12.6071846278         -9.40582072857e-17    4.09412319418e-17     -9.40582072857e-17    4.09412319418e-17     2.95738190939e-16     -3.38597167293e-17    
12.7874971978         -1.0290228783e-16     4.34592828204e-17     -1.0290228783e-16     4.34592828204e-17     3.06126951147e-16     -3.51658430578e-17    
12.9678097679         -1.12104480956e-16    4.60652414366e-17     -1.12104480956e-16    4.60652414366e-17     3.1663998588e-16      -3.64856691889e-17    
13.1481223379         -1.21666181083e-16    4.87597135014e-17     -1.21666181083e-16    4.87597135014e-17     3.27276201604e-16     -3.78187537572e-17    
13.328434908          -1.31588701982e-16    5.15432794586e-17     -1.31588701982e-16    5.15432794586e-17     3.38034561644e-16     -3.91646715941e-17    
13.508747478          -1.41873282313e-16    5.44164957409e-17     -1.41873282313e-16    5.44164957409e-17     3.48914082722e-16     -4.05230130844e-17    
13.6890600481         -1.5252109072e-16     5.73798959574e-17     -1.5252109072e-16     5.73798959574e-17     3.59913831713e-16     -4.18933835434e-17    
13.8693726181         -1.63533230534e-16    6.04339920139e-17     -1.63533230534e-16    6.04339920139e-17     3.71032922621e-16     -4.32754026164e-17    
14.0496851882         -1.74910744103e-16    6.35792751715e-17     -1.74910744103e-16    6.35792751715e-17     3.82270513755e-16     -4.46687036997e-17    
14.2299977582         -1.86654616796e-16    6.6816217047e-17      -1.86654616796e-16    6.6816217047e-17      3.936258051e-16       -4.60729333835e-17    
14.4103103283         -1.98765780707e-16    7.01452705577e-17     -1.98765780707e-16    7.01452705577e-17     4.05098035861e-16     -4.74877509162e-17    
14.5906228984         -2.11245118074e-16    7.35668708144e-17     -2.11245118074e-16    7.35668708144e-17     4.16686482176e-16     -4.89128276901e-17    
14.7709354684         -2.24093464449e-16    7.70814359664e-17     -2.24093464449e-16    7.70814359664e-17     4.2839045498e-16      -5.03478467473e-17    
14.9512480385         -2.37311611634e-16    8.06893679997e-17     -2.37311611634e-16    8.06893679997e-17     4.40209298013e-16     -5.17925023066e-17    
15.1315606085         -2.50900310406e-16    8.43910534928e-17     -2.50900310406e-16    8.43910534928e-17     4.52142385961e-16     -5.32464993096e-17    
15.3118731786         -2.64860273042e-16    8.81868643313e-17     -2.64860273042e-16    8.81868643313e-17     4.6418912272e-16      -5.47095529855e-17    
15.4921857486         -2.79192175667e-16    9.20771583852e-17     -2.79192175667e-16    9.20771583852e-17     4.76348939768e-16     -5.61813884353e-17    
15.6724983187         -2.93896660434e-16    9.60622801492e-17     -2.93896660434e-16    9.60622801492e-17     4.88621294658e-16     -5.76617402326e-17    
15.8528108887         -3.08974337558e-16    1.0014256135e-16      -3.08974337558e-16    1.0014256135e-16      5.01005669593e-16     -5.91503520426e-17    
16.0331234588         -3.24425787203e-16    1.0431832152e-16      -3.24425787203e-16    1.0431832152e-16      5.13501570108e-16     -6.06469762567e-17    
16.2134360288         -3.4025156124e-16     1.08589868547e-16     -3.4025156124e-16     1.08589868547e-16     5.26108523833e-16     -6.21513736434e-17    
16.3937485989         -3.56452184891e-16    1.12957499184e-16     -3.56452184891e-16    1.12957499184e-16     5.38826079338e-16     -6.36633130146e-17    
16.574061169          -3.73028158259e-16    1.17421499544e-16     -3.73028158259e-16    1.17421499544e-16     5.51653805068e-16     -6.51825709054e-17    
16.754373739          -3.89979957756e-16    1.21982145568e-16     -3.89979957756e-16    1.21982145568e-16     5.64591288341e-16     -6.67089312694e-17    
16.9346863091         -4.07308037439e-16    1.26639703457e-16     -4.07308037439e-16    1.26639703457e-16     5.77638134441e-16     -6.82421851858e-17    
17.1149988791         -4.25012830258e-16    1.31394430101e-16     -4.25012830258e-16    1.31394430101e-16     5.9079396579e-16      -6.97821305802e-17    
17.2953114492         -4.4309474922e-16     1.36246573473e-16     -4.4309474922e-16     1.36246573473e-16     6.0405842122e-16      -7.13285719573e-17    
17.4756240192         -4.61554188487e-16    1.41196373006e-16     -4.61554188487e-16    1.41196373006e-16     6.17431155386e-16     -7.28813201454e-17    
17.6559365893         -4.80391524395e-16    1.46244059953e-16     -4.80391524395e-16    1.46244059953e-16     6.30911838392e-16     -7.44401920516e-17    
17.8362491593         -4.99607116415e-16    1.51389857734e-16     -4.99607116415e-16    1.51389857734e-16     6.4450015584e-16      -7.60050104283e-17    
18.0165617294         -5.19201308049e-16    1.56633982252e-16     -5.19201308049e-16    1.56633982252e-16     6.58195809913e-16     -7.75756036492e-17    
18.1968742995         -5.39174427679e-16    1.61976642211e-16     -5.39174427679e-16    1.61976642211e-16     6.71998524085e-16     -7.91518054951e-17    
18.3771868695         -5.59526789354e-16    1.67418039404e-16     -5.59526789354e-16    1.67418039404e-16     6.85908075047e-16     -8.07334549495e-17    
18.5574994396         -5.80258693534e-16    1.72958369e-16        -5.80258693534e-16    1.72958369e-16        6.99924189927e-16     -8.23206819977e-17    
18.7378120096         -6.01370427794e-16    1.78597819801e-16     -6.01370427794e-16    1.78597819801e-16     7.14046313064e-16     -8.39131190327e-17    
18.9181245797         -6.22862267476e-16    1.84336574509e-16     -6.22862267476e-16    1.84336574509e-16     7.28274314281e-16     -8.55105601638e-17    
19.0984371497         -6.4473447631e-16     1.90174809958e-16     -6.4473447631e-16     1.90174809958e-16     7.42607974289e-16     -8.71128632683e-17    
19.2787497198         -6.66987306999e-16    1.96112697349e-16     -6.66987306999e-16    1.96112697349e-16     7.57047070443e-16     -8.87198905252e-17    
19.4590622898         -6.8962100176e-16     2.02150402472e-16     -6.8962100176e-16     2.02150402472e-16     7.71591384634e-16     -9.03315082579e-17    
19.6393748599         -7.1263579285e-16     2.08288085913e-16     -7.1263579285e-16     2.08288085913e-16     7.86240705189e-16     -9.19475867834e-17    
19.8196874299         -7.36031903046e-16    2.14525903258e-16     -7.36031903046e-16    2.14525903258e-16     8.00994827389e-16     -9.3568000267e-17     
20                    0                     0                     0                     0                     0                     0                     
