0.0779191396          0                     0                     0                     0                     0                     0                     
0.0876266336331       0.593638406038        0.0257022649641       0.593638406038        0.0257022649641       0.134117306475        0.0136633971938       
0.0973341276663       2.84086377395         -0.29755031697        2.84086377395         -0.29755031697        0.664010724923        -0.0817204710656      
0.107041621699        5.60048398447         -1.39952358211        5.60048398447         -1.39952358211        1.29750496            -0.454105060343       
0.116749115732        7.84030697552         -2.84285293029        7.84030697552         -2.84285293029        1.75651108071         -0.959856821582       
0.126456609766        9.36853952737         -4.20712228166        9.36853952737         -4.20712228166        2.01284429807         -1.44685342492        
0.136164103799        10.2838441106         -5.33067087393        10.2838441106         -5.33067087393        2.1142641396          -1.85317639266        
0.145871597832        10.7332232864         -6.18360607754        10.7332232864         -6.18360607754        2.11161017335         -2.16505965689        
0.155579091865        10.8484103895         -6.79013049541        10.8484103895         -6.79013049541        2.0440354963          -2.38939447431        
0.165286585898        10.7314809129         -7.19077451707        10.7314809129         -7.19077451707        1.93858219843         -2.53979401581        
0.174994079931        10.4586129432         -7.42550655657        10.4586129432         -7.42550655657        1.81323734737         -2.63021139748        
0.184701573964        10.0873956786         -7.53185678981        10.0873956786         -7.53185678981        1.68033899893         -2.6737757807         
0.194409067997        9.65744073377         -7.54048150241        9.65744073377         -7.54048150241        1.54727908725         -2.68147683425        
0.204116562031        9.19560386643         -7.47614724601        9.19560386643         -7.47614724601        1.41825522276         -2.66223624067        
0.213824056064        8.72151817319         -7.35841658921        8.72151817319         -7.35841658921        1.29598009273         -2.62315302517        
0.223531550097        8.24738318045         -7.20246276638        8.24738318045         -7.20246276638        1.18138737129         -2.5697876407         
0.23323904413         7.78204295891         -7.01907615853        7.78204295891         -7.01907615853        1.07507998366         -2.50609868561        
0.242946538163        7.33177438881         -6.81756614118        7.33177438881         -6.81756614118        0.97720834382         -2.43550412324        
0.252654032196        6.89952310115         -6.60444088768        6.89952310115         -6.60444088768        0.887354246641        -2.36041411272        
0.262361526229        6.48789757313         -6.38492811832        6.48789757313         -6.38492811832        0.805244573923        -2.28274057586        
0.272069020262        6.09736798816         -6.16360792121        6.09736798816         -6.16360792121        0.730230845455        -2.2041815839         
0.281776514296        5.72897208291         -5.94135982612        5.72897208291         -5.94135982612        0.662079654282        -2.12509350768        
0.291484008329        5.3819098551          -5.7227002858         5.3819098551          -5.7227002858         0.600023786368        -2.04713057946        
0.301191502362        5.0556354058          -5.50841477117        5.0556354058          -5.50841477117        0.543510607226        -1.97059858085        
0.310898996395        4.74888970153         -5.29947703664        4.74888970153         -5.29947703664        0.492017061034        -1.89591835292        
0.320606490428        4.4603056001          -5.09665971375        4.4603056001          -5.09665971375        0.444866003148        -1.82338559113        
0.330313984461        4.18964350206         -4.89980256819        4.18964350206         -4.89980256819        0.401837598579        -1.75293355395        
0.340021478494        3.9361009349          -4.70980604           3.9361009349          -4.70980604           0.362624642158        -1.6848973787         
0.349728972527        3.69771862137         -4.5265841417         3.69771862137         -4.5265841417         0.326652024822        -1.61926430304        
0.359436466561        3.47560679033         -4.35033050319        3.47560679033         -4.35033050319        0.294068476016        -1.55607859579        
0.369143960594        3.26677625501         -4.18063347629        3.26677625501         -4.18063347629        0.264149997768        -1.49522798406        
0.378851454627        3.07093282575         -4.01739113742        3.07093282575         -4.01739113742        0.236784258787        -1.43669042143        
0.38855894866         2.88792673562         -3.86138382985        2.88792673562         -3.86138382985        0.211909951219        -1.38073996566        
0.398266442693        2.71606807264         -3.71144985889        2.71606807264         -3.71144985889        0.18906216618         -1.32696614324        
0.407973936726        2.55482313167         -3.56774657257        2.55482313167         -3.56774657257        0.168127550346        -1.27541703251        
0.417681430759        2.40360165839         -3.43008208037        2.40360165839         -3.43008208037        0.148967149588        -1.2260267679         
0.427388924792        2.26175556229         -3.29823893003        2.26175556229         -3.29823893003        0.131442325295        -1.1787346728         
0.437096418826        2.12853861343         -3.17203389253        2.12853861343         -3.17203389253        0.11537097521         -1.13346450384        
0.446803912859        2.0035988877          -3.05125771021        2.0035988877          -3.05125771021        0.100680073917        -1.09014544159        
0.456511406892        1.88549973781         -2.93557930817        1.88549973781         -2.93557930817        0.0870128294329       -1.04867327658        
0.466218900925        1.77433430982         -2.8245935907         1.77433430982         -2.8245935907         0.0744130941787       -1.00889923859        
0.475926394958        1.66999475052         -2.71817218063        1.66999475052         -2.71817218063        0.0629130906749       -0.970763045562       
0.485633888991        1.57184954035         -2.61630704405        1.57184954035         -2.61630704405        0.0523476636514       -0.93426752504        
0.495341383024        1.47949337862         -2.51857804211        1.47949337862         -2.51857804211        0.0426481466062       -0.899260401055       
0.505048877057        1.39237725493         -2.42490182598        1.39237725493         -2.42490182598        0.0337017329009       -0.865709819782       
0.514756371091        1.31031352262         -2.33510333479        1.31031352262         -2.33510333479        0.0254738677498       -0.833553588489       
0.524463865124        1.23294511036         -2.24903620214        1.23294511036         -2.24903620214        0.0178988876197       -0.802749250554       
0.534171359157        1.15989178163         -2.16626053057        1.15989178163         -2.16626053057        0.0109292006286       -0.773129552968       
0.54387885319         1.09078070704         -2.08676039572        1.09078070704         -2.08676039572        0.00445223428694      -0.744694324386       
0.553586347223        1.0259058033          -2.01066304513        1.0259058033          -2.01066304513        -0.00140595565833     -0.7174748574         
0.563293841256        0.964436108018        -1.93744291145        0.964436108018        -1.93744291145        -0.00684184628879     -0.691299785971       
0.573001335289        0.906377840989        -1.86710085981        0.906377840989        -1.86710085981        -0.0118476775121      -0.666159495515       
0.582708829322        0.851303419737        -1.7994197471         0.851303419737        -1.7994197471         -0.0165154222133      -0.641991216493       
0.592416323356        0.799374327802        -1.7342909754         0.799374327802        -1.7342909754         -0.0207760253888      -0.6187283732         
0.602123817389        0.750397076921        -1.67150682136        0.750397076921        -1.67150682136        -0.0246346945404      -0.596311303145       
0.611831311422        0.704056882549        -1.61118084717        0.704056882549        -1.61118084717        -0.0281749390207      -0.574776851989       
0.621538805455        0.660349238163        -1.55325310345        0.660349238163        -1.55325310345        -0.0313958694882      -0.554104167842       
0.631246299488        0.618988663426        -1.49744531003        0.618988663426        -1.49744531003        -0.034333452746       -0.534194483006       
0.640953793521        0.579870841663        -1.44373665499        0.579870841663        -1.44373665499        -0.0370094425334      -0.51503778813        
0.650661287554        0.542819928243        -1.39202772941        0.542819928243        -1.39202772941        -0.0394543179523      -0.496598099026       
0.660368781587        0.507794091279        -1.34226271679        0.507794091279        -1.34226271679        -0.0416692512945      -0.478859948277       
0.670076275621        0.474590528209        -1.29432388594        0.474590528209        -1.29432388594        -0.0436911418848      -0.461775935914       
0.679783769654        0.442981601964        -1.24805728324        0.442981601964        -1.24805728324        -0.0455723841386      -0.445300602602       
0.689491263687        0.413103592579        -1.20339584524        0.413103592579        -1.20339584524        -0.0472604621058      -0.429395942136       
0.69919875772         0.384864596732        -1.16032081721        0.384864596732        -1.16032081721        -0.048764486398       -0.414061190603       
0.708906251753        0.3581137491          -1.11871984453        0.3581137491          -1.11871984453        -0.0501147576042      -0.39925354109        
0.718613745786        0.332814883048        -1.07860270209        0.332814883048        -1.07860270209        -0.0513077973128      -0.384978336805       
0.728321239819        0.308873838241        -1.03988420374        0.308873838241        -1.03988420374        -0.0523606659451      -0.371204458456       
0.738028733852        0.286201653932        -1.00249990127        0.286201653932        -1.00249990127        -0.0532859886804      -0.357907483412       
0.747736227886        0.264732722418        -0.966432465172       0.264732722418        -0.966432465172       -0.0540965051655      -0.345080495264       
0.757443721919        0.244305486974        -0.93161520553        0.244305486974        -0.93161520553        -0.0548247292897      -0.332703570751       
0.767151215952        0.225054017173        -0.897807325027       0.225054017173        -0.897807325027       -0.0554173853894      -0.320687249776       
0.776858709985        0.206826693763        -0.86519240286        0.206826693763        -0.86519240286        -0.0559160723611      -0.309096001324       
0.786566204018        0.189604926458        -0.833682529432       0.189604926458        -0.833682529432       -0.056314208446       -0.297899940567       
0.796273698051        0.173316369913        -0.80319552055        0.173316369913        -0.80319552055        -0.0566215902678      -0.287068811176       
0.805981192084        0.157919655246        -0.773778914219       0.157919655246        -0.773778914219       -0.0568526616043      -0.276619333351       
0.815688686117        0.143359895164        -0.745313164154       0.143359895164        -0.745313164154       -0.0570052977471      -0.266508479675       
0.825396180151        0.129650833412        -0.717899941341       0.129650833412        -0.717899941341       -0.0570634383603      -0.256783576851       
0.835103674184        0.116499950434        -0.691113821805       0.116499950434        -0.691113821805       -0.0571318637136      -0.247264820391       
0.844811168217        0.104189414318        -0.66526995982        0.104189414318        -0.66526995982        -0.0570914301858      -0.238089061882       
0.85451866225         0.0925832125904       -0.640281542025       0.0925832125904       -0.640281542025       -0.0569907839816      -0.229218254922       
0.864226156283        0.0816372334937       -0.616084222826       0.0816372334937       -0.616084222826       -0.0568318216503      -0.220628076292       
0.873933650316        0.0713193810756       -0.592653238825       0.0713193810756       -0.592653238825       -0.0566184534517      -0.212310176943       
0.883641144349        0.0615725120285       -0.569956197537       0.0615725120285       -0.569956197537       -0.0563617150068      -0.204254637855       
0.893348638382        0.0524156811302       -0.547949175272       0.0524156811302       -0.547949175272       -0.0560528738671      -0.196443492368       
0.903056132416        0.0438046305024       -0.526622369664       0.0438046305024       -0.526622369664       -0.0556954092535      -0.188873314764       
0.912763626449        0.0357158316862       -0.505970617141       0.0357158316862       -0.505970617141       -0.0552957765688      -0.181541874597       
0.922471120482        0.0281408449679       -0.485941013377       0.0281408449679       -0.485941013377       -0.0548485226454      -0.174431505509       
0.932178614515        0.0210154780309       -0.466517551911       0.0210154780309       -0.466517551911       -0.0543679178682      -0.167536378637       
0.941886108548        0.0143494835045       -0.447670102423       0.0143494835045       -0.447670102423       -0.0538484618179      -0.160844639798       
0.951593602581        0.00812877703999      -0.429356954585       0.00812877703999      -0.429356954585       -0.0532852167821      -0.154341428045       
0.961301096614        0.00232430878212      -0.411573823006       0.00232430878212      -0.411573823006       -0.0526846287025      -0.148025459573       
0.971008590647        -0.00308491059433     -0.394239120166       -0.00308491059433     -0.394239120166       -0.052041195827       -0.141867816868       
0.980716084681        -0.0080978012838      -0.377122492804       -0.0080978012838      -0.377122492804       -0.0513251257247      -0.135784380891       
0.990423578714        -0.0126923593213      -0.359518244607       -0.0126923593213      -0.359518244607       -0.0504342151704      -0.129521353563       
1.00013107275         -0.0169143505806      -0.342631668358       -0.0169143505806      -0.342631668358       -0.0495365406068      -0.123512533212       
1.00983856678         -0.0207626538867      -0.326418630236       -0.0207626538867      -0.326418630236       -0.0486308117671      -0.117742354588       
1.01954606081         -0.0242685894945      -0.310893426882       -0.0242685894945      -0.310893426882       -0.0477202961663      -0.112215817011       
1.02925355485         -0.0274690821519      -0.295999685407       -0.0274690821519      -0.295999685407       -0.0468096192236      -0.10691266308        
1.03896104888         -0.0303757389953      -0.281803531937       -0.0303757389953      -0.281803531937       -0.0459103624708      -0.101856939509       
1.04866854291         -0.0329764475094      -0.267970961878       -0.0329764475094      -0.267970961878       -0.0449739032452      -0.0969282489971      
1.05837603695         -0.0353211353721      -0.254791051157       -0.0353211353721      -0.254791051157       -0.0440521246758      -0.0922310410593      
1.06808353098         -0.0374073629918      -0.2421155716         -0.0374073629918      -0.2421155716         -0.0431237896042      -0.0877118390547      
1.07779102501         -0.0392561954072      -0.229947432143       -0.0392561954072      -0.229947432143       -0.0421949652733      -0.0833718607551      
1.08749851904         -0.0408804662717      -0.218254623668       -0.0408804662717      -0.218254623668       -0.0412644645265      -0.0791996522885      
1.09720601308         -0.0422882290689      -0.207032194415       -0.0422882290689      -0.207032194415       -0.040333812686       -0.0751936375489      
1.10691350711         -0.0434934265849      -0.196238180874       -0.0434934265849      -0.196238180874       -0.0394000386203      -0.0713385545542      
1.11662100114         -0.0445102812713      -0.185878227234       -0.0445102812713      -0.185878227234       -0.038468226152       -0.0676366919366      
1.12632849518         -0.0453473219376      -0.175928235631       -0.0453473219376      -0.175928235631       -0.0375370349911      -0.0640793415504      
1.13603598921         -0.0460137008603      -0.166374762795       -0.0460137008603      -0.166374762795       -0.0366067005351      -0.0606617943429      
1.14574348324         -0.0465190335876      -0.157194780164       -0.0465190335876      -0.157194780164       -0.0356767107725      -0.0573758120737      
1.15545097728         -0.0468728142971      -0.148385661297       -0.0468728142971      -0.148385661297       -0.0347488012743      -0.0542205848848      
1.16515847131         -0.0470853852103      -0.139929872398       -0.0470853852103      -0.139929872398       -0.0338239370993      -0.0511899617888      
1.17486596534         -0.0471560080639      -0.131812117762       -0.0471560080639      -0.131812117762       -0.0328986700379      -0.0482783019741      
1.18457345938         -0.0471040696167      -0.124030090789       -0.0471040696167      -0.124030090789       -0.031978511634       -0.0454849505263      
1.19428095341         -0.0469278308429      -0.116555249382       -0.0469278308429      -0.116555249382       -0.0310586293456      -0.042799631739       
1.20398844744         -0.0466376056411      -0.109394043662       -0.0466376056411      -0.109394043662       -0.0301425635502      -0.0402248371718      
1.21369594148         -0.0462396938482      -0.102531128401       -0.0462396938482      -0.102531128401       -0.0292297460272      -0.0377550716252      
1.22340343551         -0.0457375980386      -0.0959524223329      -0.0457375980386      -0.0959524223329      -0.0283188630658      -0.0353852511755      
1.23311092954         -0.0451396520811      -0.0896522765873      -0.0451396520811      -0.0896522765873      -0.027411483443       -0.033113481263       
1.24281842357         -0.0444853045009      -0.0835318337569      -0.0444853045009      -0.0835318337569      -0.0265203531564      -0.0308961061315      
1.25252591761         -0.0436729739606      -0.0778531044822      -0.0436729739606      -0.0778531044822      -0.0256059210142      -0.0288519665156      
1.26223341164         -0.0428135623241      -0.0723385402143      -0.0428135623241      -0.0723385402143      -0.0247076510939      -0.0268566811032      
1.27194090567         -0.041875051439       -0.0670664345639      -0.041875051439       -0.0670664345639      -0.0238116511563      -0.0249466619829      
1.28164839971         -0.0408643727521      -0.0620381108976      -0.0408643727521      -0.0620381108976      -0.0229192169358      -0.0231224248967      
1.29135589374         -0.0397841399252      -0.0572422107271      -0.0397841399252      -0.0572422107271      -0.0220297942712      -0.0213800254775      
1.30106338777         -0.0386391583587      -0.0526754198566      -0.0386391583587      -0.0526754198566      -0.0211437970532      -0.0197182690191      
1.31077088181         -0.0374312318529      -0.0483304818472      -0.0374312318529      -0.0483304818472      -0.0202602602401      -0.0181346573734      
1.32047837584         -0.0361658334035      -0.04420207647        -0.0361658334035      -0.04420207647        -0.019379874081       -0.0166272546384      
1.33018586987         -0.0348464574378      -0.0402885061028      -0.0348464574378      -0.0402885061028      -0.0185027408289      -0.0151955647012      
1.33989336391         -0.0334784854519      -0.0365862451807      -0.0334784854519      -0.0365862451807      -0.017629741731       -0.0138384156969      
1.34960085794         -0.0320629029665      -0.0330893375088      -0.0320629029665      -0.0330893375088      -0.0167596103631      -0.0125536963496      
1.35930835197         -0.0306061217859      -0.0297974755773      -0.0306061217859      -0.0297974755773      -0.0158938843695      -0.0113414151586      
1.36901584601         -0.0291141012371      -0.0267087319762      -0.0291141012371      -0.0267087319762      -0.0150336751773      -0.0102009862696      
1.37872334004         -0.0275894678796      -0.0238195880698      -0.0275894678796      -0.0238195880698      -0.0141785830663      -0.00913125493129     
1.38843083407         -0.0260416876303      -0.0211322833926      -0.0260416876303      -0.0211322833926      -0.0133315765886      -0.00813322960702     
1.3981383281          -0.0244763138454      -0.0186410655627      -0.0244763138454      -0.0186410655627      -0.0124931706026      -0.00720493930993     
1.40784582214         -0.0229004299401      -0.016347404407       -0.0229004299401      -0.016347404407       -0.0116652204         -0.00634715355135     
1.41755331617         -0.0213226847965      -0.0142479106468      -0.0213226847965      -0.0142479106468      -0.0108498361772      -0.00555886634949     
1.4272608102          -0.0197551883518      -0.0123413543945      -0.0197551883518      -0.0123413543945      -0.0100508682485      -0.0048399157148      
1.43696830424         -0.0182064926887      -0.010622403789       -0.0182064926887      -0.010622403789       -0.00927031873283     -0.00418864680967     
1.44667579827         -0.0166891261998      -0.00908630628954     -0.0166891261998      -0.00908630628954     -0.00851223020199     -0.00360368061347     
1.4563832923          -0.0152153621909      -0.00772599314802     -0.0152153621909      -0.00772599314802     -0.00778055041351     -0.00308279137725     
1.46609078634         -0.0137955985376      -0.00653168012352     -0.0137955985376      -0.00653168012352     -0.00707847394886     -0.00262275697236     
1.47579828037         -0.0124392034473      -0.00549172365104     -0.0124392034473      -0.00549172365104     -0.00640889116023     -0.00221963748708     
1.4855057744          -0.0111559708265      -0.00459405947738     -0.0111559708265      -0.00459405947738     -0.00577530135394     -0.00186936272004     
1.49521326844         -0.00995039451357     -0.00382415100864     -0.00995039451357     -0.00382415100864     -0.005178839265       -0.00156683311042     
1.50492076247         -0.00882659013632     -0.00316811793399     -0.00882659013632     -0.00316811793399     -0.00462083314629     -0.00130717116832     
1.5146282565          -0.00778651429066     -0.00261221621188     -0.00778651429066     -0.00261221621188     -0.00410185540879     -0.00108548626183     
1.52433575054         -0.00682975510472     -0.00214333257274     -0.00682975510472     -0.00214333257274     -0.00362155731411     -0.000897056796288    
1.53404324457         -0.00595461988816     -0.00174946505874     -0.00595461988816     -0.00174946505874     -0.00317915885736     -0.000737517946041    
1.5437507386          -0.00515792189285     -0.00141976011238     -0.00515792189285     -0.00141976011238     -0.00277326660963     -0.000602889087608    
1.55345823263         -0.00443642488503     -0.00114481172819     -0.00443642488503     -0.00114481172819     -0.00240259226389     -0.000489694258089    
1.56316572667         -0.00378597502149     -0.000916329399871    -0.00378597502149     -0.000916329399871    -0.00206542506261     -0.000394839207114    
1.5728732207          -0.00320189898042     -0.000727088422817    -0.00320189898042     -0.000727088422817    -0.00175981031185     -0.000315604198646    
1.58258071473         -0.00268018352869     -0.000571062180232    -0.00268018352869     -0.000571062180232    -0.00148415917059     -0.000249707212723    
1.59228820877         -0.00221625278838     -0.000442983085412    -0.00221625278838     -0.000442983085412    -0.00123656268027     -0.000195132795547    
1.6019957028          -0.00180618189246     -0.000338459336019    -0.00180618189246     -0.000338459336019    -0.00101544482448     -0.000150190533578    
1.61170319683         -0.00144564528259     -0.000253652875971    -0.00144564528259     -0.000253652875971    -0.000818970433732    -0.000113384944201    
1.62141069087         -0.00113128772875     -0.000185430082349    -0.00113128772875     -0.000185430082349    -0.000645807955539    -8.34909780488e-05    
1.6311181849          -0.000859621434494    -0.000131066019629    -0.000859621434494    -0.000131066019629    -0.000494511723693    -5.94311593118e-05    
1.6321181849          -0.000833937723018    -0.000126157814794    -0.000833937723018    -0.000126157814794    -0.000480118204214    -5.72461284576e-05    
1.6491181849          -0.000459020795935    -5.94000020707e-05    -0.000459020795935    -5.94000020707e-05    -0.000267907031991    -2.72467227139e-05    
1.6661181849          -0.000192752755262    -1.7930894367e-05     -0.000192752755262    -1.7930894367e-05     -0.000114175822082    -8.22280899295e-06    
1.6831181849          -3.06330861721e-05    5.52995768092e-06     -3.06330861721e-05    5.52995768092e-06     -1.87520906322e-05    2.81397895373e-06     
1.7001181849          3.23094522704e-06     5.14255801591e-05     3.23094522704e-06     5.14255801591e-05     3.08700137582e-05     8.61237062319e-06     
1.7171181849          3.99589965728e-06     0.000179050692947     3.99589965728e-06     0.000179050692947     2.87776042551e-05     8.7926539349e-05      
1.7341181849          3.81742837236e-06     0.000332906921406     3.81742837236e-06     0.000332906921406     2.68066088231e-05     0.000186689507273     
1.7511181849          3.12002729256e-06     0.000495135447261     3.12002729256e-06     0.000495135447261     2.48670567906e-05     0.000293813529745     
1.7521181849          3.06917315645e-06     0.000504721583769     3.06917315645e-06     0.000504721583769     2.47543753817e-05     0.00030023658101      
1.75864139056         2.71989971019e-06     0.00056707686464      2.71989971019e-06     0.00056707686464      2.40244754657e-05     0.000342272998116     
1.76516459622         2.34777737544e-06     0.000628890830541     2.34777737544e-06     0.000628890830541     2.33047628882e-05     0.000384389745833     
1.77168780188         1.96208896288e-06     0.000689878375367     1.96208896288e-06     0.000689878375367     2.25968862972e-05     0.000426390706988     
1.77821100754         1.57069669107e-06     0.000749798252793     1.57069669107e-06     0.000749798252793     2.19023151837e-05     0.000468105600379     
1.7847342132          1.18022810832e-06     0.000808446045232     1.18022810832e-06     0.000808446045232     2.12223220245e-05     0.000509385921716     
1.79125741886         7.96232950837e-07     0.000865648421557     7.96232950837e-07     0.000865648421557     2.05579798669e-05     0.000550101741547     
1.79778062452         4.23320752835e-07     0.000921257947145     4.23320752835e-07     0.000921257947145     1.99101698121e-05     0.000590138635052     
1.80430383018         6.52692266504e-08     0.000975149607206     6.52692266504e-08     0.000975149607206     1.92795892906e-05     0.000629395584373     
1.81082703584         -2.74870091265e-07    0.00102721818092      -2.74870091265e-07    0.00102721818092      1.86667670148e-05     0.0006677836889       
1.81735024151         -5.94680186637e-07    0.00107737533084      -5.94680186637e-07    0.00107737533084      1.80720784504e-05     0.000705224459914     
1.82387344717         -8.92303011241e-07    0.0011255476292       -8.92303011241e-07    0.0011255476292       1.74957594634e-05     0.000741648656261     
1.83039665283         -1.16637246959e-06    0.00117167498595      -1.16637246959e-06    0.00117167498595      1.6937919787e-05      0.000776995413933     
1.83691985849         -1.41595219165e-06    0.00121570906841      -1.41595219165e-06    0.00121570906841      1.63985569633e-05     0.000811211332853     
1.84344306415         -1.64047988286e-06    0.00125761185454      -1.64047988286e-06    0.00125761185454      1.58775695775e-05     0.000844249676859     
1.84996626981         -1.83971783658e-06    0.00129735477979      -1.83971783658e-06    0.00129735477979      1.53747695292e-05     0.000876069952643     
1.85648947547         -2.01371097754e-06    0.00133491777205      -2.01371097754e-06    0.00133491777205      1.48898926146e-05     0.000906637335875     
1.86301268113         -2.1627485529e-06     0.00137028830046      -2.1627485529e-06     0.00137028830046      1.44226085996e-05     0.000935922091271     
1.86953588679         -2.28732945453e-06    0.00140346051015      -2.28732945453e-06    0.00140346051015      1.39725305673e-05     0.000963899054695     
1.87605909245         -2.38812838102e-06    0.00143443475357      -2.38812838102e-06    0.00143443475357      1.35392245181e-05     0.000990547463944     
1.88258229811         -2.46596975976e-06    0.00146321705419      -2.46596975976e-06    0.00146321705419      1.31222165298e-05     0.00101585063177      
1.88910550377         -2.52180301239e-06    0.00148981846103      -2.52180301239e-06    0.00148981846103      1.27209998338e-05     0.00103979555427      
1.89562870943         -2.5566796616e-06     0.00151425447231      -2.5566796616e-06     0.00151425447231      1.23350414663e-05     0.00106237258062      
1.90215191509         -2.5717325042e-06     0.00153654471335      -2.5717325042e-06     0.00153654471335      1.19637884046e-05     0.00108357523715      
1.90867512075         -2.56815762324e-06    0.00155671266829      -2.56815762324e-06    0.00155671266829      1.16066728831e-05     0.00110340007271      
1.91519832641         -2.54719808914e-06    0.00157478521655      -2.54719808914e-06    0.00157478521655      1.12631172577e-05     0.00112184638267      
1.92172153207         -2.51012996222e-06    0.00159079220102      -2.51012996222e-06    0.00159079220102      1.09325381945e-05     0.00113891595538      
1.92824473773         -2.45824951359e-06    0.00160476621076      -2.45824951359e-06    0.00160476621076      1.06143505152e-05     0.00115461295222      
1.93476794339         -2.3928615746e-06     0.00161674241999      -2.3928615746e-06     0.00161674241999      1.03079707397e-05     0.0011689438152       
1.94129114906         -2.31526882563e-06    0.0016267582622       -2.31526882563e-06    0.0016267582622       1.00128203774e-05     0.00118191707616      
1.94781435472         -2.22676277728e-06    0.0016348531375       -2.22676277728e-06    0.0016348531375       9.72832867918e-06     0.00119354317425      
1.95433756038         -2.12861712175e-06    0.00164106819849      -2.12861712175e-06    0.00164106819849      9.45393461068e-06     0.00120383429404      
1.96086076604         -2.02207983952e-06    0.00164544627127      -2.02207983952e-06    0.00164544627127      9.18908931162e-06     0.00121280434797      
1.9673839717          -1.90836655706e-06    0.00164803163195      -1.90836655706e-06    0.00164803163195      8.93325815287e-06     0.00122046884651      
1.97390717736         -1.78865543557e-06    0.00164886978871      -1.78865543557e-06    0.00164886978871      8.68592229606e-06     0.00122684475466      
1.98043038302         -1.66408367756e-06    0.00164800733786      -1.66408367756e-06    0.00164800733786      8.44657969405e-06     0.00123195038603      
1.98695358868         -1.53574390191e-06    0.00164549183435      -1.53574390191e-06    0.00164549183435      8.21474619708e-06     0.00123580531221      
1.99347679434         -1.40468005111e-06    0.00164137165902      -1.40468005111e-06    0.00164137165902      7.98995680858e-06     0.00123843029282      
2                     -1.27188460249e-06    0.00163569586553      -1.27188460249e-06    0.00163569586553      7.77176653088e-06     0.00123984718161      
2.001                 -1.25143446792e-06    0.00163469140011      -1.25143446792e-06    0.00163469140011      7.73887435298e-06     0.00123995903352      
2.18280808081         8.28610631128e-07     0.00104741079227      8.28610631128e-07     0.00104741079227      3.17567245413e-06     0.00089875073326      
2.36461616162         -1.44904442989e-07    0.00028156736597      -1.44904442989e-07    0.00028156736597      4.74723050019e-07     0.000272936288486     
2.54642424242         5.96265789994e-05     3.42969753316e-07     5.96265789994e-05     3.42969753316e-07     6.61888105426e-05     -1.59288527999e-06    
2.72823232323         0.000440673854579     6.79646498496e-06     0.000440673854579     6.79646498496e-06     0.000542478605526     -2.48034695075e-05    
2.91004040404         0.000725880301789     2.173046112e-05       0.000725880301789     2.173046112e-05       0.000987092992899     -6.26474590839e-05    
3.09184848485         0.000794706477912     3.95416313989e-05     0.000794706477912     3.95416313989e-05     0.00119150392273      -9.34405431772e-05    
3.27365656566         0.000690809611867     5.2135765752e-05      0.000690809611867     5.2135765752e-05      0.00114155625904      -0.000104133283495    
3.45546464646         0.00050855534436      5.4849115791e-05      0.00050855534436      5.4849115791e-05      0.000926970171338     -9.47640414917e-05    
3.63727272727         0.000327075957445     4.83835119092e-05     0.000327075957445     4.83835119092e-05     0.000658812092592     -7.36177031826e-05    
3.81908080808         0.000187024060602     3.68549158359e-05     0.000187024060602     3.68549158359e-05     0.000417442375883     -5.01072463714e-05    
4.00088888889         9.61130231216e-05     2.47093268565e-05     9.61130231216e-05     2.47093268565e-05     0.000238615437422     -3.03646913853e-05    
4.1826969697          4.4702520633e-05      1.47746730215e-05     4.4702520633e-05      1.47746730215e-05     0.000124044987631     -1.65667530428e-05    
4.36450505051         1.89013195598e-05     7.95394183388e-06     1.89013195598e-05     7.95394183388e-06     5.89857668905e-05     -8.20263964967e-06    
4.54631313131         7.28481220134e-06     3.88244224614e-06     7.28481220134e-06     3.88244224614e-06     2.57662440121e-05     -3.70749073097e-06    
4.72812121212         2.56221832334e-06     1.72743231578e-06     2.56221832334e-06     1.72743231578e-06     1.03723008012e-05     -1.53639619968e-06    
4.90992929293         8.22184060147e-07     7.0350004033e-07      8.22184060147e-07     7.0350004033e-07      3.85738558509e-06     -5.85682311889e-07    
5.09173737374         2.40244204491e-07     2.63092876421e-07     2.40244204491e-07     2.63092876421e-07     1.3278378197e-06      -2.05920821421e-07    
5.27354545455         6.36619845719e-08     9.05879101932e-08     6.36619845719e-08     9.05879101932e-08     4.23740856469e-07     -6.69156716543e-08    
5.45535353535         1.51815749146e-08     2.87786391349e-08     1.51815749146e-08     2.87786391349e-08     1.25516439355e-07     -2.01316929241e-08    
5.63716161616         3.21161337615e-09     8.45024512177e-09     3.21161337615e-09     8.45024512177e-09     3.45454017065e-08     -5.61513133514e-09    
5.81896969697         5.85230759022e-10     2.2966817113e-09      5.85230759022e-10     2.2966817113e-09      8.8417520166e-09      -1.45366988376e-09    
6.00077777778         8.53639869509e-11     5.7849271658e-10      8.53639869509e-11     5.7849271658e-10      2.1059833768e-09      -3.49635778101e-10    
6.18258585859         7.43926120573e-12     1.35180297878e-10     7.43926120573e-12     1.35180297878e-10     4.6709207664e-10      -7.81942448586e-11    
6.36439393939         -7.43173101263e-13    2.93315833618e-11     -7.43173101263e-13    2.93315833618e-11     9.65170343723e-11     -1.62717669046e-11    
6.5462020202          -5.6523804059e-13     5.91421701759e-12     -5.6523804059e-13     5.91421701759e-12     1.85888336309e-11     -3.15246869302e-12    
6.72801010101         -1.74442533111e-13    1.10899131093e-12     -1.74442533111e-13    1.10899131093e-12     3.33852048228e-12     -5.68965610239e-13    
6.90981818182         -4.10380935857e-14    1.93735750777e-13     -4.10380935857e-14    1.93735750777e-13     5.59995031803e-13     -9.58215652141e-14    
7.09162626263         -8.12905029181e-15    3.12389612356e-14     -8.12905029181e-15    3.12389612356e-14     8.68966132713e-14     -1.49171127237e-14    
7.27343434343         -1.3802397144e-15     4.54975748443e-15     -1.3802397144e-15     4.54975748443e-15     1.22046868563e-14     -2.10040797222e-15    
7.45524242424         -3.48331473693e-16    1.01856159708e-15     -3.48331473693e-16    1.01856159708e-15     2.63988132282e-15     -4.55177470546e-16    
7.63705050505         -5.13486892925e-17    1.3631861492e-16      -5.13486892925e-17    1.3631861492e-16      3.41957376559e-16     -5.9039138643e-17     
7.81885858586         -6.11800109906e-17    1.49963346668e-16     -6.11800109906e-17    1.49963346668e-16     3.64690139373e-16     -6.30145544962e-17    
8.00066666667         -7.1707775974e-17     1.64366682572e-16     -7.1707775974e-17     1.64366682572e-16     3.88082970968e-16     -6.70794236626e-17    
8.18247474747         -8.29362443539e-17    1.79536340553e-16     -8.29362443539e-17    1.79536340553e-16     4.12133184305e-16     -7.12309549844e-17    
8.36428282828         -9.48692476884e-17    1.95479518882e-16     -9.48692476884e-17    1.95479518882e-16     4.36838323422e-16     -7.54665117891e-17    
8.54609090909         -1.07510237066e-16    2.12202937883e-16     -1.07510237066e-16    2.12202937883e-16     4.62196141394e-16     -7.97836029158e-17    
8.7278989899          -1.20862325161e-16    2.29712877856e-16     -1.20862325161e-16    2.29712877856e-16     4.88204580715e-16     -8.41798741116e-17    
8.90970707071         -1.34928323103e-16    2.48015213587e-16     -1.34928323103e-16    2.48015213587e-16     5.14861755904e-16     -8.86530998341e-17    
9.09151515152         -1.4971077285e-16     2.6711544578e-16      -1.4971077285e-16     2.6711544578e-16      5.42165938252e-16     -9.32011754748e-17    
9.27332323232         -1.65211975689e-16    2.87018729699e-16     -1.65211975689e-16    2.87018729699e-16     5.70115542853e-16     -9.78221100094e-17    
9.45513131313         -1.81434017359e-16    3.07729901303e-16     -1.81434017359e-16    3.07729901303e-16     5.98709118772e-16     -1.02514019071e-16    
9.63693939394         -1.98378790253e-16    3.29253501109e-16     -1.98378790253e-16    3.29253501109e-16     6.27945346442e-16     -1.07275118437e-16    
9.81874747475         -2.16048013069e-16    3.51593795998e-16     -2.16048013069e-16    3.51593795998e-16     6.57823080209e-16     -1.12103717914e-16    
10.0005555556         -2.34443248224e-16    3.7475479917e-16      -2.34443248224e-16    3.7475479917e-16      6.88341184647e-16     -1.16998683059e-16    
10.1823636364         -2.53565917338e-16    3.98740288408e-16     -2.53565917338e-16    3.98740288408e-16     7.19498108982e-16     -1.21958164017e-16    
10.3641717172         -2.73417314994e-16    4.23553822829e-16     -2.73417314994e-16    4.23553822829e-16     7.51293063553e-16     -1.26980619802e-16    
10.545979798          -2.93998621015e-16    4.49198758244e-16     -2.93998621015e-16    4.49198758244e-16     7.83725174984e-16     -1.32064682559e-16    
10.7277878788         -3.1531091141e-16     4.7567826127e-16      -3.1531091141e-16     4.7567826127e-16      8.16793617672e-16     -1.37209053243e-16    
10.9095959596         -3.3735516817e-16     5.02995322302e-16     -3.3735516817e-16     5.02995322302e-16     8.50497621391e-16     -1.42412497512e-16    
11.0914040404         -3.6013228803e-16     5.31152767445e-16     -3.6013228803e-16     5.31152767445e-16     8.84836469791e-16     -1.47673841896e-16    
11.2732121212         -3.83643090334e-16    5.60153269508e-16     -3.83643090334e-16    5.60153269508e-16     9.19809497155e-16     -1.52991970221e-16    
11.455020202          -4.0788832409e-16     5.89999358143e-16     -4.0788832409e-16     5.89999358143e-16     9.55416084844e-16     -1.58365820255e-16    
11.6368282828         -4.32868674316e-16    6.20693429188e-16     -4.32868674316e-16    6.20693429188e-16     9.91655657816e-16     -1.63794380589e-16    
11.8186363636         -4.58584767755e-16    6.52237753312e-16     -4.58584767755e-16    6.52237753312e-16     1.02852768134e-15     -1.69276687708e-16    
12.0004444444         -4.85037178025e-16    6.84634483996e-16     -4.85037178025e-16    6.84634483996e-16     1.06603165792e-15     -1.74811823264e-16    
12.1822525253         -5.12226430268e-16    7.17885664921e-16     -5.12226430268e-16    7.17885664921e-16     1.10416712454e-15     -1.80398911512e-16    
12.3640606061         -5.40153005352e-16    7.51993236813e-16     -5.40153005352e-16    7.51993236813e-16     1.14293364997e-15     -1.86037116928e-16    
12.5458686869         -5.68817343675e-16    7.86959043783e-16     -5.68817343675e-16    7.86959043783e-16     1.18233083247e-15     -1.91725641964e-16    
12.7276767677         -5.98219848605e-16    8.22784839211e-16     -5.98219848605e-16    8.22784839211e-16     1.22235829757e-15     -1.97463724957e-16    
12.9094848485         -6.28360889608e-16    8.5947229121e-16      -6.28360889608e-16    8.5947229121e-16      1.26301569605e-15     -2.03250638165e-16    
13.0912929293         -6.5924080508e-16     8.97022987702e-16     -6.5924080508e-16     8.97022987702e-16     1.30430270209e-15     -2.09085685926e-16    
13.2731010101         -6.90859904925e-16    9.35438441138e-16     -6.90859904925e-16    9.35438441138e-16     1.34621901162e-15     -2.14968202938e-16    
13.4549090909         -7.23218472901e-16    9.74720092896e-16     -7.23218472901e-16    9.74720092896e-16     1.38876434069e-15     -2.20897552641e-16    
13.6367171717         -7.56316768752e-16    1.01486931737e-15     -7.56316768752e-16    1.01486931737e-15     1.43193842408e-15     -2.26873125695e-16    
13.8185252525         -7.90155030158e-16    1.05588742578e-15     -7.90155030158e-16    1.05588742578e-15     1.47574101399e-15     -2.32894338566e-16    
14.0003333333         -8.24733474507e-16    1.09777566976e-15     -8.24733474507e-16    1.09777566976e-15     1.52017187877e-15     -2.38960632176e-16    
14.1821414141         -8.60052300518e-16    1.14053524463e-15     -8.60052300518e-16    1.14053524463e-15     1.56523080184e-15     -2.45071470656e-16    
14.3639494949         -8.96111689723e-16    1.18416729256e-15     -8.96111689723e-16    1.18416729256e-15     1.61091758063e-15     -2.51226340161e-16    
14.5457575758         -9.32911807824e-16    1.22867290543e-15     -9.32911807824e-16    1.22867290543e-15     1.65723202564e-15     -2.57424747757e-16    
14.7275656566         -9.70452805934e-16    1.27405312755e-15     -9.70452805934e-16    1.27405312755e-15     1.70417395955e-15     -2.63666220375e-16    
14.9093737374         -1.00873482171e-15    1.32030895824e-15     -1.00873482171e-15    1.32030895824e-15     1.75174321639e-15     -2.6995030383e-16     
15.0911818182         -1.04775798041e-15    1.36744135417e-15     -1.04775798041e-15    1.36744135417e-15     1.79993964079e-15     -2.76276561889e-16    
15.272989899          -1.08752239582e-15    1.41545123161e-15     -1.08752239582e-15    1.41545123161e-15     1.84876308728e-15     -2.826445754e-16      
15.4547979798         -1.12802817119e-15    1.46433946852e-15     -1.12802817119e-15    1.46433946852e-15     1.89821341964e-15     -2.89053941467e-16    
15.6366060606         -1.16927539997e-15    1.51410690654e-15     -1.16927539997e-15    1.51410690654e-15     1.94829051031e-15     -2.95504272669e-16    
15.8184141414         -1.2112641666e-15     1.5647543528e-15      -1.2112641666e-15     1.5647543528e-15      1.99899423979e-15     -3.01995196333e-16    
16.0002222222         -1.25399454719e-15    1.61628258168e-15     -1.25399454719e-15    1.61628258168e-15     2.05032449618e-15     -3.08526353833e-16    
16.182030303          -1.29746661016e-15    1.66869233646e-15     -1.29746661016e-15    1.66869233646e-15     2.10228117463e-15     -3.15097399943e-16    
16.3638383838         -1.34168041676e-15    1.72198433081e-15     -1.34168041676e-15    1.72198433081e-15     2.15486417695e-15     -3.21708002213e-16    
16.5456464646         -1.38663602169e-15    1.77615925029e-15     -1.38663602169e-15    1.77615925029e-15     2.20807341116e-15     -3.28357840387e-16    
16.7274545455         -1.43233347353e-15    1.83121775366e-15     -1.43233347353e-15    1.83121775366e-15     2.26190879111e-15     -3.35046605847e-16    
16.9092626263         -1.47877281524e-15    1.88716047422e-15     -1.47877281524e-15    1.88716047422e-15     2.31637023611e-15     -3.41774001092e-16    
17.0910707071         -1.52595408454e-15    1.94398802097e-15     -1.52595408454e-15    1.94398802097e-15     2.37145767061e-15     -3.4853973924e-16     
17.2728787879         -1.57387731433e-15    2.00170097981e-15     -1.57387731433e-15    2.00170097981e-15     2.42717102387e-15     -3.55343543558e-16    
17.4546868687         -1.62254253304e-15    2.06029991457e-15     -1.62254253304e-15    2.06029991457e-15     2.48351022968e-15     -3.6218514702e-16     
17.6364949495         -1.67194976498e-15    2.11978536804e-15     -1.67194976498e-15    2.11978536804e-15     2.54047522605e-15     -3.69064291881e-16    
17.8183030303         -1.72209903059e-15    2.18015786298e-15     -1.72209903059e-15    2.18015786298e-15     2.59806595502e-15     -3.75980729277e-16    
18.0001111111         -1.77299034681e-15    2.24141790297e-15     -1.77299034681e-15    2.24141790297e-15     2.65628236236e-15     -3.8293421885e-16     
18.1819191919         -1.82462372729e-15    2.3035659733e-15      -1.82462372729e-15    2.3035659733e-15      2.71512439737e-15     -3.89924528379e-16    
18.3637272727         -1.87699918262e-15    2.36660254181e-15     -1.87699918262e-15    2.36660254181e-15     2.77459201267e-15     -3.96951433444e-16    
18.5455353535         -1.93011672062e-15    2.43052805962e-15     -1.93011672062e-15    2.43052805962e-15     2.83468516401e-15     -4.04014717099e-16    
18.7273434343         -1.9839763465e-15     2.4953429619e-15      -1.9839763465e-15     2.4953429619e-15      2.89540381008e-15     -4.11114169561e-16    
18.9091515152         -2.03857806308e-15    2.56104766853e-15     -2.03857806308e-15    2.56104766853e-15     2.95674791234e-15     -4.18249587918e-16    
19.090959596          -2.09392187093e-15    2.62764258481e-15     -2.09392187093e-15    2.62764258481e-15     3.01871743487e-15     -4.25420775846e-16    
19.2727676768         -2.15000776862e-15    2.69512810203e-15     -2.15000776862e-15    2.69512810203e-15     3.0813123442e-15      -4.32627543347e-16    
19.4545757576         -2.2068357528e-15     2.7635045981e-15      -2.2068357528e-15     2.7635045981e-15      3.14453260918e-15     -4.39869706491e-16    
19.6363838384         -2.26440581836e-15    2.83277243809e-15     -2.26440581836e-15    2.83277243809e-15     3.20837820086e-15     -4.47147087178e-16    
19.8181919192         -2.32271795862e-15    2.9029319748e-15      -2.32271795862e-15    2.9029319748e-15      3.27284909234e-15     -4.54459512907e-16    
20                    0                     0                     0                     0                     0                     0                     
