0.0779191396          0                     0                     0                     0                     0                     0                     
0.087577837391        1.55731483663         4.86726907539         1.55731483663         4.86726907539         0.557097773366        1.89210093013         
0.0972365351819       7.96542407547         22.3631286975         7.96542407547         22.3631286975         3.01901837697         8.63822696583         
0.106895232973        17.7262593138         45.8132617453         17.7262593138         45.8132617453         7.01722107423         17.5990657161         
0.116553930764        28.6298443831         68.856745803          28.6298443831         68.856745803          11.7405963482         26.3076801402         
0.126212628555        39.2000559325         88.3456514706         39.2000559325         88.3456514706         16.5536390566         33.5599790284         
0.135871326346        48.6828256909         103.333818811         48.6828256909         103.333818811         21.0772742585         39.010334698          
0.145530024137        56.7433107358         113.89504314          56.7433107358         113.89504314          25.0979140392         42.7028722567         
0.155188721928        63.3206256207         120.629392652         63.3206256207         120.629392652         28.533445032          44.88855106           
0.164847419719        68.5500067145         124.231883038         68.5500067145         124.231883038         31.4027264759         45.8458689428         
0.17450611751         72.5464784067         125.293912071         72.5464784067         125.293912071         33.7207265198         45.8053028835         
0.184164815301        75.4733568143         124.404617551         75.4733568143         124.404617551         35.5410807509         44.9972943277         
0.193823513091        77.4588717571         122.007112824         77.4588717571         122.007112824         36.8979565133         43.589688436          
0.203482210882        78.5971697673         118.501990402         78.5971697673         118.501990402         37.8144373255         41.7446119523         
0.213140908673        79.0058730553         114.191445318         79.0058730553         114.191445318         38.3312945118         39.5796385022         
0.222799606464        78.7369844591         109.353691238         78.7369844591         109.353691238         38.4554765106         37.2188392962         
0.232458304255        77.8722895182         104.239111239         77.8722895182         104.239111239         38.2213345099         34.782934989          
0.242117002046        76.5153611975         99.056611318          76.5153611975         99.056611318          37.6841835931         32.3747694089         
0.251775699837        74.7960497728         93.9355662329         74.7960497728         93.9355662329         36.9167460066         30.0554491987         
0.261434397628        72.8069244664         88.978756825          72.8069244664         88.978756825          35.980133913          27.8712320808         
0.271093095419        70.6478301567         84.2244008057         70.6478301567         84.2244008057         34.9326926128         25.8288693119         
0.28075179321         68.380900826          79.7081650269         68.380900826          79.7081650269         33.812042406          23.939249563          
0.290410491001        66.0687535905         75.4423486396         66.0687535905         75.4423486396         32.657250757          22.201309846          
0.300069188792        63.7552633805         71.4207627528         63.7552633805         71.4207627528         31.4958286518         20.6035713074         
0.309727886583        61.4715218504         67.628216404          61.4715218504         67.628216404          30.3465682352         19.1297787491         
0.319386584374        59.2285955494         64.0481355065         59.2285955494         64.0481355065         29.215281964          17.7653312491         
0.329045282165        57.0318892593         60.6718857739         57.0318892593         60.6718857739         28.1041241353         16.5016628314         
0.338703979956        54.8839507446         57.4946583316         54.8839507446         57.4946583316         27.0140811876         15.3349193536         
0.348362677747        52.7920307148         54.5144033537         52.7920307148         54.5144033537         25.9495979567         14.2631229969         
0.358021375538        50.7631322356         51.724773856          50.7631322356         51.724773856          24.9156379516         13.2826602204         
0.367680073329        48.8093873744         49.1187281777         48.8093873744         49.1187281777         23.9201399038         12.3885692731         
0.37733877112         46.9366248154         46.682276201          46.9366248154         46.682276201          22.9676475383         11.5726657696         
0.386997468911        45.1489638887         44.4015227832         45.1489638887         44.4015227832         22.0611708831         10.8260396749         
0.396656166702        43.4422879587         42.2691631705         43.4422879587         42.2691631705         21.1993560781         10.1447569654         
0.406314864492        41.827392966          40.2600771867         41.827392966          40.2600771867         20.3879357062         9.51235580906         
0.415973562283        40.2952722627         38.3636523672         40.2952722627         38.3636523672         19.6214406041         8.92305815375         
0.425632260074        38.8365758168         36.5683232986         38.8365758168         36.5683232986         18.894187086          8.37083710342         
0.435290957865        37.4537171615         34.8671198148         37.4537171615         34.8671198148         18.2077401587         7.85156462383         
0.444949655656        36.1203672109         33.251279397          36.1203672109         33.251279397          17.5446474515         7.3619851551          
0.454608353447        34.8532144799         31.717544179          34.8532144799         31.717544179          16.9163207887         6.89981594336         
0.464267051238        33.6319944107         30.2631965981         33.6319944107         30.2631965981         16.3102119276         6.46558238157         
0.473925749029        32.462376342          28.882580601          32.462376342          28.882580601          15.7296645531         6.05618438189         
0.48358444682         31.3381912202         27.5736648046         31.3381912202         27.5736648046         15.1711530569         5.67163002437         
0.493243144611        30.2561522664         26.3325944231         30.2561522664         26.3325944231         14.6330182063         5.31096980211         
0.502901842402        29.214996019          25.1576254802         29.214996019          25.1576254802         14.1146357125         4.97371012458         
0.512560540193        28.215295496          24.0462352425         28.215295496          24.0462352425         13.616507106          4.65910955685         
0.522219237984        27.2519749459         22.9935676471         27.2519749459         22.9935676471         13.1362496066         4.36580296248         
0.531877935775        26.3283174986         22.0012394003         26.3283174986         22.0012394003         12.6755723705         4.094100629           
0.541536633566        25.4404892025         21.0621932604         25.4404892025         21.0621932604         12.2328113441         3.84153750112         
0.551195331357        24.59058944           20.1741396419         24.59058944           20.1741396419         11.8091697446         3.60725996367         
0.560854029148        23.7756288741         19.3327055142         23.7756288741         19.3327055142         11.4032149589         3.38925414662         
0.570512726939        22.9934911895         18.535296718          22.9934911895         18.535296718          11.0141249877         3.18671413394         
0.58017142473         22.2452468073         17.7809091565         22.2452468073         17.7809091565         10.6424905441         2.99886260722         
0.589830122521        21.5273923851         17.065203033          21.5273923851         17.065203033          10.2866798999         2.82412869443         
0.599488820312        20.8406359596         16.38633093           20.8406359596         16.38633093           9.94705551298         2.66154881299         
0.609147518103        20.1838981802         15.742109425          20.1838981802         15.742109425          9.62307985737         2.51006088196         
0.618806215893        19.5535345636         15.1282957625         19.5535345636         15.1282957625         9.31297114119         2.36828515137         
0.628464913684        18.9507254871         14.544818321          18.9507254871         14.544818321          9.01718453814         2.23566464303         
0.638123611475        18.3751819486         13.9892060108         18.3751819486         13.9892060108         8.73586018831         2.11141756302         
0.647782309266        17.8224302241         13.4582588887         17.8224302241         13.4582588887         8.46624843103         1.99397890894         
0.657441007057        17.2929202624         12.9516328666         17.2929202624         12.9516328666         8.2087549543          1.88342463062         
0.667099704848        16.7859973447         12.4673445321         16.7859973447         12.4673445321         7.962975856           1.77882196125         
0.676758402639        16.2993680019         12.0037017393         16.2993680019         12.0037017393         7.72769050519         1.67963062008         
0.68641710043         15.8322053105         11.5595042021         15.8322053105         11.5595042021         7.50240867507         1.58534013542         
0.696075798221        15.3830636377         11.1335939667         15.3830636377         11.1335939667         7.28632136179         1.49563989177         
0.705734496012        14.9521705908         10.7250109559         14.9521705908         10.7250109559         7.07953607651         1.40994336426         
0.715393193803        14.5372515062         10.3324469688         14.5372515062         10.3324469688         6.88082278277         1.32803474684         
0.725051891594        14.1377534415         9.95524792604         14.1377534415         9.95524792604         6.68985694101         1.24967437861         
0.734710589385        13.7528004551         9.59255401726         13.7528004551         9.59255401726         6.50614735925         1.17458283127         
0.744369287176        13.3817488153         9.24373767898         13.3817488153         9.24373767898         6.32932539423         1.10255966793         
0.754027984967        13.0234495757         8.90792198863         13.0234495757         8.90792198863         6.15878496287         1.03343414104         
0.763686682758        12.6773673347         8.5844439747          12.6773673347         8.5844439747          5.99423132049         0.967007368284        
0.773345380549        12.3433813329         8.27317279579         12.3433813329         8.27317279579         5.83556235938         0.903268839476        
0.78300407834         12.0194752176         7.97292850456         12.0194752176         7.97292850456         5.68173947118         0.841912356897        
0.792662776131        11.7060102696         7.6835067544          11.7060102696         7.6835067544          5.53302367917         0.783015811342        
0.802321473922        11.4016275116         7.40553918913         11.4016275116         7.40553918913         5.38843298539         0.72684362649         
0.811980171713        11.1069631449         7.13775259783         11.1069631449         7.13775259783         5.24863693139         0.673060819932        
0.821638869504        10.8212308285         6.87967673599         10.8212308285         6.87967673599         5.11305852436         0.621515144593        
0.831297567294        10.5443050446         6.63072560187         10.5443050446         6.63072560187         4.98170525025         0.571971329825        
0.840956265085        10.2757716999         6.39064992284         10.2757716999         6.39064992284         4.85431487224         0.52435653346         
0.850614962876        10.0143990849         6.15872178439         10.0143990849         6.15872178439         4.7302834637          0.478643109472        
0.860273660667        9.76088965364         5.93530531449         9.76088965364         5.93530531449         4.60994646159         0.434870767228        
0.869932358458        9.51415252183         5.7196272448          9.51415252183         5.7196272448          4.49278071487         0.392933354227        
0.879591056249        9.27417912107         5.511664503           9.27417912107         5.511664503           4.37875460408         0.352838633663        
0.88924975404         9.04045385597         5.31102102054         9.04045385597         5.31102102054         4.26762622499         0.314520311468        
0.898908451831        8.81299967646         5.11748154694         8.81299967646         5.11748154694         4.15942387323         0.277925994162        
0.908567149622        8.59113031423         4.93058225614         8.59113031423         4.93058225614         4.05381844458         0.243004349813        
0.918225847413        8.37479253183         4.75034859754         8.37479253183         4.75034859754         3.95076802723         0.209773661894        
0.927884545204        8.16373572146         4.57623610262         8.16373572146         4.57623610262         3.85018806522         0.178105251704        
0.937543242995        7.95740925103         4.40808375175         7.95740925103         4.40808375175         3.75180238363         0.148028795312        
0.947201940786        7.75596223547         4.2458155558          7.75596223547         4.2458155558          3.65568583925         0.11949484122         
0.956860638577        7.55839096863         4.08876463038         7.55839096863         4.08876463038         3.56137950131         0.0924546836901       
0.966519336368        7.36444668322         3.93660697706         7.36444668322         3.93660697706         3.46878152429         0.0668441701289       
0.976178034159        7.17197066963         3.78827028405         7.17197066963         3.78827028405         3.37686429372         0.0426730637836       
0.98583673195         6.96868815032         3.63722126561         6.96868815032         3.63722126561         3.27985972838         0.0198657406815       
0.995495429741        6.76265713259         3.48780424465         6.76265713259         3.48780424465         3.18158789876         -0.0014551413788      
1.00515412753         6.56441432507         3.34531903417         6.56441432507         3.34531903417         3.08698379382         -0.0214166558379      
1.01481282532         6.37389475409         3.20963662596         6.37389475409         3.20963662596         2.99606038766         -0.039945134669       
1.02447152311         6.1900892435          3.08020877621         6.1900892435          3.08020877621         2.90834702377         -0.0570740883476      
1.0341302209          6.01253123614         2.95640326564         6.01253123614         2.95640326564         2.82357655822         -0.0730703607187      
1.0437889187          5.84143959288         2.83831054193         5.84143959288         2.83831054193         2.7419046248          -0.0878554882938      
1.05344761649         5.67566119105         2.72521478673         5.67566119105         2.72521478673         2.66277475972         -0.101507728864       
1.06310631428         5.51562181534         2.61712675737         5.51562181534         2.61712675737         2.58639567312         -0.114124803974       
1.07276501207         5.36066159039         2.5136643286          5.36066159039         2.5136643286          2.51244860315         -0.12573945504        
1.08242370986         5.21120485036         2.41477138517         5.21120485036         2.41477138517         2.44118022716         -0.136415646773       
1.09208240765         5.06662682209         2.32031897805         5.06662682209         2.32031897805         2.37224932146         -0.146126790022       
1.10174110544         4.92650061838         2.22983438731         4.92650061838         2.22983438731         2.3054674945          -0.154977006249       
1.11139980323         4.79141697085         2.14313138742         4.79141697085         2.14313138742         2.24110935083         -0.163143138446       
1.12105850102         4.66074490179         2.05997805556         4.66074490179         2.05997805556         2.17887807992         -0.170631605218       
1.13071719881         4.53434126896         1.9802965852          4.53434126896         1.9802965852          2.11871794547         -0.177441388413       
1.14037589661         4.41179810884         1.90384972841         4.41179810884         1.90384972841         2.06043032832         -0.183627000412       
1.1500345944          4.29332080671         1.83062320757         4.29332080671         1.83062320757         2.00411647529         -0.189218235332       
1.15969329219         4.17865005923         1.76046434214         4.17865005923         1.76046434214         1.94965486683         -0.194230929266       
1.16935198998         4.06771259995         1.6931550288          4.06771259995         1.6931550288          1.8970198573          -0.198740907279       
1.17901068777         3.96026905799         1.6286275238          3.96026905799         1.6286275238          1.84607894496         -0.202748416407       
1.18866938556         3.85594875105         1.56659688143         3.85594875105         1.56659688143         1.79667061771         -0.206285515044       
1.19832808335         3.75566830541         1.50738323269         3.75566830541         1.50738323269         1.74921709279         -0.20943628972        
1.20798678114         3.65806075313         1.45034326469         3.65806075313         1.45034326469         1.70308066624         -0.212168742186       
1.21764547893         3.56376066884         1.39565357252         3.56376066884         1.39565357252         1.65855519812         -0.214564251194       
1.22730417672         3.47232692851         1.34311043459         3.47232692851         1.34311043459         1.6154274198          -0.21661059339        
1.23696287451         3.38408249759         1.29275238903         3.38408249759         1.29275238903         1.57384814041         -0.218377519431       
1.24662157231         3.29811384179         1.24415453368         3.29811384179         1.24415453368         1.5333958679          -0.219837450386       
1.2562802701          3.21509561199         1.19757217733         3.21509561199         1.19757217733         1.49437189203         -0.22104075611        
1.26593896789         3.13454256676         1.15272003567         3.13454256676         1.15272003567         1.45654689752         -0.22203789537        
1.27559766568         3.0565722919          1.10957359893         3.0565722919          1.10957359893         1.41995584234         -0.222855099695       
1.28525636347         2.98145500564         1.06830983375         2.98145500564         1.06830983375         1.38482721358         -0.22334991747        
1.29491506126         2.90822879032         1.0284241174          2.90822879032         1.0284241174          1.35056907855         -0.223732262576       
1.30457375905         2.83715806803         0.989967289591        2.83715806803         0.989967289591        1.31736052322         -0.223965848729       
1.31423245684         2.76840457941         0.952987615497        2.76840457941         0.952987615497        1.28527387258         -0.22406290713        
1.32389115463         2.70181436738         0.917349606975        2.70181436738         0.917349606975        1.25424374887         -0.224049443243       
1.33354985242         2.63713059513         0.883019516842        2.63713059513         0.883019516842        1.22412019844         -0.223898009937       
1.34320855022         2.57444627105         0.849923846557        2.57444627105         0.849923846557        1.19496802378         -0.223654912469       
1.35286724801         2.51346014097         0.817955096566        2.51346014097         0.817955096566        1.16663206302         -0.223310351111       
1.3625259458          2.45453070208         0.787194374902        2.45453070208         0.787194374902        1.13928755081         -0.222896172899       
1.37218464359         2.39721376666         0.757460452247        2.39721376666         0.757460452247        1.1127164415          -0.222415391798       
1.38184334138         2.34154787961         0.728751731646        2.34154787961         0.728751731646        1.08693522223         -0.221870686084       
1.39150203917         2.28743720226         0.701106967921        2.28743720226         0.701106967921        1.06188216536         -0.22123034686        
1.40116073696         2.23505808047         0.674313078195        2.23505808047         0.674313078195        1.0376786087          -0.22061494547        
1.41081943475         2.18404390684         0.648461566583        2.18404390684         0.648461566583        1.01411021648         -0.219926551702       
1.42047813254         2.13456380965         0.623474550986        2.13456380965         0.623474550986        0.991276017596        -0.219208063163       
1.43013683033         2.08646047468         0.599326351845        2.08646047468         0.599326351845        0.969090861845        -0.218461270406       
1.43979552812         2.03972105719         0.575989593101        2.03972105719         0.575989593101        0.94754651986         -0.217691457409       
1.44945422592         1.99422954945         0.55340566274         1.99422954945         0.55340566274         0.92658976008         -0.216896353147       
1.45911292371         1.9499978514          0.531569060078        1.9499978514          0.531569060078        0.906223320108        -0.216083065391       
1.4687716215          1.90699697305         0.510442581676        1.90699697305         0.510442581676        0.886433922158        -0.215261894355       
1.47843031929         1.86501778387         0.489774994584        1.86501778387         0.489774994584        0.86709064039         -0.214549290986       
1.48808901708         1.82433994136         0.470196853986        1.82433994136         0.470196853986        0.848412844539        -0.213572044077       
1.49774771487         1.78467701412         0.451054315772        1.78467701412         0.451054315772        0.830175121345        -0.212712598653       
1.50740641266         1.74587240192         0.432639170421        1.74587240192         0.432639170421        0.812319190911        -0.211761601677       
1.51706511045         1.70811175895         0.414831007177        1.70811175895         0.414831007177        0.794954470203        -0.21079351871        
1.52672380824         1.67143827497         0.397592693393        1.67143827497         0.397592693393        0.77810019091         -0.209837337565       
1.53638250603         1.63572064744         0.380890028167        1.63572064744         0.380890028167        0.761690523676        -0.208882346239       
1.54604120383         1.60098863247         0.364727437081        1.60098863247         0.364727437081        0.745734771366        -0.207937724355       
1.55569990162         1.56712504851         0.349054395569        1.56712504851         0.349054395569        0.730177998764        -0.207001746452       
1.56535859941         1.53410821028         0.333886576395        1.53410821028         0.333886576395        0.715006598227        -0.206058651662       
1.5750172972          1.50189170828         0.319206096016        1.50189170828         0.319206096016        0.70020877323         -0.205092638589       
1.58467599499         1.47044006378         0.305100610466        1.47044006378         0.305100610466        0.685735131759        -0.204067174202       
1.59433469278         1.4399256007          0.291230640841        1.4399256007          0.291230640841        0.671725874911        -0.203188556049       
1.60399339057         1.41021435211         0.277949110975        1.41021435211         0.277949110975        0.658059408301        -0.202243984905       
1.61365208836         1.38113107459         0.265064944034        1.38113107459         0.265064944034        0.644677364224        -0.201288254613       
1.62331078615         1.35283460893         0.252630405017        1.35283460893         0.252630405017        0.631652799308        -0.200330282176       
1.63296948394         1.32523633744         0.240623903381        1.32523633744         0.240623903381        0.618945386007        -0.199353889538       
1.64262818173         1.29838450675         0.228964016378        1.29838450675         0.228964016378        0.606567383521        -0.198405811704       
1.65228687953         1.27229072411         0.217657466407        1.27229072411         0.217657466407        0.594530296151        -0.197488815191       
1.66194557732         1.24688629311         0.206699128446        1.24688629311         0.206699128446        0.582802226792        -0.196593123704       
1.67160427511         1.22219954503         0.196112118011        1.22219954503         0.196112118011        0.571397468855        -0.195711986931       
1.6812629729          1.19826176894         0.185887018606        1.19826176894         0.185887018606        0.560329422019        -0.194859326509       
1.69092167069         1.17643025437         0.176212117065        1.17643025437         0.176212117065        0.550237288733        -0.1942592356         
1.70058036848         1.16388108072         0.168104492928        1.16388108072         0.168104492928        0.544472370663        -0.195131842187       
1.71023906627         1.15056435085         0.1600154101          1.15056435085         0.1600154101          0.538340169385        -0.195825787537       
1.71989776406         1.13676787155         0.152002901545        1.13676787155         0.152002901545        0.531972291174        -0.196388421467       
1.72955646185         1.12264727            0.144091385663        1.12264727            0.144091385663        0.525442693243        -0.196841218987       
1.73921515964         1.1082730067          0.136300190157        1.1082730067          0.136300190157        0.518784464488        -0.197191280205       
1.74887385744         1.09369218727         0.128642625037        1.09369218727         0.128642625037        0.512018907333        -0.1974428891         
1.75853255523         1.078941978           0.121126286962        1.078941978           0.121126286962        0.505164492568        -0.197599758571       
1.76819125302         1.06405650674         0.113760358921        1.06405650674         0.113760358921        0.498236660239        -0.19766381956        
1.77784995081         1.04906282402         0.106544456109        1.04906282402         0.106544456109        0.491250442446        -0.197640049839       
1.7875086486          1.03397408217         0.0994910055151       1.03397408217         0.0994910055151       0.484209583682        -0.197525620095       
1.79716734639         1.01880817825         0.092601837989        1.01880817825         0.092601837989        0.47712407425         -0.197323579568       
1.80682604418         1.00358182117         0.0858859217116       1.00358182117         0.0858859217116       0.470001904685        -0.19703145013        
1.81648474197         0.988319806643        0.0793362251056       0.988319806643        0.0793362251056       0.46285609874         -0.19665778472        
1.82614343976         0.973023610345        0.0729673527884       0.973023610345        0.0729673527884       0.455685829996        -0.196194505389       
1.83580213755         0.957727877585        0.0667772151879       0.957727877585        0.0667772151879       0.448510545331        -0.195647185048       
1.84546083534         0.942416786769        0.0607562180303       0.942416786769        0.0607562180303       0.441320575564        -0.19502295022        
1.85511953314         0.92710045314         0.0549231418392       0.92710045314         0.0549231418392       0.434120989739        -0.194310156781       
1.86477823093         0.912040374232        0.0491353428063       0.912040374232        0.0491353428063       0.42708197525         -0.193624214665       
1.87443692872         0.896628354858        0.0438234643973       0.896628354858        0.0438234643973       0.419793211774        -0.192636549079       
1.88409562651         0.881414524872        0.0385401846984       0.881414524872        0.0385401846984       0.412625528785        -0.19168520778        
1.8937543243          0.866285531951        0.0334265380091       0.866285531951        0.0334265380091       0.405502197961        -0.190668834996       
1.90341302209         0.85122863838         0.0285089998794       0.85122863838         0.0285089998794       0.39841051181         -0.189567689075       
1.91307171988         0.836231847518        0.0237630487711       0.836231847518        0.0237630487711       0.391342141534        -0.188399612637       
1.92273041767         0.821316279258        0.0191957776805       0.821316279258        0.0191957776805       0.384310174723        -0.187161788495       
1.93238911546         0.806493786584        0.0148126267601       0.806493786584        0.0148126267601       0.377322027263        -0.185851573397       
1.94204781325         0.791771785609        0.0105975275557       0.791771785609        0.0105975275557       0.370379992962        -0.184481362558       
1.95170651105         0.777170659524        0.00655952054936      0.777170659524        0.00655952054936      0.363496833576        -0.18304541342        
1.96136520884         0.762654029036        0.00269357543001      0.762654029036        0.00269357543001      0.356651410414        -0.181545510996       
1.97102390663         0.748270064633        -0.00100907010411     0.748270064633        -0.00100907010411     0.349870515214        -0.179991205336       
1.98068260442         0.73401764519         -0.00454457746415     0.73401764519         -0.00454457746415     0.343153286853        -0.178380280039       
1.99034130221         0.719898540843        -0.0079182025963      0.719898540843        -0.0079182025963      0.336500816904        -0.176716359318       
2                     0.705912235969        -0.0111375018449      0.705912235969        -0.0111375018449      0.329912281798        -0.175004359893       
2.001                 0.704476083606        -0.0114598302131      0.704476083606        -0.0114598302131      0.329236558322        -0.174823407835       
2.20423625233         0.44884098765         -0.0497380326099      0.44884098765         -0.0497380326099      0.209605194351        -0.132326189474       
2.40747250465         0.267674948558        -0.0554362783367      0.267674948558        -0.0554362783367      0.125785666487        -0.091415533119       
2.61070875698         0.146960897694        -0.0469264415947      0.146960897694        -0.0469264415947      0.0693655743599       -0.0590205966233      
2.81394500931         0.0731777755968       -0.0319291296786      0.0731777755968       -0.0319291296786      0.0344844729025       -0.034290955034       
3.01718126163         0.0335155241048       -0.0185419730185      0.0335155241048       -0.0185419730185      0.0158218609736       -0.0179474138661      
3.22041751396         0.0138752673758       -0.00965267070156     0.0138752673758       -0.00965267070156     0.00654977803862      -0.0086299665322      
3.42365376629         0.00510890460513      -0.0044029809605      0.00510890460513      -0.0044029809605      0.00239451680245      -0.00371757329152     
3.62689001861         0.00167599027278      -0.00178667513854     0.00167599027278      -0.00178667513854     0.000777380659097     -0.00144364707752     
3.83012627094         0.000475346479244     -0.000639948524637    0.000475346479244     -0.000639948524637    0.00021473797979      -0.000499806491699    
4.03336252327         0.000113285882357     -0.00020199697212     0.000113285882357     -0.00020199697212     4.83329777753e-05     -0.000153532818616    
4.23659877559         2.10008027202e-05     -5.52022351661e-05    2.10008027202e-05     -5.52022351661e-05    7.6779380399e-06      -4.1061388424e-05     
4.43983502792         2.32692007498e-06     -1.26478503839e-05    2.32692007498e-06     -1.26478503839e-05    2.95857162427e-07     -9.25066007244e-06    
4.64307128025         -1.36000134921e-07    -2.25110157479e-06    -1.36000134921e-07    -2.25110157479e-06    -2.94301186166e-07    -1.62589331184e-06    
4.84630753257         -1.13143018979e-07    -2.41799747893e-07    -1.13143018979e-07    -2.41799747893e-07    -9.90188735364e-08    -1.7315890605e-07     
5.0495437849          -5.23874134832e-09    -2.22295656217e-09    -5.23874134832e-09    -2.22295656217e-09    -4.12310427559e-09    -1.58663867182e-09    
5.0505437849          -5.06162800453e-09    -2.12201315608e-09    -5.06162800453e-09    -2.12201315608e-09    -3.98444887295e-09    -1.51422614367e-09    
5.0675437849          -2.57899632658e-09    -8.39293471402e-10    -2.57899632658e-09    -8.39293471402e-10    -2.04064800696e-09    -5.92473210736e-10    
5.0845437849          -9.82378029975e-10    -1.56380167008e-10    -9.82378029975e-10    -1.56380167008e-10    -7.88534546615e-10    -9.92402966415e-11    
5.1015437849          -1.20298215144e-10    1.6633799886e-10      -1.20298215144e-10    1.6633799886e-10      -1.10913060907e-10    1.36233721827e-10     
5.1185437849          3.92263246662e-11     4.31451537767e-10     3.92263246662e-11     4.31451537767e-10     1.3399191127e-11      3.44407207449e-10     
5.1355437849          3.43590502254e-11     9.10421801069e-10     3.43590502254e-11     9.10421801069e-10     1.22861226588e-11     7.31922785808e-10     
5.1525437849          2.6121222781e-11      1.3545509144e-09      2.6121222781e-11      1.3545509144e-09      9.74184510426e-12     1.09588723818e-09     
5.1695437849          1.76910424203e-11     1.71342542856e-09     1.76910424203e-11     1.71342542856e-09     6.95138303009e-12     1.3940317067e-09      
5.1705437849          1.72198390544e-11     1.73162103111e-09     1.72198390544e-11     1.73162103111e-09     6.7917409708e-12      1.40927804547e-09     
5.34921193207         -7.09304204811e-12    1.74772696421e-09     -7.09304204811e-12    1.74772696421e-09     -2.34337652105e-12    1.4883003473e-09      
5.52788007924         -1.03853927811e-12    6.03267948683e-10     -1.03853927811e-12    6.03267948683e-10     -3.78834103544e-13    5.33596627517e-10     
5.70654822641         1.1111712811e-13      1.45772470854e-10     1.1111712811e-13      1.45772470854e-10     3.40466153363e-14     1.33605476053e-10     
5.88521637358         4.79902786514e-14     2.71927652196e-11     4.79902786514e-14     2.71927652196e-11     1.6493558076e-14      2.5797584087e-11      
6.06388452075         3.29987436174e-15     3.82753365345e-12     3.29987436174e-15     3.82753365345e-12     1.20056169327e-15     3.75693708556e-12     
6.24255266792         -7.09772487796e-16    3.38693365572e-13     -7.09772487796e-16    3.38693365572e-13     -2.41314638463e-16    3.439725483e-13       
6.42122081509         -2.51686959987e-17    3.50785808417e-15     -2.51686959987e-17    3.50785808417e-15     -8.78358640221e-18    3.68842746081e-15     
6.59988896226         8.19619722449e-15     1.18156883193e-16     8.19619722449e-15     1.18156883193e-16     8.93413433042e-15     2.29859080246e-17     
6.77855710943         4.64731620589e-15     1.10857822678e-16     4.64731620589e-15     1.10857822678e-16     5.24252235219e-15     1.16726383567e-17     
6.9572252566          1.44959717867e-15     5.1501704284e-17      1.44959717867e-15     5.1501704284e-17      1.69130431471e-15     4.09628941406e-18     
7.13589340377         3.48087488369e-16     1.72253996986e-17     3.48087488369e-16     1.72253996986e-17     4.19945178792e-16     1.31297654799e-18     
7.31456155094         6.7199298549e-17      4.42070481738e-18     6.7199298549e-17      4.42070481738e-18     8.38261985369e-17     3.6264243056e-19      
7.49322969811         3.41498400489e-18     2.88553810643e-19     3.41498400489e-18     2.88553810643e-19     4.40504056051e-18     2.64830929311e-20     
7.67189784528         4.35640280649e-18     4.60491570802e-19     4.35640280649e-18     4.60491570802e-19     5.81175182482e-18     4.7125480064e-20      
7.85056599245         5.35621749063e-18     6.93679250554e-19     5.35621749063e-18     6.93679250554e-19     7.392218842e-18       7.86201275252e-20     
8.02923413962         6.40040006712e-18     9.98632892464e-19     6.40040006712e-18     9.98632892464e-19     9.14140343708e-18     1.23422575383e-19     
8.20790228679         7.4758437515e-18      1.38595940358e-18     7.4758437515e-18      1.38595940358e-18     1.1054147728e-17      1.84884534554e-19     
8.38657043396         8.57030756646e-18     1.86626528005e-18     8.57030756646e-18     1.86626528005e-18     1.3125892128e-17      2.66176844653e-19     
8.56523858113         9.67236733394e-18     2.45008341631e-18     9.67236733394e-18     2.45008341631e-18     1.53522183603e-17     3.70130379428e-19     
8.7439067283          1.07713684287e-17     3.14781507187e-18     1.07713684287e-17     3.14781507187e-18     1.77282624672e-17     5.00082298108e-19     
8.92257487547         1.18573791814e-17     3.96968446375e-18     1.18573791814e-17     3.96968446375e-18     2.02499861183e-17     6.59403601143e-19     
9.10124302264         1.29211450215e-17     4.92570382292e-18     1.29211450215e-17     4.92570382292e-18     2.29134615063e-17     8.51318025637e-19     
9.27991116981         1.39540437799e-17     6.02564708496e-18     1.39540437799e-17     6.02564708496e-18     2.57150202847e-17     1.07901714527e-18     
9.45857931698         1.49480425843e-17     7.27903067618e-18     1.49480425843e-17     7.27903067618e-18     2.86511500093e-17     1.34517826854e-18     
9.63724746415         1.58956566844e-17     8.69510010676e-18     1.58956566844e-17     8.69510010676e-18     3.17179529879e-17     1.6531316129e-18      
9.81591561132         1.67899104355e-17     1.02828212958e-17     1.67899104355e-17     1.02828212958e-17     3.49123898632e-17     2.00600379525e-18     
9.99458375849         1.7624300564e-17      1.20508757332e-17     1.7624300564e-17      1.20508757332e-17     3.82314643578e-17     2.40674586736e-18     
10.1732519057         1.83927617601e-17     1.40076587361e-17     1.83927617601e-17     1.40076587361e-17     4.16723401857e-17     2.85823472514e-18     
10.3519200528         1.90896345819e-17     1.6161280182e-17      1.90896345819e-17     1.6161280182e-17      4.52323479455e-17     3.36326989573e-18     
10.5305882            1.97096356091e-17     1.85195672109e-17     1.97096356091e-17     1.85195672109e-17     4.89089909405e-17     3.92457143957e-18     
10.7092563472         2.02478297601e-17     2.10900684739e-17     2.02478297601e-17     2.10900684739e-17     5.27000238172e-17     4.54477876835e-18     
10.8879244943         2.06996046616e-17     2.38800595807e-17     2.06996046616e-17     2.38800595807e-17     5.66030726501e-17     5.22588800732e-18     
11.0665926415         2.10606469548e-17     2.68965494615e-17     2.10606469548e-17     2.68965494615e-17     6.06156555769e-17     5.97083807627e-18     
11.2452607887         2.13269204139e-17     3.01462874075e-17     2.13269204139e-17     3.01462874075e-17     6.47359267364e-17     6.78204719565e-18     
11.4239289358         2.14946457546e-17     3.36357705973e-17     2.14946457546e-17     3.36357705973e-17     6.89620247344e-17     7.66183195807e-18     
11.602597083          2.15602820098e-17     3.73712519544e-17     2.15602820098e-17     3.73712519544e-17     7.3292182183e-17      8.61243132807e-18     
11.7812652302         2.15205093579e-17     4.13587482057e-17     2.15205093579e-17     4.13587482057e-17     7.77247290009e-17     9.63600823856e-18     
11.9599333774         2.13722132914e-17     4.56040480396e-17     2.13722132914e-17     4.56040480396e-17     8.22580890937e-17     1.07346513732e-17     
12.1386015245         2.11124700206e-17     5.01127202799e-17     2.11124700206e-17     5.01127202799e-17     8.68907758035e-17     1.19103770872e-17     
12.3172696717         2.07385330161e-17     5.48901220086e-17     2.07385330161e-17     5.48901220086e-17     9.16213873278e-17     1.31651314279e-17     
12.4959378189         2.02478205965e-17     5.99414065872e-17     2.02478205965e-17     5.99414065872e-17     9.64486026474e-17     1.45007922214e-17     
12.674605966          1.96379044778e-17     6.52715315324e-17     1.96379044778e-17     6.52715315324e-17     1.01371178648e-16     1.59191712003e-17     
12.8532741132         1.89064992068e-17     7.08852662174e-17     1.89064992068e-17     7.08852662174e-17     1.06387950473e-16     1.74220161483e-17     
13.0319422604         1.80514524041e-17     7.67871993731e-17     1.80514524041e-17     7.67871993731e-17     1.11497846292e-16     1.9011013046e-17      
13.2106104075         1.7070735753e-17      8.29817463725e-17     1.7070735753e-17      8.29817463725e-17     1.16699990646e-16     2.06875921319e-17     
13.3892785547         1.59624366713e-17     8.94731562869e-17     1.59624366713e-17     8.94731562869e-17     1.21992872509e-16     2.24531799207e-17     
13.5679467019         1.47247506111e-17     9.62655187033e-17     1.47247506111e-17     9.62655187033e-17     1.27375632954e-16     2.43095874206e-17     
13.7466148491         1.3355973935e-17      1.03362770302e-16     1.3355973935e-17      1.03362770302e-16     1.32847423783e-16     2.62582742131e-17     
13.9252829962         1.18544973218e-17     1.10768701192e-16     1.18544973218e-17     1.10768701192e-16     1.38407409366e-16     2.83006484323e-17     
14.1039511434         1.02187996592e-17     1.18486960999e-16     1.02187996592e-17     1.18486960999e-16     1.44054789937e-16     3.04380686889e-17     
14.2826192906         8.44744238366e-18     1.26521064719e-16     8.44744238366e-18     1.26521064719e-16     1.49788804166e-16     3.26718459403e-17     
14.4612874377         6.5390642312e-18      1.34874398336e-16     6.5390642312e-18      1.34874398336e-16     1.55608728448e-16     3.50032453035e-17     
14.6399555849         4.49237636764e-18     1.43550224199e-16     4.49237636764e-18     1.43550224199e-16     1.61513875357e-16     3.74334878091e-17     
14.8186237321         2.30615786662e-18     1.52551686188e-16     2.30615786662e-18     1.52551686188e-16     1.67503591851e-16     3.99637520966e-17     
14.9972918792         -2.07484912394e-20    1.6188181465e-16      -2.07484912394e-20    1.6188181465e-16      1.73577257459e-16     4.25951760505e-17     
15.1759600264         -2.4894401234e-18     1.71543531123e-16     -2.4894401234e-18     1.71543531123e-16     1.7973428251e-16      4.53288583772e-17     
15.3546281736         -5.10095827787e-18    1.81539652865e-16     -5.10095827787e-18    1.81539652865e-16     1.85974106439e-16     4.81658601243e-17     
15.5332963208         -7.85629141415e-18    1.91872897172e-16     -7.85629141415e-18    1.91872897172e-16     1.92296196185e-16     5.1107206142e-17      
15.7119644679         -1.07563783519e-17    2.02545885514e-16     -1.07563783519e-17    2.02545885514e-16     1.98700044681e-16     5.41538864886e-17     
15.8906326151         -1.3802111205e-17     2.13561147487e-16     -1.3802111205e-17     2.13561147487e-16     2.05185169442e-16     5.73068577809e-17     
16.0693007623         -1.69943381182e-17    2.24921124588e-16     -1.69943381182e-17    2.24921124588e-16     2.11751111242e-16     6.05670444921e-17     
16.2479689094         -2.03338658191e-17    2.36628173822e-16     -2.03338658191e-17    2.36628173822e-16     2.18397432885e-16     6.39353401963e-17     
16.4266370566         -2.3821462002e-17     2.48684571148e-16     -2.3821462002e-17     2.48684571148e-16     2.25123718075e-16     6.74126087646e-17     
16.6053052038         -2.74578575541e-17    2.61092514773e-16     -2.74578575541e-17    2.61092514773e-16     2.3192957038e-16      7.09996855113e-17     
16.7839733509         -3.12437486358e-17    2.73854128293e-16     -3.12437486358e-17    2.73854128293e-16     2.38814612324e-16     7.46973782939e-17     
16.9626414981         -3.51797986275e-17    2.86971463704e-16     -3.51797986275e-17    2.86971463704e-16     2.45778484614e-16     7.85064685673e-17     
17.1413096453         -3.926663995e-17      3.00446504264e-16     -3.926663995e-17      3.00446504264e-16     2.52820845613e-16     8.24277123954e-17     
17.3199777925         -4.35048757696e-17    3.14281167241e-16     -4.35048757696e-17    3.14281167241e-16     2.59941371223e-16     8.64618414199e-17     
17.4986459396         -4.78950815957e-17    3.28477306528e-16     -4.78950815957e-17    3.28477306528e-16     2.67139755773e-16     9.06095637896e-17     
17.6773140868         -5.24378067774e-17    3.43036715149e-16     -5.24378067774e-17    3.43036715149e-16     2.74415716131e-16     9.48715650504e-17     
17.855982234          -5.7133575908e-17     3.57961127647e-16     -5.7133575908e-17     3.57961127647e-16     2.81769015477e-16     9.9248508999e-17      
18.0346503811         -6.19828901423e-17    3.73252222374e-16     -6.19828901423e-17    3.73252222374e-16     2.89199448811e-16     1.03740781822e-16     
18.2133185283         -6.69862284338e-17    3.8891162367e-16      -6.69862284338e-17    3.8891162367e-16      2.96706373303e-16     1.08349124419e-16     
18.3919866755         -7.21440486963e-17    4.04940903955e-16     -7.21440486963e-17    4.04940903955e-16     3.04289665457e-16     1.13074263294e-16     
18.5706548226         -7.7456788896e-17     4.21341585726e-16     -7.7456788896e-17     4.21341585726e-16     3.11949112312e-16     1.17916783135e-16     
18.7493229698         -8.29248680787e-17    4.38115143461e-16     -8.29248680787e-17    4.38115143461e-16     3.19684494106e-16     1.22877250644e-16     
18.927991117          -8.85486873351e-17    4.5526300545e-16      -8.85486873351e-17    4.5526300545e-16      3.27495595516e-16     1.27956215201e-16     
19.1066592642         -9.43286307109e-17    4.72786555536e-16     -9.43286307109e-17    4.72786555536e-16     3.35382208147e-16     1.33154209499e-16     
19.2853274113         -1.00265066063e-16    4.90687134792e-16     -1.00265066063e-16    4.90687134792e-16     3.43344131189e-16     1.3847175015e-16      
19.4639955585         -1.06358345864e-16    5.08966043115e-16     -1.06358345864e-16    5.08966043115e-16     3.51381171501e-16     1.43909338266e-16     
19.6426637057         -1.12608807967e-16    5.27624540757e-16     -1.12608807967e-16    5.27624540757e-16     3.59493143476e-16     1.49467460022e-16     
19.8213318528         -1.19016776321e-16    5.46663849788e-16     -1.19016776321e-16    5.46663849788e-16     3.67679868811e-16     1.55146587187e-16     
20                    0                     0                     0                     0                     0                     0                     
