0.0779191396          0                     0                     0                     0                     0                     0                     
0.0876558150718       0.581905354955        -0.0238013948849      0.581905354955        -0.0238013948849      0.140668102946        -0.00292054739771     
0.0973924905436       2.68092150579         -0.566506205286       2.68092150579         -0.566506205286       0.658897239257        -0.179291638698       
0.107129166015        5.08526015364         -1.82504190082        5.08526015364         -1.82504190082        1.21618774223         -0.619429954543       
0.116865841487        6.98126816985         -3.26831296882        6.98126816985         -3.26831296882        1.59701432158         -1.1381870025         
0.126602516959        8.25779964043         -4.55672813785        8.25779964043         -4.55672813785        1.79907543059         -1.60880301313        
0.136339192431        9.00860857119         -5.57900543692        9.00860857119         -5.57900543692        1.86844257562         -1.98682180863        
0.146075867903        9.36161502097         -6.32982117198        9.36161502097         -6.32982117198        1.85009726592         -2.26763917005        
0.155812543374        9.42945857278         -6.84298323457        9.42945857278         -6.84298323457        1.7778526457          -2.46205509783        
0.165549218846        9.30147508995         -7.16235112062        9.30147508995         -7.16235112062        1.67531841765         -2.58529323719        
0.175285894318        9.04299283754         -7.33016732436        9.04299283754         -7.33016732436        1.55780647839         -2.6524380695         
0.18502256979         8.70235784877         -7.38242441824        8.70235784877         -7.38242441824        1.43537028156         -2.67650744147        
0.194759245262        8.30874747202         -7.3463786357         8.30874747202         -7.3463786357         1.31276451314         -2.66754820904        
0.204495920734        7.89125787685         -7.24630231623        7.89125787685         -7.24630231623        1.19516812519         -2.63441883033        
0.214232596205        7.46514965111         -7.09986701382        7.46514965111         -7.09986701382        1.08430080251         -2.58367510137        
0.223969271677        7.04154904506         -6.92093730973        7.04154904506         -6.92093730973        0.981179042133        -2.52047186092        
0.233705947149        6.62748809971         -6.72038753366        6.62748809971         -6.72038753366        0.885991276509        -2.44889637474        
0.243442622621        6.2279408239          -6.50613880079        6.2279408239          -6.50613880079        0.798724402548        -2.37192523329        
0.253179298093        5.84543342213         -6.28405742722        5.84543342213         -6.28405742722        0.71894252974         -2.29178886399        
0.262915973564        5.48160636538         -6.05875478087        5.48160636538         -6.05875478087        0.646198973488        -2.2102209207         
0.272652649036        5.13710811206         -5.83340488533        5.13710811206         -5.83340488533        0.579976970146        -2.12843419433        
0.282389324508        4.81213174489         -5.61040601656        4.81213174489         -5.61040601656        0.519772593173        -2.04735167391        
0.29212599998         4.50652221256         -5.39160254779        4.50652221256         -5.39160254779        0.46513274386         -1.9676865831         
0.301862675452        4.21933952881         -5.17803220923        4.21933952881         -5.17803220923        0.415451511043        -1.88983443704        
0.311599350923        3.95005702717         -4.9705173704         3.95005702717         -4.9705173704         0.370353805206        -1.81412819065        
0.321336026395        3.69777926107         -4.76992658039        3.69777926107         -4.76992658039        0.329400330092        -1.74089413781        
0.331072701867        3.46185390956         -4.57647314953        3.46185390956         -4.57647314953        0.292250321464        -1.67021495132        
0.340809377339        3.24019438132         -4.38991771955        3.24019438132         -4.38991771955        0.258283800878        -1.60206898146        
0.350546052811        3.03321580689         -4.2105778185         3.03321580689         -4.2105778185         0.22749937531         -1.5365290395         
0.360282728283        2.83981024805         -4.03844474179        2.83981024805         -4.03844474179        0.199570409549        -1.4735982491         
0.370019403754        2.65896195755         -3.87348558009        2.65896195755         -3.87348558009        0.174202643016        -1.41327389398        
0.379756079226        2.48984251175         -3.71556358393        2.48984251175         -3.71556358393        0.151151377999        -1.35552079946        
0.389492754698        2.33172861845         -3.56448200137        2.33172861845         -3.56448200137        0.130216098102        -1.30027028333        
0.39922943017         2.18352885359         -3.41989005536        2.18352885359         -3.41989005536        0.111095564569        -1.24739479845        
0.408966105642        2.04477976728         -3.28169314498        2.04477976728         -3.28169314498        0.0936760024359       -1.19686316748        
0.418702781113        1.9148079808          -3.14950651988        1.9148079808          -3.14950651988        0.0777935215792       -1.1485349867         
0.428439456585        1.79294327232         -3.02308229033        1.79294327232         -3.02308229033        0.063295989104        -1.10231941939        
0.438176132057        1.67945108565         -2.90209385938        1.67945108565         -2.90209385938        0.0503117682585       -1.05812481764        
0.447912807529        1.5716611182          -2.78665373299        1.5716611182          -2.78665373299        0.0380236424695       -1.01591846606        
0.457649483001        1.47075572117         -2.67601233667        1.47075572117         -2.67601233667        0.0268920981805       -0.975508838903       
0.467386158472        1.37616597742         -2.56990977995        1.37616597742         -2.56990977995        0.0167578355314       -0.936767717493       
0.477122833944        1.2874456303          -2.46833670255        1.2874456303          -2.46833670255        0.00753911480627      -0.89968202739        
0.486859509416        1.20424019206         -2.37107617153        1.20424019206         -2.37107617153        -0.000826848291348    -0.864177072307       
0.496596184888        1.12615707702         -2.27791429012        1.12615707702         -2.27791429012        -0.00841873922483     -0.830175762654       
0.50633286036         1.05280974409         -2.18875695837        1.05280974409         -2.18875695837        -0.0153256977079      -0.797641800173       
0.516069535832        0.983872899005        -2.10336854957        0.983872899005        -2.10336854957        -0.021602500806       -0.766491640219       
0.525806211303        0.919081748013        -2.02154244851        0.919081748013        -2.02154244851        -0.0272960667864      -0.736648906495       
0.535542886775        0.858166182115        -1.94321976897        0.858166182115        -1.94321976897        -0.0324628241178      -0.708091181596       
0.545279562247        0.800845817208        -1.86813082958        0.800845817208        -1.86813082958        -0.0371496124742      -0.680723998659       
0.555016237719        0.746688536183        -1.79619776063        0.746688536183        -1.79619776063        -0.0414609918078      -0.654514354271       
0.564752913191        0.695685198099        -1.72708341717        0.695685198099        -1.72708341717        -0.0453894007756      -0.62934579669        
0.574489588662        0.647658416963        -1.66055201607        0.647658416963        -1.66055201607        -0.0489136784524      -0.605117692746       
0.584226264134        0.602798331192        -1.59687891747        0.602798331192        -1.59687891747        -0.0519963019128      -0.581935934252       
0.593962939606        0.560008527422        -1.53549227334        0.560008527422        -1.53549227334        -0.0549172298838      -0.559596823596       
0.603699615078        0.520165902233        -1.47679902317        0.520165902233        -1.47679902317        -0.0573829909463      -0.538254325601       
0.61343629055         0.4822361606          -1.420066971          0.4822361606          -1.420066971          -0.0597316975829      -0.517603760637       
0.623172966021        0.446702380612        -1.36571278686        0.446702380612        -1.36571278686        -0.0617496798193      -0.497837279446       
0.632909641493        0.413215866922        -1.31346248843        0.413215866922        -1.31346248843        -0.0635359988053      -0.478838727749       
0.642646316965        0.381506975146        -1.26316291974        0.381506975146        -1.26316291974        -0.0651492988315      -0.460558784155       
0.652382992437        0.351702825019        -1.21465915463        0.351702825019        -1.21465915463        -0.0665315440621      -0.442932928268       
0.662119667909        0.32367584521         -1.16809931583        0.32367584521         -1.16809931583        -0.067728519686       -0.426016512861       
0.671856343381        0.297285089209        -1.12323168913        0.297285089209        -1.12323168913        -0.0687365574067      -0.409718829453       
0.681593018852        0.272432280718        -1.08010047249        0.272432280718        -1.08010047249        -0.0695844807985      -0.39405239577        
0.691329694324        0.248980786236        -1.03844253061        0.248980786236        -1.03844253061        -0.0702893388118      -0.378928252347       
0.701066369796        0.226923126462        -0.998350325797       0.226923126462        -0.998350325797       -0.0708488567413      -0.36437198333        
0.710803045268        0.206073142606        -0.95976872278        0.206073142606        -0.95976872278        -0.0713141225191      -0.350370861993       
0.72053972074         0.18645800714         -0.922531230428       0.18645800714         -0.922531230428       -0.0716514959439      -0.336858252473       
0.730276396211        0.168000883976        -0.886602965912       0.168000883976        -0.886602965912       -0.071875829814       -0.323821725991       
0.740013071683        0.150668238077        -0.851971766329       0.150668238077        -0.851971766329       -0.0719867416066      -0.311256932612       
0.749749747155        0.134323097264        -0.818576758786       0.134323097264        -0.818576758786       -0.0720228187701      -0.29914070253        
0.759486422627        0.119037003827        -0.78635682568        0.119037003827        -0.78635682568        -0.0719321971965      -0.287455389278       
0.769223098099        0.104579253072        -0.755252981391       0.104579253072        -0.755252981391       -0.0717927958344      -0.276175631209       
0.77895977357         0.0910466459149       -0.725168824618       0.0910466459149       -0.725168824618       -0.0715603554751      -0.265265678783       
0.788696449042        0.0783345156893       -0.696210654201       0.0783345156893       -0.696210654201       -0.0712634523266      -0.254764312414       
0.798433124514        0.0664339444749       -0.668214342426       0.0664339444749       -0.668214342426       -0.0708879612954      -0.244611561277       
0.808169799986        0.0552893207625       -0.641192804593       0.0552893207625       -0.641192804593       -0.0704492213895      -0.234813123781       
0.817906475458        0.0448231675491       -0.615089996677       0.0448231675491       -0.615089996677       -0.0699614691745      -0.225348603874       
0.82764315093         0.0350417396228       -0.589867379155       0.0350417396228       -0.589867379155       -0.0694166247676      -0.216202808821       
0.837379826401        0.0259226419944       -0.565507163182       0.0259226419944       -0.565507163182       -0.0688143618686      -0.207368655019       
0.847116501873        0.0174076491186       -0.541944242321       0.0174076491186       -0.541944242321       -0.0681616105006      -0.198823082042       
0.856853177345        0.0094578454595       -0.519200656008       0.0094578454595       -0.519200656008       -0.0674723310661      -0.190574647369       
0.866589852817        0.00207121710711      -0.497202643372       0.00207121710711      -0.497202643372       -0.0667364521242      -0.182595783533       
0.876326528289        -0.00478162255178     -0.475933517377       -0.00478162255178     -0.475933517377       -0.0659569240641      -0.174880314956       
0.88606320376         -0.0111422631855      -0.455393413806       -0.0111422631855      -0.455393413806       -0.0651437415391      -0.167427974364       
0.895799879232        -0.0170118166167      -0.435505347028       -0.0170118166167      -0.435505347028       -0.0642890523365      -0.160210849787       
0.905536554704        -0.0224161170593      -0.416273975725       -0.0224161170593      -0.416273975725       -0.063395808397       -0.153230820871       
0.915273230176        -0.0274100538         -0.397681238829       -0.0274100538         -0.397681238829       -0.0624792959882      -0.146481203894       
0.925009905648        -0.0319757988907      -0.379699347966       -0.0319757988907      -0.379699347966       -0.0615275669386      -0.139951425359       
0.934746581119        -0.0361437213474      -0.36230164348        -0.0361437213474      -0.36230164348        -0.0605450653978      -0.133631755427       
0.944483256591        -0.0399355598314      -0.34547555194        -0.0399355598314      -0.34547555194        -0.0595350579711      -0.127517604682       
0.954219932063        -0.0433683393192      -0.329167018733       -0.0433683393192      -0.329167018733       -0.0584945087803      -0.121589206662       
0.963956607535        -0.0464361152283      -0.313356586939       -0.0464361152283      -0.313356586939       -0.0574189129879      -0.115839888701       
0.973693283007        -0.0491639730792      -0.297991729546       -0.0491639730792      -0.297991729546       -0.056305442264       -0.110249537804       
0.983429958479        -0.0514960843794      -0.282735707748       -0.0514960843794      -0.282735707748       -0.0550899754443      -0.104693828509       
0.99316663395         -0.0534005542308      -0.267409768378       -0.0534005542308      -0.267409768378       -0.0537356089624      -0.0991059086109      
1.00290330942         -0.0550316799946      -0.252807863739       -0.0550316799946      -0.252807863739       -0.0523990078969      -0.0937798684951      
1.01263998489         -0.0563988932837      -0.238865280568       -0.0563988932837      -0.238865280568       -0.051072820762       -0.088691965091       
1.02237666037         -0.0575208245109      -0.225536073826       -0.0575208245109      -0.225536073826       -0.0497556204486      -0.083825460424       
1.03211333584         -0.0584079786976      -0.212773132013       -0.0584079786976      -0.212773132013       -0.0484442551208      -0.079163238139       
1.04185001131         -0.059075452632       -0.200573287326       -0.059075452632       -0.200573287326       -0.0471415039235      -0.0747043899716      
1.05158668678         -0.0595297654141      -0.188880621187       -0.0595297654141      -0.188880621187       -0.0458413622247      -0.0704280552683      
1.06132336225         -0.0597935443492      -0.177705953379       -0.0597935443492      -0.177705953379       -0.0445508729197      -0.0663383824699      
1.07106003772         -0.0598686523817      -0.167003029624       -0.0598686523817      -0.167003029624       -0.0432645196957      -0.0624185824647      
1.0807967132          -0.0597721953835      -0.156764666505       -0.0597721953835      -0.156764666505       -0.0419854719921      -0.0586660781907      
1.09053338867         -0.0595139781154      -0.146975245963       -0.0595139781154      -0.146975245963       -0.0407142005373      -0.0550753197271      
1.10027006414         -0.0590989404785      -0.137606643069       -0.0590989404785      -0.137606643069       -0.0394477714593      -0.0516360702893      
1.11000673961         -0.05852906452        -0.128642550623       -0.05852906452        -0.128642550623       -0.0381841320785      -0.0483425012316      
1.11974341508         -0.0578429365086      -0.120091676282       -0.0578429365086      -0.120091676282       -0.0369354880734      -0.0451972412686      
1.12948009056         -0.0570199681848      -0.111918876569       -0.0570199681848      -0.111918876569       -0.0356901244865      -0.0421881747316      
1.13921676603         -0.0560764981963      -0.104115767206       -0.0560764981963      -0.104115767206       -0.0344517596817      -0.0393122444622      
1.1489534415          -0.0550189373447      -0.0966691089459      -0.0550189373447      -0.0966691089459      -0.0332198577997      -0.0365645297333      
1.15869011697         -0.0538564602712      -0.0895717859702      -0.0538564602712      -0.0895717859702      -0.0319956283174      -0.0339424522763      
1.16842679244         -0.0525896363697      -0.0828049508698      -0.0525896363697      -0.0828049508698      -0.0307763913898      -0.0314392461451      
1.17816346791         -0.0512313313046      -0.0763686905872      -0.0512313313046      -0.0763686905872      -0.0295651950526      -0.0290550124843      
1.18790014339         -0.0497863514482      -0.0702499632974      -0.0497863514482      -0.0702499632974      -0.0283615083366      -0.0267850868917      
1.19763681886         -0.0482557242789      -0.0644351812749      -0.0482557242789      -0.0644351812749      -0.0271628851039      -0.0246244426827      
1.20737349433         -0.0466493999139      -0.0589225689552      -0.0466493999139      -0.0589225689552      -0.0259717890648      -0.0225725787777      
1.2171101698          -0.0449740302918      -0.053705777954       -0.0449740302918      -0.053705777954       -0.0247887736259      -0.020627334549       
1.22684684527         -0.0432305340685      -0.0487732183189      -0.0432305340685      -0.0487732183189      -0.0236118318469      -0.0187844509919      
1.23658352075         -0.0414242039775      -0.0441196581972      -0.0414242039775      -0.0441196581972      -0.0224409257183      -0.0170420676453      
1.24632019622         -0.039572118599       -0.0397510776815      -0.039572118599       -0.0397510776815      -0.0212824584259      -0.0154027264293      
1.25605687169         -0.0376689277071      -0.0356510083756      -0.0376689277071      -0.0356510083756      -0.020130938129       -0.01386031952        
1.26579354716         -0.0357255072613      -0.0318201932193      -0.0357255072613      -0.0318201932193      -0.0189894482532      -0.0124153071841      
1.27553022263         -0.0337502277279      -0.0282556322599      -0.0337502277279      -0.0282556322599      -0.0178596021561      -0.0110668017909      
1.2852668981          -0.0317526041819      -0.0249560527734      -0.0317526041819      -0.0249560527734      -0.0167437440714      -0.00981458953009     
1.29500357358         -0.0297396674236      -0.0219132915433      -0.0297396674236      -0.0219132915433      -0.015642456636       -0.00865577655562     
1.30474024905         -0.0277238663076      -0.019127845798       -0.0277238663076      -0.019127845798       -0.0145593589959      -0.00759093533736     
1.31447692452         -0.0257196398035      -0.0165964391083      -0.0257196398035      -0.0165964391083      -0.0134989126359      -0.00661922645066     
1.32421359999         -0.0237388015597      -0.0143120162343      -0.0237388015597      -0.0143120162343      -0.0124640349331      -0.00573835294566     
1.33395027546         -0.0217962847757      -0.012267718198       -0.0217962847757      -0.012267718198       -0.0114593304096      -0.00494621354882     
1.34368695094         -0.0199066400123      -0.0104539248254      -0.0199066400123      -0.0104539248254      -0.0104892853017      -0.00423968827579     
1.35342362641         -0.0180832043523      -0.00885765501313     -0.0180832043523      -0.00885765501313     -0.00955795914079     -0.00361431835732     
1.36316030188         -0.0163396827418      -0.0074656412911      -0.0163396827418      -0.0074656412911      -0.00866991642244     -0.00306568521543     
1.37289697735         -0.0146862020311      -0.00626070454741     -0.0146862020311      -0.00626070454741     -0.00782828316126     -0.00258773270671     
1.38263365282         -0.0131315443914      -0.00522570788906     -0.0131315443914      -0.00522570788906     -0.00703599130242     -0.00217443091746     
1.39237032829         -0.0116793457351      -0.00434155935738     -0.0116793457351      -0.00434155935738     -0.00629372162647     -0.0018188835723      
1.40210700377         -0.0103339577434      -0.00359112015631     -0.0103339577434      -0.00359112015631     -0.00560307644404     -0.00151492190666     
1.41184367924         -0.00909469422677     -0.00295690461219     -0.00909469422677     -0.00295690461219     -0.00496335621931     -0.00125611784899     
1.42158035471         -0.00795919093151     -0.00242298592375     -0.00795919093151     -0.00242298592375     -0.0043733178581      -0.00103657505268     
1.43131703018         -0.00692510529639     -0.00197544039331     -0.00692510529639     -0.00197544039331     -0.00383199613256     -0.000851116996182    
1.44105370565         -0.00598678696975     -0.00160130944024     -0.00598678696975     -0.00160130944024     -0.00333679053551     -0.000694849586755    
1.45079038113         -0.00513935970602     -0.00128958530156     -0.00513935970602     -0.00128958530156     -0.00288564376988     -0.000563593867133    
1.4605270566          -0.00437756580095     -0.00103086497715     -0.00437756580095     -0.00103086497715     -0.00247635659204     -0.000453763442072    
1.47026373207         -0.00369537120609     -0.000816860934317    -0.00369537120609     -0.000816860934317    -0.00210630361871     -0.000362158812246    
1.48000040754         -0.00308772124926     -0.000640669069881    -0.00308772124926     -0.000640669069881    -0.00177341579351     -0.000286099085691    
1.48973708301         -0.00254846662442     -0.000496183801245    -0.00254846662442     -0.000496183801245    -0.00147496201655     -0.000223184731855    
1.49947375848         -0.00207282128226     -0.000378435572782    -0.00207282128226     -0.000378435572782    -0.00120894903141     -0.00017145831068     
1.50921043396         -0.00165585538561     -0.000283111819277    -0.00165585538561     -0.000283111819277    -0.000973250591926    -0.000129201393565    
1.51894710943         -0.00129304122812     -0.000206570422418    -0.00129304122812     -0.000206570422418    -0.000765918175393    -9.49517399741e-05    
1.5286837849          -0.000980268042646    -0.000145726389496    -0.000980268042646    -0.000145726389496    -0.000585191785848    -6.7460282724e-05     
1.5296837849          -0.00095082905125     -0.000140259043803    -0.00095082905125     -0.000140259043803    -0.000568073582475    -6.49757268865e-05    
1.5466837849          -0.000521876694596    -6.60535132936e-05    -0.000521876694596    -6.60535132936e-05    -0.000316137769362    -3.09467238154e-05    
1.5636837849          -0.00021838562471     -2.02287655535e-05    -0.00021838562471     -2.02287655535e-05    -0.000134301404981    -9.50773937243e-06    
1.5806837849          -3.44051609618e-05    5.43534814431e-06     -3.44051609618e-05    5.43534814431e-06     -2.19203206614e-05    2.79462463245e-06     
1.5976837849          3.96425371608e-06     5.58433640606e-05     3.96425371608e-06     5.58433640606e-05     1.42108771783e-06     3.39573599317e-05     
1.6146837849          4.76006757506e-06     0.000194108910083     4.76006757506e-06     0.000194108910083     1.7196428413e-06      0.00012303872194      
1.6316837849          4.41819819511e-06     0.000356582412716     4.41819819511e-06     0.000356582412716     1.60392500461e-06     0.00023105754639      
1.6486837849          3.49669217411e-06     0.000523687486353     3.49669217411e-06     0.000523687486353     1.27563691459e-06     0.000345376043601     
1.6496837849          3.43246807108e-06     0.000533446092931     3.43246807108e-06     0.000533446092931     1.25262217107e-06     0.000352152273788     
1.65683309541         2.95385635176e-06     0.000602531065141     2.95385635176e-06     0.000602531065141     1.08081419884e-06     0.000400452938888     
1.66398240592         2.45365601929e-06     0.000670305651918     2.45365601929e-06     0.000670305651918     9.00826088094e-07     0.000448407422786     
1.67113171644         1.94554217427e-06     0.000736443257555     1.94554217427e-06     0.000736443257555     7.17647956856e-07     0.000495773249027     
1.67828102695         1.44056417175e-06     0.000800666568205     1.44056417175e-06     0.000800666568205     5.35317655153e-07     0.000542337899169     
1.68543033746         9.47868001921e-07     0.000862961820148     9.47868001921e-07     0.000862961820148     3.57185412914e-07     0.000588065560013     
1.69257964797         4.75359378693e-07     0.000925415625894     4.75359378693e-07     0.000925415625894     1.86180638066e-07     0.000634361353324     
1.69972895849         2.50747117216e-08     0.000989474185698     2.50747117216e-08     0.000989474185698     2.30862182643e-08     0.000682223014613     
1.706878269           -4.01618830709e-07    0.00105125747856      -4.01618830709e-07    0.00105125747856      -1.31636654298e-07    0.000728978129198     
1.71402757951         -8.00556709542e-07    0.00111070596429      -8.00556709542e-07    0.00111070596429      -2.76454377512e-07    0.000774557698457     
1.72117689002         -1.16866817832e-06    0.0011677344435       -1.16866817832e-06    0.0011677344435       -4.10231977614e-07    0.00081887444653      
1.72832620053         -1.50377074999e-06    0.00122226084536      -1.50377074999e-06    0.00122226084536      -5.32158173154e-07    0.0008618425021       
1.73547551105         -1.8044298898e-06     0.00127421342203      -1.8044298898e-06     0.00127421342203      -6.41694348945e-07    0.000903382477325     
1.74262482156         -2.06984764025e-06    0.00132353267306      -2.06984764025e-06    0.00132353267306      -7.3853412242e-07     0.0009434230321       
1.74977413207         -2.29977011463e-06    0.00137017153185      -2.29977011463e-06    0.00137017153185      -8.22569776117e-07    0.00098190118213      
1.75692344258         -2.49440995607e-06    0.00141409458337      -2.49440995607e-06    0.00141409458337      -8.93864086414e-07    0.00101876184846      
1.7640727531          -2.65437591646e-06    0.00145527699396      -2.65437591646e-06    0.00145527699396      -9.52624739898e-07    0.00105395723197      
1.77122206361         -2.78060660751e-06    0.00149370390092      -2.78060660751e-06    0.00149370390092      -9.99180267881e-07    0.00108744663362      
1.77837137412         -2.87431855281e-06    0.00152936962713      -2.87431855281e-06    0.00152936962713      -1.03396114913e-06    0.00111919598563      
1.78552068463         -2.93695755916e-06    0.0015622766786       -2.93695755916e-06    0.0015622766786       -1.05748211407e-06    0.0011491772508       
1.79266999514         -2.97015414731e-06    0.00159243490833      -2.97015414731e-06    0.00159243490833      -1.07032592523e-06    0.00117736794357      
1.79981930566         -2.97568436255e-06    0.00161986113834      -2.97568436255e-06    0.00161986113834      -1.0731291102e-06     0.001203750942        
1.80696861617         -2.95543518522e-06    0.00164457848407      -2.95543518522e-06    0.00164457848407      -1.0665693559e-06     0.00122831408391      
1.81411792668         -2.91137474456e-06    0.00166661557583      -2.91137474456e-06    0.00166661557583      -1.0513546448e-06     0.00125104970135      
1.82126723719         -2.84552555732e-06    0.00168600610386      -2.84552555732e-06    0.00168600610386      -1.02821349154e-06    0.0012719543676       
1.82841654771         -2.75994019915e-06    0.00170278853242      -2.75994019915e-06    0.00170278853242      -9.97886066811e-07    0.00129102874319      
1.83556585822         -2.65667917041e-06    0.00171700554301      -2.65667917041e-06    0.00171700554301      -9.61116112995e-07    0.00130827724939      
1.84271516873         -2.53779308808e-06    0.00172870350739      -2.53779308808e-06    0.00172870350739      -9.18644431583e-07    0.00132370771533      
1.84986447924         -2.40530759459e-06    0.00173793223699      -2.40530759459e-06    0.00173793223699      -8.71203360565e-07    0.00133733121734      
1.85701378976         -2.2612070304e-06     0.00174474471607      -2.2612070304e-06     0.00174474471607      -8.19510803844e-07    0.00134916196492      
1.86416310027         -2.10742201512e-06    0.00174919667643      -2.10742201512e-06    0.00174919667643      -7.64265678681e-07    0.00135921702997      
1.87131241078         -1.94582032658e-06    0.00175134629469      -1.94582032658e-06    0.00175134629469      -7.061445633e-07      0.00136751613498      
1.87846172129         -1.77819870718e-06    0.00175125395229      -1.77819870718e-06    0.00175125395229      -6.45798684203e-07    0.00137408148566      
1.8856110318          -1.60627371616e-06    0.00174898198192      -1.60627371616e-06    0.00174898198192      -5.83850556955e-07    0.00137893763526      
1.89276034232         -1.43167525654e-06    0.0017445944041       -1.43167525654e-06    0.0017445944041       -5.20891598831e-07    0.00138211132489      
1.89990965283         -1.25594240561e-06    0.00173815676487      -1.25594240561e-06    0.00173815676487      -4.5748058206e-07     0.00138363136031      
1.90705896334         -1.08051945953e-06    0.00172973589339      -1.08051945953e-06    0.00172973589339      -3.94142166146e-07    0.00138352842786      
1.91420827385         -9.0675294751e-07     0.00171939964953      -9.0675294751e-07     0.00171939964953      -3.31365781056e-07    0.00138183493528      
1.92135758437         -7.35888972358e-07    0.00170721681809      -7.35888972358e-07    0.00170721681809      -2.69604632328e-07    0.00137858496118      
1.92850689488         -5.69072052211e-07    0.00169325697765      -5.69072052211e-07    0.00169325697765      -2.09275254092e-07    0.00137381415133      
1.93565620539         -4.073447114e-07      0.00167759030283      -4.073447114e-07      0.00167759030283      -1.5075733412e-07     0.00136755957327      
1.9428055159          -2.5164802466e-07     0.00166028731883      -2.5164802466e-07     0.00166028731883      -9.43938862515e-08    0.00135985951856      
1.94995482641         -1.02821724665e-07    0.00164141887858      -1.02821724665e-07    0.00164141887858      -4.04912670337e-08    0.0013507535058       
1.95710413693         3.83947554371e-08     0.00162105605305      3.83947554371e-08     0.00162105605305      1.0680467386e-08      0.00134028220322      
1.96425344744         1.71360267991e-07     0.0015992699678       1.71360267991e-07     0.0015992699678       5.88868507934e-08     0.00132848730168      
1.97140275795         2.95529574058e-07     0.00157613163314      2.95529574058e-07     0.00157613163314      1.03928162856e-07     0.00131541136797      
1.97855206846         4.10451463738e-07     0.00155171191285      4.10451463738e-07     0.00155171191285      1.4563876266e-07      0.00130109781291      
1.98570137898         5.15765910013e-07     0.00152608143843      5.15765910013e-07     0.00152608143843      1.83886072258e-07     0.00128559083353      
1.99285068949         6.11200541135e-07     0.00149931047223      6.11200541135e-07     0.00149931047223      2.1856931181e-07      0.00126893530415      
2                     6.965672083e-07       0.00147146881694      6.965672083e-07       0.00147146881694      2.49618266942e-07     0.00125117669305      
2.001                 7.07698095472e-07     0.00146749309714      7.07698095472e-07     0.00146749309714      2.53668807312e-07     0.0012486074061       
2.18280808081         2.28790788323e-07     0.000596425621226     2.28790788323e-07     0.000596425621226     8.32710313933e-08     0.000570434768314     
2.36461616162         -1.16408988813e-08    2.92885932562e-06     -1.16408988813e-08    2.92885932562e-06     -4.2137017332e-09     3.16218990912e-06     
2.54642424242         0.000419735635697     5.58301596523e-06     0.000419735635697     5.58301596523e-06     0.000509429060094     -8.42224577272e-06    
2.72823232323         0.000906498182086     2.54509677143e-05     0.000906498182086     2.54509677143e-05     0.00122315363589      -3.71753672392e-05    
2.91004040404         0.00114318122297      5.57906278948e-05     0.00114318122297      5.57906278948e-05     0.00170938138541      -7.13713344281e-05    
3.09184848485         0.0011053286243       8.41304593311e-05     0.0011053286243       8.41304593311e-05     0.00182966123318      -9.35600937031e-05    
3.27365656566         0.000892097805354     9.88789677901e-05     0.000892097805354     9.88789677901e-05     0.00163526871334      -9.62453080487e-05    
3.45546464646         0.000624266014486     9.61889140312e-05     0.000624266014486     9.61889140312e-05     0.00126904358983      -8.28454562356e-05    
3.63727272727         0.000386574565778     8.01460273375e-05     0.000386574565778     8.01460273375e-05     0.000873663683521     -6.16205786859e-05    
3.81908080808         0.000214459250289     5.84506700069e-05     0.000214459250289     5.84506700069e-05     0.000540752585036     -4.04757188924e-05    
4.00088888889         0.000107430020454     3.78662529592e-05     0.000107430020454     3.78662529592e-05     0.000303611162803     -2.37938835139e-05    
4.1826969697          4.88420271669e-05     2.20212602454e-05     4.88420271669e-05     2.20212602454e-05     0.000155630939039     -1.26357673284e-05    
4.36450505051         2.02165907344e-05     1.15859291529e-05     2.02165907344e-05     1.15859291529e-05     7.31787326382e-05     -6.10436797991e-06    
4.54631313131         7.63012314552e-06     5.5470970593e-06      7.63012314552e-06     5.5470970593e-06      3.16752646676e-05     -2.6977749751e-06     
4.72812121212         2.62589053187e-06     2.4277800835e-06      2.62589053187e-06     2.4277800835e-06      1.2655309868e-05      -1.09455641693e-06    
4.90992929293         8.22685787034e-07     9.74765439331e-07     8.22685787034e-07     9.74765439331e-07     4.67698915395e-06     -4.08938071159e-07    
5.09173737374         2.33742864627e-07     3.60050824298e-07     2.33742864627e-07     3.60050824298e-07     1.60150960264e-06     -1.4102915862e-07     
5.27354545455         5.97888722334e-08     1.22628514696e-07     5.97888722334e-08     1.22628514696e-07     5.08800977922e-07     -4.49808954526e-08    
5.45535353535         1.35808991731e-08     3.85829323195e-08     1.35808991731e-08     3.85829323195e-08     1.50141044572e-07     -1.32890304739e-08    
5.63716161616         2.66411414144e-09     1.12317801218e-08     2.66411414144e-09     1.12317801218e-08     4.11888808247e-08     -3.64160024891e-09    
5.81896969697         4.21500983567e-10     3.02911673727e-09     4.21500983567e-10     3.02911673727e-09     1.05126751975e-08     -9.26592607911e-10    
6.00077777778         4.14948336924e-11     7.57661234106e-10     4.14948336924e-11     7.57661234106e-10     2.49792292017e-09     -2.19098465134e-10    
6.18258585859         -3.23095106365e-12    1.7592734766e-10      -3.23095106365e-12    1.7592734766e-10      5.52859766603e-10     -4.81807616733e-11    
6.36439393939         -3.1177898933e-12     3.7952625219e-11      -3.1177898933e-12     3.7952625219e-11      1.14031647367e-10     -9.85993364678e-12    
6.5462020202          -1.05125033551e-12    7.61206655435e-12     -1.05125033551e-12    7.61206655435e-12     2.19273025726e-11     -1.87880326391e-12    
6.72801010101         -2.66256653525e-13    1.42042797666e-12     -2.66256653525e-13    1.42042797666e-12     3.93266671222e-12     -3.33537451637e-13    
6.90981818182         -5.71080690155e-14    2.47031019741e-13     -5.71080690155e-14    2.47031019741e-13     6.58860965695e-13     -5.5255393098e-14     
7.09162626263         -1.07144179171e-14    3.96675405102e-14     -1.07144179171e-14    3.96675405102e-14     1.0213049472e-13      -8.46181014994e-15    
7.27343434343         -1.7547536452e-15     5.75511950276e-15     -1.7547536452e-15     5.75511950276e-15     1.43311229103e-14     -1.17207205877e-15    
7.45524242424         -4.31522918551e-16    1.28380061745e-15     -4.31522918551e-16    1.28380061745e-15     3.09734660291e-15     -2.49862131576e-16    
7.63705050505         -6.23757485167e-17    1.71243694405e-16     -6.23757485167e-17    1.71243694405e-16     4.00934956692e-16     -3.18799970496e-17    
7.81885858586         -7.31775082713e-17    1.87796879181e-16     -7.31775082713e-17    1.87796879181e-16     4.27328770901e-16     -3.34703785697e-17    
8.00066666667         -8.46990618987e-17    2.05232702848e-16     -8.46990618987e-17    2.05232702848e-16     4.54500088919e-16     -3.50462717369e-17    
8.18247474747         -9.69439755298e-17    2.23559175721e-16     -9.69439755298e-17    2.23559175721e-16     4.82445270351e-16     -3.66040863136e-17    
8.36428282828         -1.09915439172e-16    2.42783761868e-16     -1.09915439172e-16    2.42783761868e-16     5.11162736453e-16     -3.81407712711e-17    
8.54609090909         -1.23616310003e-16    2.62913423708e-16     -1.23616310003e-16    2.62913423708e-16     5.40650683522e-16     -3.96537687805e-17    
8.7278989899          -1.3804915013e-16     2.83954662455e-16     -1.3804915013e-16     2.83954662455e-16     5.70907415409e-16     -4.11406717363e-17    
8.90970707071         -1.53216259609e-16    3.0591355484e-16      -1.53216259609e-16    3.0591355484e-16      6.01931364806e-16     -4.25992136139e-17    
9.09151515152         -1.69119705364e-16    3.28795786481e-16     -1.69119705364e-16    3.28795786481e-16     6.33721089064e-16     -4.40272590266e-17    
9.27332323232         -1.85761346571e-16    3.52606682247e-16     -1.85761346571e-16    3.52606682247e-16     6.66275261467e-16     -4.54227949437e-17    
9.45513131313         -2.0314285699e-16     3.773512339e-16       -2.0314285699e-16     3.773512339e-16       6.99592661843e-16     -4.67839225314e-17    
9.63693939394         -2.21265744638e-16    4.03034125294e-16     -2.21265744638e-16    4.03034125294e-16     7.33672167491e-16     -4.8108849577e-17     
9.81874747475         -2.40131369157e-16    4.29659755377e-16     -2.40131369157e-16    4.29659755377e-16     7.68512744767e-16     -4.93958834577e-17    
10.0005555556         -2.59740957181e-16    4.5723225919e-16      -2.59740957181e-16    4.5723225919e-16      8.0411344136e-16      -5.06434246162e-17    
10.1823636364         -2.80095615942e-16    4.85755527087e-16     -2.80095615942e-16    4.85755527087e-16     8.40473379266e-16     -5.18499605077e-17    
10.3641717172         -3.01196345349e-16    5.15233222311e-16     -3.01196345349e-16    5.15233222311e-16     8.77591748422e-16     -5.30140599831e-17    
10.545979798          -3.23044048723e-16    5.45668797119e-16     -3.23044048723e-16    5.45668797119e-16     9.15467800922e-16     -5.41343680771e-17    
10.7277878788         -3.45639542357e-16    5.77065507557e-16     -3.45639542357e-16    5.77065507557e-16     9.54100845793e-16     -5.52096011706e-17    
10.9095959596         -3.68983564036e-16    6.09426427044e-16     -3.68983564036e-16    6.09426427044e-16     9.93490244255e-16     -5.62385424989e-17    
11.0914040404         -3.9307678065e-16     6.42754458844e-16     -3.9307678065e-16     6.42754458844e-16     1.03363540544e-15     -5.722003798e-17      
11.2732121212         -4.17919794995e-16    6.77052347556e-16     -4.17919794995e-16    6.77052347556e-16     1.07453578249e-15     -5.81529923387e-17    
11.455020202          -4.43513151873e-16    7.12322689683e-16     -4.43513151873e-16    7.12322689683e-16     1.1161908691e-15      -5.90363655031e-17    
11.6368282828         -4.69857343554e-16    7.48567943394e-16     -4.69857343554e-16    7.48567943394e-16     1.15860019628e-15     -5.98691692538e-17    
11.8186363636         -4.96952814679e-16    7.85790437513e-16     -4.96952814679e-16    7.85790437513e-16     1.20176332958e-15     -6.06504641056e-17    
12.0004444444         -5.2479996668e-16     8.2399237984e-16      -5.2479996668e-16     8.2399237984e-16      1.24567986647e-15     -6.13793564052e-17    
12.1822525253         -5.5339916174e-16     8.63175864835e-16     -5.5339916174e-16     8.63175864835e-16     1.29034943418e-15     -6.20549956271e-17    
12.3640606061         -5.82750726381e-16    9.03342880732e-16     -5.82750726381e-16    9.03342880732e-16     1.33577168777e-15     -6.26765718536e-17    
12.5458686869         -6.12854954684e-16    9.44495316126e-16     -6.12854954684e-16    9.44495316126e-16     1.38194630861e-15     -6.32433134252e-17    
12.7276767677         -6.4371211121e-16     9.86634966088e-16     -6.4371211121e-16     9.86634966088e-16     1.42887300363e-15     -6.37544847475e-17    
12.9094848485         -6.75322433632e-16    1.02976353783e-15     -6.75322433632e-16    1.02976353783e-15     1.47655150556e-15     -6.4209384245e-17     
13.0912929293         -7.07686135125e-16    1.07388265596e-15     -7.07686135125e-16    1.07388265596e-15     1.52498157654e-15     -6.46073424482e-17    
13.2731010101         -7.40803406525e-16    1.11899386741e-15     -7.40803406525e-16    1.11899386741e-15     1.57416302346e-15     -6.4947720207e-17     
13.4549090909         -7.7467441829e-16     1.16509864593e-15     -7.7467441829e-16     1.16509864593e-15     1.62409588058e-15     -6.52299614268e-17    
13.6367171717         -8.09299322281e-16    1.2121983964e-15      -8.09299322281e-16    1.2121983964e-15      1.67477943449e-15     -6.54541531172e-17    
13.8185252525         -8.44678253375e-16    1.2602944587e-15      -8.44678253375e-16    1.2602944587e-15      1.72621331486e-15     -6.56190415833e-17    
14.0003333333         -8.80811330942e-16    1.30938811145e-15     -8.80811330942e-16    1.30938811145e-15     1.77839749262e-15     -6.57240931625e-17    
14.1821414141         -9.17698660174e-16    1.35948057544e-15     -9.17698660174e-16    1.35948057544e-15     1.83133183349e-15     -6.57687971502e-17    
14.3639494949         -9.55340333313e-16    1.4105730168e-15      -9.55340333313e-16    1.4105730168e-15      1.88501619437e-15     -6.57526645933e-17    
14.5457575758         -9.93736430755e-16    1.46266655004e-15     -9.93736430755e-16    1.46266655004e-15     1.93945043535e-15     -6.5675227158e-17     
14.7275656566         -1.03288702207e-15    1.51576224084e-15     -1.03288702207e-15    1.51576224084e-15     1.99463442284e-15     -6.55360360669e-17    
14.9093737374         -1.07279216691e-15    1.56986110868e-15     -1.07279216691e-15    1.56986110868e-15     2.05056803056e-15     -6.53346611002e-17    
15.0911818182         -1.11345191589e-15    1.62496412927e-15     -1.11345191589e-15    1.62496412927e-15     2.1072511397e-15      -6.50706896561e-17    
15.272989899          -1.15486631133e-15    1.68107223691e-15     -1.15486631133e-15    1.68107223691e-15     2.16468363874e-15     -6.47437258681e-17    
15.4547979798         -1.19703538796e-15    1.73818632658e-15     -1.19703538796e-15    1.73818632658e-15     2.22286542319e-15     -6.43533897734e-17    
15.6366060606         -1.23995917358e-15    1.79630725605e-15     -1.23995917358e-15    1.79630725605e-15     2.28179639521e-15     -6.38993165301e-17    
15.8184141414         -1.28363768967e-15    1.8554358477e-15      -1.28363768967e-15    1.8554358477e-15      2.34147646331e-15     -6.33811556797e-17    
16.0002222222         -1.32807095189e-15    1.91557289036e-15     -1.32807095189e-15    1.91557289036e-15     2.40190554191e-15     -6.2798570452e-17     
16.182030303          -1.37325897061e-15    1.97671914099e-15     -1.37325897061e-15    1.97671914099e-15     2.46308355106e-15     -6.21512371094e-17    
16.3638383838         -1.41920175135e-15    2.03887532624e-15     -1.41920175135e-15    2.03887532624e-15     2.52501041606e-15     -6.14388443279e-17    
16.5456464646         -1.46589929523e-15    2.10204214396e-15     -1.46589929523e-15    2.10204214396e-15     2.58768606716e-15     -6.06610926135e-17    
16.7274545455         -1.51335159932e-15    2.16622026459e-15     -1.51335159932e-15    2.16622026459e-15     2.65111043925e-15     -5.98176937501e-17    
16.9092626263         -1.56155865698e-15    2.23141033247e-15     -1.56155865698e-15    2.23141033247e-15     2.71528347157e-15     -5.89083702782e-17    
17.0910707071         -1.61052045826e-15    2.29761296714e-15     -1.61052045826e-15    2.29761296714e-15     2.78020510746e-15     -5.79328550017e-17    
17.2728787879         -1.66023699011e-15    2.36482876443e-15     -1.66023699011e-15    2.36482876443e-15     2.84587529408e-15     -5.68908905221e-17    
17.4546868687         -1.71070823671e-15    2.43305829767e-15     -1.71070823671e-15    2.43305829767e-15     2.91229398221e-15     -5.57822287964e-17    
17.6364949495         -1.76193417971e-15    2.50230211864e-15     -1.76193417971e-15    2.50230211864e-15     2.97946112601e-15     -5.46066307199e-17    
17.8183030303         -1.81391479846e-15    2.57256075864e-15     -1.81391479846e-15    2.57256075864e-15     3.0473766828e-15      -5.336386573e-17      
18.0001111111         -1.86665007021e-15    2.64383472938e-15     -1.86665007021e-15    2.64383472938e-15     3.11604061289e-15     -5.2053711431e-17     
18.1819191919         -1.92013997034e-15    2.71612452389e-15     -1.92013997034e-15    2.71612452389e-15     3.18545287941e-15     -5.06759532387e-17    
18.3637272727         -1.97438447251e-15    2.78943061734e-15     -1.97438447251e-15    2.78943061734e-15     3.25561344809e-15     -4.92303840428e-17    
18.5455353535         -2.02938354886e-15    2.86375346784e-15     -2.02938354886e-15    2.86375346784e-15     3.32652228715e-15     -4.77168038867e-17    
18.7273434343         -2.08513717012e-15    2.93909351721e-15     -2.08513717012e-15    2.93909351721e-15     3.39817936715e-15     -4.61350196638e-17    
18.9091515152         -2.1416453058e-15     3.01545119167e-15     -2.1416453058e-15     3.01545119167e-15     3.47058466079e-15     -4.44848448286e-17    
19.090959596          -2.19890792428e-15    3.09282690253e-15     -2.19890792428e-15    3.09282690253e-15     3.54373814288e-15     -4.27660991224e-17    
19.2727676768         -2.25692499296e-15    3.17122104681e-15     -2.25692499296e-15    3.17122104681e-15     3.61763979011e-15     -4.09786083126e-17    
19.4545757576         -2.31569647836e-15    3.25063400789e-15     -2.31569647836e-15    3.25063400789e-15     3.69228958103e-15     -3.91222039449e-17    
19.6363838384         -2.37522234622e-15    3.33106615603e-15     -2.37522234622e-15    3.33106615603e-15     3.76768749586e-15     -3.71967231075e-17    
19.8181919192         -2.43550256159e-15    3.41251784899e-15     -2.43550256159e-15    3.41251784899e-15     3.84383351647e-15     -3.5202008206e-17     
20                    0                     0                     0                     0                     0                     0                     
