0.0779191396          0                     0                     0                     0                     0                     0                     
0.0877948878836       -0.113280433191       -0.179792287363       -0.113280433191       -0.179792287363       -0.018648403889       -0.0138874368432      
0.0976706361672       -0.410021307894       -0.769893647739       -0.410021307894       -0.769893647739       -0.0778274706297      -0.060297774284       
0.107546384451        -0.718842725066       -1.46602755786        -0.718842725066       -1.46602755786        -0.149842170027       -0.115869336259       
0.117422132734        -0.972588516348       -2.06054232343        -0.972588516348       -2.06054232343        -0.215567722524       -0.163896609755       
0.127297881018        -1.16120130765        -2.48767619538        -1.16120130765        -2.48767619538        -0.267717269826       -0.198827303486       
0.137173629302        -1.29244132831        -2.75088855032        -1.29244132831        -2.75088855032        -0.305226754916       -0.220635370949       
0.147049377585        -1.37757882047        -2.87789679278        -1.37757882047        -2.87789679278        -0.329623260208       -0.231417150817       
0.156925125869        -1.42685489405        -2.90063912852        -1.42685489405        -2.90063912852        -0.343190036486       -0.233667041201       
0.166800874152        -1.44876619581        -2.84790364543        -1.44876619581        -2.84790364543        -0.348293507586       -0.22974340781        
0.176676622436        -1.44985723448        -2.74312649239        -1.44985723448        -2.74312649239        -0.346964643637       -0.221525016985       
0.18655237072         -1.43514166372        -2.604243106          -1.43514166372        -2.604243106          -0.340880644692       -0.210478210478       
0.196428119003        -1.40848230794        -2.44467218288        -1.40848230794        -2.44467218288        -0.331358843826       -0.197718134274       
0.206303867287        -1.372835525          -2.27426673032        -1.372835525          -2.27426673032        -0.3194662068         -0.184054406233       
0.21617961557         -1.33043473244        -2.10003824718        -1.33043473244        -2.10003824718        -0.305982106309       -0.170052759464       
0.226055363854        -1.28309169119        -1.92693530421        -1.28309169119        -1.92693530421        -0.291509400008       -0.156127908408       
0.235931112138        -1.23211709416        -1.75834002058        -1.23211709416        -1.75834002058        -0.276507168979       -0.14258856081        
0.245806860421        -1.17861714266        -1.59652091068        -1.17861714266        -1.59652091068        -0.261309514209       -0.129598743861       
0.255682608705        -1.1234326677         -1.4429898766         -1.1234326677         -1.4429898766         -0.246157288521       -0.117267175471       
0.265558356989        -1.0672421534         -1.29852457627        -1.0672421534         -1.29852457627        -0.231239600179       -0.105676496779       
0.275434105272        -1.01057052277        -1.16360611579        -1.01057052277        -1.16360611579        -0.216686987979       -0.0948621306625      
0.285309853556        -0.953875806533       -1.03834285293        -0.953875806533       -1.03834285293        -0.202585102781       -0.0848324153366      
0.295185601839        -0.89752237361        -0.922712200242       -0.89752237361        -0.922712200242       -0.188988785585       -0.075570005862       
0.305061350123        -0.841811771442       -0.816458113297       -0.841811771442       -0.816458113297       -0.175954908215       -0.0670714805986      
0.314937098407        -0.787002631648       -0.719306187629       -0.787002631648       -0.719306187629       -0.16349567873        -0.0593027568013      
0.32481284669         -0.733303088352       -0.6308984951         -0.733303088352       -0.6308984951         -0.151621474225       -0.0522342926936      
0.334688594974        -0.680953602911       -0.5508230392         -0.680953602911       -0.5508230392         -0.140340470373       -0.0458347244914      
0.344564343257        -0.630105111102       -0.478649088128       -0.630105111102       -0.478649088128       -0.129648790567       -0.040065227371       
0.354440091541        -0.580952247419       -0.413946773003       -0.580952247419       -0.413946773003       -0.119541676823       -0.0348906197782      
0.364315839825        -0.533647626988       -0.356259982734       -0.533647626988       -0.356259982734       -0.110008195658       -0.030272433838       
0.374191588108        -0.488372210472       -0.305107838761       -0.488372210472       -0.305107838761       -0.10103864376        -0.0261654758337      
0.384067336392        -0.445226422223       -0.260102337661       -0.445226422223       -0.260102337661       -0.0926193343338      -0.0225475577464      
0.393943084675        -0.404363215923       -0.220687191149       -0.404363215923       -0.220687191149       -0.0847373457622      -0.0193640598538      
0.403818832959        -0.365882430413       -0.186412119475       -0.365882430413       -0.186412119475       -0.0773760059824      -0.0165807512278      
0.413694581243        -0.329855145993       -0.156794919829       -0.329855145993       -0.156794919829       -0.0705201772348      -0.0141597658257      
0.423570329526        -0.296331858338       -0.131363531627       -0.296331858338       -0.131363531627       -0.0641508090554      -0.0120634132231      
0.43344607781         -0.265312912114       -0.109651382695       -0.265312912114       -0.109651382695       -0.058248200813       -0.0102558951032      
0.443321826093        -0.236773076641       -0.0912112239095      -0.236773076641       -0.0912112239095      -0.0527902096507      -0.00870242628898     
0.453197574377        -0.210648901382       -0.0756275273197      -0.210648901382       -0.0756275273197      -0.0477545642239      -0.00737172264617     
0.463073322661        -0.186852611553       -0.0625137876994      -0.186852611553       -0.0625137876994      -0.0431183023106      -0.00623460865193     
0.472949070944        -0.165268090969       -0.0515186397774      -0.165268090969       -0.0515186397774      -0.0388566796556      -0.00526457804139     
0.482824819228        -0.14576932601        -0.0423321596704      -0.14576932601        -0.0423321596704      -0.0349466596407      -0.00443857084289     
0.492700567511        -0.128204959181       -0.0346760448785      -0.128204959181       -0.0346760448785      -0.0313616842203      -0.00373565779789     
0.502576315795        -0.112442646435       -0.0283147894408      -0.112442646435       -0.0283147894408      -0.0280818894808      -0.0031382460365      
0.512452064079        -0.0983321614757      -0.0230420542709      -0.0983321614757      -0.0230420542709      -0.0250837931143      -0.00263090164386     
0.522327812362        -0.0857308942712      -0.0186816800258      -0.0857308942712      -0.0186816800258      -0.022346066912       -0.00220027056495     
0.532203560646        -0.0745104668476      -0.0150849975829      -0.0745104668476      -0.0150849975829      -0.0198507929333      -0.00183503936895     
0.54207930893         -0.0645346141009      -0.0121278134         -0.0645346141009      -0.0121278134         -0.0175774762077      -0.00152598941405     
0.551955057213        -0.0556870301164      -0.00970087430457     -0.0556870301164      -0.00970087430457     -0.015509630353       -0.00126430038195     
0.561830805497        -0.047857733591       -0.00771610980989     -0.047857733591       -0.00771610980989     -0.0136315035305      -0.00104317817268     
0.57170655378         -0.0409421486517      -0.00609825040717     -0.0409421486517      -0.00609825040717     -0.0119275200741      -0.000856624009775    
0.581582302064        -0.034850176886       -0.00478508265111     -0.034850176886       -0.00478508265111     -0.0103849158362      -0.000699620485918    
0.591458050348        -0.0294962898254      -0.00372383777386     -0.0294962898254      -0.00372383777386     -0.00899085967671     -0.000567796040374    
0.601333798631        -0.0248029475219      -0.00287065623757     -0.0248029475219      -0.00287065623757     -0.00773360076238     -0.000457463258044    
0.611209546915        -0.020699969438       -0.00218868402334     -0.020699969438       -0.00218868402334     -0.00660225261866     -0.000365419140802    
0.621085295198        -0.017128978641       -0.00164786954661     -0.017128978641       -0.00164786954661     -0.00558843308213     -0.000289066091946    
0.630961043482        -0.0140291845729      -0.00122216549037     -0.0140291845729      -0.00122216549037     -0.00468181701473     -0.000225991892039    
0.640836791766        -0.0113512353725      -0.000890449471411    -0.0113512353725      -0.000890449471411    -0.00387464561881     -0.000174236968283    
0.650712540049        -0.00904980266043     -0.000634996567892    -0.00904980266043     -0.000634996567892    -0.00315946786976     -0.000132091365491    
0.660588288333        -0.00708466841838     -0.000441114351558    -0.00708466841838     -0.000441114351558    -0.00252964284553     -9.80964529824e-05    
0.670464036616        -0.00541936107789     -0.000296535528508    -0.00541936107789     -0.000296535528508    -0.00197894298872     -7.09783143292e-05    
0.6803397849          -0.00402187632311     -0.000191135800025    -0.00402187632311     -0.000191135800025    -0.00150192285433     -4.96543888844e-05    
0.6813397849          -0.00389416487494     -0.000182301721714    -0.00389416487494     -0.000182301721714    -0.00145753500909     -4.77784012148e-05    
0.6983397849          -0.00207383023882     -7.32786146829e-05    -0.00207383023882     -7.32786146829e-05    -0.000806867637423    -2.26890364625e-05    
0.7153397849          -0.000842160332751    -2.13035887201e-05    -0.000842160332751    -2.13035887201e-05    -0.000341256482678    -7.89279449233e-06    
0.7323397849          -0.000128314940225    -3.05110824179e-06    -0.000128314940225    -3.05110824179e-06    -5.63641348789e-05    -3.62491920981e-07    
0.7493397849          1.94744244269e-05     0.00013475649588      1.94744244269e-05     0.00013475649588      0.000153909609157     -3.42092833486e-05    
0.7663397849          2.22466957845e-05     0.000593170515626     2.22466957845e-05     0.000593170515626     0.000134958853216     0.000187910294155     
0.7833397849          1.8121012862e-05      0.001125253986        1.8121012862e-05      0.001125253986        0.000119393236299     0.000459411988527     
0.8003397849          1.15505461469e-05     0.00165326958271      1.15505461469e-05     0.00165326958271      0.000105869901214     0.000744598745081     
0.8013397849          1.11433227658e-05     0.00168329717054      1.11433227658e-05     0.00168329717054      0.0001051259912       0.000761352246747     
0.810089129536        7.61328128373e-06     0.00193948000399      7.61328128373e-06     0.00193948000399      9.88617071971e-05     0.000906890556337     
0.818838474172        4.24848019819e-06     0.00218177911082      4.24848019819e-06     0.00218177911082      9.29873941681e-05     0.00104931438962      
0.827587818807        1.1624780341e-06      0.00240826699848      1.1624780341e-06      0.00240826699848      8.7472828429e-05      0.00118734551353      
0.836337163443        -1.5731962604e-06     0.00261772958577      -1.5731962604e-06     0.00261772958577      8.22955561176e-05     0.00132001480408      
0.845086508079        -3.91882596672e-06    0.00280920475689      -3.91882596672e-06    0.00280920475689      7.74285211786e-05     0.00144645066441      
0.853835852715        -5.85920401489e-06    0.00298256514995      -5.85920401489e-06    0.00298256514995      7.28600887124e-05     0.00156618842612      
0.86258519735         -7.39622383501e-06    0.00313737312746      -7.39622383501e-06    0.00313737312746      6.85634006028e-05     0.00167859407708      
0.871334541986        -8.54519839062e-06    0.00327374155435      -8.54519839062e-06    0.00327374155435      6.45222005753e-05     0.00178331439638      
0.880083886622        -9.33073889765e-06    0.0033919213081       -9.33073889765e-06    0.0033919213081       6.07200884189e-05     0.00188007150798      
0.888833231258        -9.78364198448e-06    0.00349225513387      -9.78364198448e-06    0.00349225513387      5.71407864257e-05     0.00196864258297      
0.897582575893        -9.93863651567e-06    0.00357516581551      -9.93863651567e-06    0.00357516581551      5.37687034304e-05     0.00204885604574      
0.906331920529        -9.83264551672e-06    0.00364116146146      -9.83264551672e-06    0.00364116146146      5.0589419473e-05      0.00212059776566      
0.915081265165        -9.50358502607e-06    0.00369089502827      -9.50358502607e-06    0.00369089502827      4.75905738955e-05     0.00218384983901      
0.923830609801        -8.98893645524e-06    0.00372502653185      -8.98893645524e-06    0.00372502653185      4.47599848168e-05     0.00223861456398      
0.932579954436        -8.32482704169e-06    0.00374417007531      -8.32482704169e-06    0.00374417007531      4.20853613076e-05     0.00228488262221      
0.941329299072        -7.54589232385e-06    0.00374907882783      -7.54589232385e-06    0.00374907882783      3.95566320778e-05     0.00232274548201      
0.950078643708        -6.68391023571e-06    0.00374020013417      -6.68391023571e-06    0.00374020013417      3.71611538147e-05     0.00235212249879      
0.958827988344        -5.76909334433e-06    0.00371846621843      -5.76909334433e-06    0.00371846621843      3.48920932343e-05     0.00237325170288      
0.96757733298         -4.82786638229e-06    0.00368417192939      -4.82786638229e-06    0.00368417192939      3.27371298333e-05     0.00238598583068      
0.976326677615        -3.88384582118e-06    0.00363729618202      -3.88384582118e-06    0.00363729618202      3.06827317586e-05     0.00238997426864      
0.985076022251        -2.9547944901e-06     0.00357342160453      -2.9547944901e-06     0.00357342160453      2.86818621969e-05     0.00238192813448      
0.993825366887        -2.06494028874e-06    0.00349587874687      -2.06494028874e-06    0.00349587874687      2.67548616998e-05     0.00236362148626      
1.00257471152         -1.23407742598e-06    0.00341114641727      -1.23407742598e-06    0.00341114641727      2.49409760203e-05     0.0023391068606       
1.01132405616         -4.7300856037e-07     0.00331975817969      -4.7300856037e-07     0.00331975817969      2.32307109745e-05     0.00230854563037      
1.02007340079         2.09978018962e-07     0.00322241967683      2.09978018962e-07     0.00322241967683      2.16169411003e-05     0.00227223644782      
1.02882274543         8.09015065803e-07     0.00311960129567      8.09015065803e-07     0.00311960129567      2.00918977713e-05     0.00223033289784      
1.03757209007         1.32039433984e-06     0.00301182711467      1.32039433984e-06     0.00301182711467      1.86491477895e-05     0.00218304172489      
1.0463214347          1.74285189013e-06     0.00290033458533      1.74285189013e-06     0.00290033458533      1.72873332255e-05     0.00213111078589      
1.05507077934         2.07636158052e-06     0.00278498279794      2.07636158052e-06     0.00278498279794      1.59972826166e-05     0.00207430726437      
1.06382012397         2.32307436684e-06     0.00266666682704      2.32307436684e-06     0.00266666682704      1.47767961261e-05     0.00201317150273      
1.07256946861         2.48632702297e-06     0.00254579033807      2.48632702297e-06     0.00254579033807      1.36213172744e-05     0.00194790119001      
1.08131881324         2.57103967861e-06     0.00242306865829      2.57103967861e-06     0.00242306865829      1.25284995274e-05     0.00187894952071      
1.09006815788         2.5828719582e-06      0.00229882175897      2.5828719582e-06      0.00229882175897      1.14943312288e-05     0.00180648602044      
1.09881750252         2.52887374811e-06     0.00217378930309      2.52887374811e-06     0.00217378930309      1.0517358424e-05      0.00173102554411      
1.10756684715         2.41637635646e-06     0.00204827349253      2.41637635646e-06     0.00204827349253      9.59428017446e-06     0.00165275907915      
1.11631619179         2.25336850697e-06     0.00192263730413      2.25336850697e-06     0.00192263730413      8.72250013418e-06     0.00157193838137      
1.12506553642         2.04854477306e-06     0.00179746465047      2.04854477306e-06     0.00179746465047      7.90073262322e-06     0.00148901213113      
1.13381488106         1.81061890308e-06     0.00167311034793      1.81061890308e-06     0.00167311034793      7.12688865097e-06     0.00140426061362      
1.14256422569         1.54844837056e-06     0.00154992158379      1.54844837056e-06     0.00154992158379      6.39911087608e-06     0.00131797190861      
1.15131357033         1.27095706479e-06     0.0014282937655       1.27095706479e-06     0.0014282937655       5.71596250905e-06     0.00123048990865      
1.16006291497         9.86991839062e-07     0.00130869489868      9.86991839062e-07     0.00130869489868      5.07645778438e-06     0.00114223857424      
1.1688122596          7.04975571642e-07     0.00119141589774      7.04975571642e-07     0.00119141589774      4.47904900077e-06     0.00105350569874      
1.17756160424         4.33002256903e-07     0.00107678360752      4.33002256903e-07     0.00107678360752      3.92248062603e-06     0.000964623924452     
1.18631094887         1.78699247407e-07     0.000965219721416     1.78699247407e-07     0.000965219721416     3.40594762106e-06     0.000876026582127     
1.19506029351         -5.09904478241e-08    0.000856976044527     -5.09904478241e-08    0.000856976044527     2.9281127907e-06      0.000788010176287     
1.20380963815         -2.49837886323e-07    0.000752491009539     -2.49837886323e-07    0.000752491009539     2.48835736821e-06     0.000701056711312     
1.21255898278         -4.12510458423e-07    0.000652085991888     -4.12510458423e-07    0.000652085991888     2.08568560005e-06     0.000615558651105     
1.22130832742         -5.34735868575e-07    0.000556185400193     -5.34735868575e-07    0.000556185400193     1.7194491154e-06      0.000532022608648     
1.23005767205         -6.13369215099e-07    0.000465143859445     -6.13369215099e-07    0.000465143859445     1.38875722393e-06     0.000450908674833     
1.23880701669         -6.46730345619e-07    0.00037944206228      -6.46730345619e-07    0.00037944206228      1.09306084377e-06     0.000372818724877     
1.24755636132         -6.3470459015e-07     0.000299555403227     -6.3470459015e-07     0.000299555403227     8.3170519256e-07      0.000298374274388     
1.25630570596         -5.7926042339e-07     0.000226101338324     -5.7926042339e-07     0.000226101338324     6.04311158491e-07     0.000228365404796     
1.2650550506          -4.8478419075e-07     0.000159789911368     -4.8478419075e-07     0.000159789911368     4.10559818293e-07     0.000163710502506     
1.27380439523         -3.59086936268e-07    0.000101589549856     -3.59086936268e-07    0.000101589549856     2.50539264281e-07     0.000105635882        
1.28255373987         -2.15061145411e-07    5.29135020229e-05     -2.15061145411e-07    5.29135020229e-05     1.2503753638e-07      5.58927333981e-05     
1.2913030845          -7.5156673984e-08     1.62570007666e-05     -7.5156673984e-08     1.62570007666e-05     3.67380680188e-08     1.74773647992e-05     
1.30005242914         1.40787011107e-06     7.33586855176e-09     1.40787011107e-06     7.33586855176e-09     1.55293543595e-06     -4.82866581208e-08    
1.30880177377         2.66545039245e-05     1.55320165563e-07     2.66545039245e-05     1.55320165563e-07     2.96996052905e-05     -1.0250354418e-06     
1.31755111841         6.75163574966e-05     4.37010242254e-07     6.75163574966e-05     4.37010242254e-07     7.597960962e-05       -2.87992651636e-06    
1.32630046305         0.000119242498072     8.52234777158e-07     0.000119242498072     8.52234777158e-07     0.000135510010676     -5.59902827531e-06    
1.33504980768         0.000179814000167     1.4116076084e-06      0.000179814000167     1.4116076084e-06      0.000206341624602     -9.22627420285e-06    
1.34379915232         0.000247991906961     2.1283969138e-06      0.000247991906961     2.1283969138e-06      0.000287327914986     -1.38043692547e-05    
1.35254849695         0.000322911821559     3.01711564987e-06     0.000322911821559     3.01711564987e-06     0.000377714580767     -1.93850639783e-05    
1.36129784159         0.000403919096975     4.09296637917e-06     0.000403919096975     4.09296637917e-06     0.000476944846215     -2.60072179338e-05    
1.37004718622         0.000490479087374     5.37146062141e-06     0.000490479087374     5.37146062141e-06     0.000584573989612     -3.3713046373e-05     
1.37879653086         0.000582138401754     6.86827434334e-06     0.000582138401754     6.86827434334e-06     0.00070023040389      -4.25418610487e-05    
1.3875458755          0.000678603722596     8.60044166975e-06     0.000678603722596     8.60044166975e-06     0.00082371547479      -5.25378616296e-05    
1.39629522013         0.000779481918265     1.05834122692e-05     0.000779481918265     1.05834122692e-05     0.000954694148722     -6.37322967953e-05    
1.40504456477         0.000884505503714     1.28337659277e-05     0.000884505503714     1.28337659277e-05     0.00109296822091      -7.61606542109e-05    
1.4137939094          0.00099340684241      1.53677502515e-05     0.00099340684241      1.53677502515e-05     0.00123832654693      -8.98539610658e-05    
1.42254325404         0.00110590163364      1.82009245071e-05     0.00110590163364      1.82009245071e-05     0.00139052442952      -0.000104837171606    
1.43129259868         0.00122203045088      2.13539597396e-05     0.00122203045088      2.13539597396e-05     0.00154971599335      -0.000121162627866    
1.44004194331         0.00134130648628      2.48384648861e-05     0.00134130648628      2.48384648861e-05     0.00171538183955      -0.000138828884293    
1.44879128795         0.00146360833299      2.86716533238e-05     0.00146360833299      2.86716533238e-05     0.00188745215969      -0.000157865489685    
1.45754063258         0.00158889770039      3.2872368358e-05      0.00158889770039      3.2872368358e-05      0.0020659593841       -0.000178309237359    
1.46628997722         0.00171692767722      3.74551458433e-05     0.00171692767722      3.74551458433e-05     0.0022506602301       -0.000200171942213    
1.47503932185         0.00184748088485      4.24344625967e-05     0.00184748088485      4.24344625967e-05     0.0024413394058       -0.000223464670273    
1.48378866649         0.00198063489398      4.78312456983e-05     0.00198063489398      4.78312456983e-05     0.00263816482026      -0.000248231623504    
1.49253801113         0.00211609565452      5.36576850025e-05     0.00211609565452      5.36576850025e-05     0.00284080834066      -0.0002744701134      
1.50128735576         0.00225384063249      5.99320549764e-05     0.00225384063249      5.99320549764e-05     0.00304929653818      -0.000302208647324    
1.5100367004          0.00239371150848      6.66689966017e-05     0.00239371150848      6.66689966017e-05     0.0032634698369       -0.000331456458111    
1.51878604503         0.00253549633175      7.38810244707e-05     0.00253549633175      7.38810244707e-05     0.00348308879929      -0.000362212249963    
1.52753538967         0.00267934088924      8.15906531555e-05     0.00267934088924      8.15906531555e-05     0.00370840243307      -0.000394523578515    
1.5362847343          0.00282501469411      8.98093957315e-05     0.00282501469411      8.98093957315e-05     0.0039391576073       -0.000428396094436    
1.54503407894         0.00297236690264      9.85503434774e-05     0.00297236690264      9.85503434774e-05     0.00417513424187      -0.000463864517708    
1.55378342358         0.0031214594927       0.000107833254727     0.0031214594927       0.000107833254727     0.00441645337772      -0.000500923420291    
1.56253276821         0.00327216309197      0.000117671482226     0.00327216309197      0.000117671482226     0.00466297179982      -0.000539575065457    
1.57128211285         0.00342427945896      0.000128075185452     0.00342427945896      0.000128075185452     0.00491443685582      -0.000579807611028    
1.58003145748         0.00357796050758      0.000139067074245     0.00357796050758      0.000139067074245     0.00517109246285      -0.000621666381115    
1.58878080212         0.00373309923213      0.000150660382299     0.00373309923213      0.000150660382299     0.0054328110118       -0.000665153086416    
1.59753014675         0.00388977084153      0.000162875409598     0.00388977084153      0.000162875409598     0.00569972694363      -0.000710300641398    
1.60627949139         0.00404726111267      0.000175698712194     0.00404726111267      0.000175698712194     0.00597081250217      -0.000756995459641    
1.61502883603         0.00420643432873      0.000189183443018     0.00420643432873      0.000189183443018     0.00624735542785      -0.000805413346726    
1.62377818066         0.00436668178296      0.000203319618034     0.00436668178296      0.000203319618034     0.0065284750338       -0.000855456677896    
1.6325275253          0.00452815123821      0.000218129853291     0.00452815123821      0.000218129853291     0.00681440453998      -0.000907168392168    
1.64127686993         0.00469116846755      0.00023364658594      0.00469116846755      0.00023364658594      0.0071056521828       -0.000960630305577    
1.65002621457         0.00485497122509      0.000249848425891     0.00485497122509      0.000249848425891     0.00740107985552      -0.00101570219129     
1.65877555921         0.00502035749555      0.000266791821813     0.00502035749555      0.000266791821813     0.00770191296495      -0.00107256343315     
1.66752490384         0.00518734456724      0.000284495776557     0.00518734456724      0.000284495776557     0.00800820221389      -0.00113123711258     
1.67627424848         0.00535555320412      0.000302957022605     0.00535555320412      0.000302957022605     0.00831938250902      -0.00119165817926     
1.68502359311         0.00552659442602      0.000322285743844     0.00552659442602      0.000322285743844     0.00863798449587      -0.0012542063182      
1.69377293775         0.00572055194484      0.000343713416637     0.00572055194484      0.000343713416637     0.00899564844349      -0.00132356357359     
1.70252228238         0.00593993561458      0.000367528149204     0.00593993561458      0.000367528149204     0.00939697406055      -0.00140062359349     
1.71127162702         0.00615952000234      0.000392272651311     0.00615952000234      0.000392272651311     0.00980251085059      -0.00147966129113     
1.72002097166         0.00637996125577      0.000418003446794     0.00637996125577      0.000418003446794     0.0102132858739       -0.00156083650774     
1.72877031629         0.00660145160816      0.000444750459987     0.00660145160816      0.000444750459987     0.0106296042739       -0.00164420488173     
1.73751966093         0.00682402366117      0.000472533872449     0.00682402366117      0.000472533872449     0.0110515209863       -0.00172978471495     
1.74626900556         0.00704764017052      0.000501369034136     0.00704764017052      0.000501369034136     0.0114789822737       -0.00181757659874     
1.7550183502          0.00727222823369      0.000531268295259     0.00727222823369      0.000531268295259     0.0119119064618       -0.00190758782445     
1.76376769483         0.00749769471896      0.000562241807408     0.00749769471896      0.000562241807408     0.012350049434        -0.00199987906305     
1.77251703947         0.00772393413824      0.000594297913966     0.00772393413824      0.000594297913966     0.0127932201012       -0.00209434226696     
1.78126638411         0.00795083305894      0.000627443355249     0.00795083305894      0.000627443355249     0.013241234507        -0.00219095131772     
1.79001572874         0.00817827276807      0.000661683382024     0.00817827276807      0.000661683382024     0.013693883055        -0.00228967634967     
1.79876507338         0.00840613098296      0.000697021820543     0.00840613098296      0.000697021820543     0.0141509430976       -0.00239048412687     
1.80751441801         0.00863428354794      0.000733461156458     0.00863428354794      0.000733461156458     0.0146121832182       -0.00249333846234     
1.81626376265         0.00886260255797      0.00077100232849      0.00886260255797      0.00077100232849      0.0150773604935       -0.0025981996355      
1.82501310728         0.00909096235453      0.000809645200208     0.00909096235453      0.000809645200208     0.0155462308429       -0.00270502610366     
1.83376245192         0.00931923459481      0.000849388110626     0.00931923459481      0.000849388110626     0.0160185408145       -0.00281377307303     
1.84251179656         0.00954729131105      0.000890228109053     0.00954729131105      0.000890228109053     0.0164940328716       -0.00292439338831     
1.85126114119         0.00977500466612      0.000932160913859     0.00977500466612      0.000932160913859     0.0169724450828       -0.00303683747716     
1.86001048583         0.0100022471981       0.000975180916661     0.0100022471981       0.000975180916661     0.0174535116424       -0.00315105344292     
1.86875983046         0.0102288920281       0.00101928118682      0.0102288920281       0.00101928118682      0.0179369633322       -0.00326698715275     
1.8775091751          0.0104548130398       0.00106445347668      0.0104548130398       0.00106445347668      0.0184225279413       -0.00338458232279     
1.88625851974         0.0106798850381       0.0011106882278       0.0106798850381       0.0011106882278       0.0189099306541       -0.0035037806015      
1.89500786437         0.0109039838878       0.00115797457826      0.0109039838878       0.00115797457826      0.0193988944112       -0.00362452165139     
1.90375720901         0.0111269866431       0.00120630037169      0.0111269866431       0.00120630037169      0.0198891402588       -0.00374674323163     
1.91250655364         0.0113487716604       0.0012556521672       0.0113487716604       0.0012556521672       0.0203803876726       -0.00387038127869     
1.92125589828         0.0115692187045       0.00130601525116      0.0115692187045       0.00130601525116      0.0208723548766       -0.00399536998835     
1.93000524291         0.0117882090462       0.00135737365039      0.0117882090462       0.00135737365039      0.0213647591494       -0.00412164189757     
1.93875458755         0.0120056255507       0.00140971014669      0.0120056255507       0.00140971014669      0.0218573171182       -0.00424912796617     
1.94750393219         0.0122213527643       0.00146300629333      0.0122213527643       0.00146300629333      0.0223497450539       -0.00437775766036     
1.95625327682         0.0124352769885       0.00151724243237      0.0124352769885       0.00151724243237      0.022841759146        -0.00450745903429     
1.96500262146         0.0126472863566       0.00157239771422      0.0126472863566       0.00157239771422      0.0233330757862       -0.00463815881459     
1.97375196609         0.0128572709004       0.0016284501181       0.0128572709004       0.0016284501181       0.0238234118365       -0.00476978248336     
1.98250131073         0.0130651226101       0.0016853764736       0.0130651226101       0.0016853764736       0.0243124848892       -0.00490225436061     
1.99125065536         0.0132707355045       0.00174315248538      0.0132707355045       0.00174315248538      0.0248000135488       -0.00503549769197     
2                     0.0134740056764       0.00180175275661      0.0134740056764       0.00180175275661      0.0252857176733       -0.00516943472896     
2.001                 0.0134970845225       0.00180850174239      0.0134970845225       0.00180850174239      0.0253411021689       -0.00518478361824     
2.18280808081         0.0170278062717       0.00316041007761      0.0170278062717       0.00316041007761      0.0345512617458       -0.00798649977538     
2.36461616162         0.0188627862158       0.00453199147084      0.0188627862158       0.00453199147084      0.0407149213262       -0.0103308979516      
2.54642424242         0.0188038498048       0.00556621178907      0.0188038498048       0.00556621178907      0.0426162677218       -0.01164091984        
2.72823232323         0.0170829821837       0.00600113124476      0.0170829821837       0.00600113124476      0.040216938308        -0.0116641720565      
2.91004040404         0.014234458813        0.00576378735545      0.014234458813        0.00576378735545      0.0345025712193       -0.0105174469775      
3.09184848485         0.0109143045103       0.00497768410053      0.0109143045103       0.00497768410053      0.0270405595169       -0.00859596586839     
3.27365656566         0.00771504758944      0.00389017320694      0.00771504758944      0.00389017320694      0.0194217761303       -0.00639931630574     
3.45546464646         0.00503470340517      0.00276469717365      0.00503470340517      0.00276469717365      0.0128160961941       -0.00435559838669     
3.63727272727         0.00303720791718      0.00179396442672      0.00303720791718      0.00179396442672      0.00778726834365      -0.00271897772268     
3.81908080808         0.00169596733868      0.00106653819275      0.00169596733868      0.00106653819275      0.00436597474961      -0.00156106007156     
4.00088888889         0.000877733705508     0.000582693582642     0.000877733705508     0.000582693582642     0.00226291635758      -0.000826327585573    
4.1826969697          0.000421523947316     0.000293304046914     0.000421523947316     0.000293304046914     0.00108612459546      -0.000404126012911    
4.36450505051         0.000188035761197     0.000136314760976     0.000188035761197     0.000136314760976     0.000483436221567     -0.000182930648295    
4.54631313131         7.79813723426e-05     5.85987039966e-05     7.79813723426e-05     5.85987039966e-05     0.000199787108929     -7.67541975576e-05    
4.72812121212         3.00872700985e-05     2.33341459438e-05     3.00872700985e-05     2.33341459438e-05     7.67350022078e-05     -2.98876354015e-05    
4.90992929293         1.08061854316e-05     8.61754278197e-06     1.08061854316e-05     8.61754278197e-06     2.74139224175e-05     -1.08116065328e-05    
5.09173737374         3.61471672892e-06     2.95463681953e-06     3.61471672892e-06     2.95463681953e-06     9.11579382516e-06     -3.63630493325e-06    
5.27354545455         1.12660217612e-06     9.41295606252e-07     1.12660217612e-06     9.41295606252e-07     2.8229971049e-06      -1.13790497062e-06    
5.45535353535         3.27279311373e-07     2.7884705345e-07      3.27279311373e-07     2.7884705345e-07      8.14570818148e-07     -3.31501642922e-07    
5.63716161616         8.86452700167e-08     7.68592958056e-08     8.86452700167e-08     7.68592958056e-08     2.19093725436e-07     -8.99540907347e-08    
5.81896969697         2.23925243507e-08     1.97220845465e-08     2.23925243507e-08     1.97220845465e-08     5.49502767233e-08     -2.27459106976e-08    
6.00077777778         5.27678415699e-09     4.71347260171e-09     5.27678415699e-09     4.71347260171e-09     1.28553870035e-08     -5.36166873525e-09    
6.18258585859         1.16025062716e-09     1.0496429228e-09      1.16025062716e-09     1.0496429228e-09      2.80605360813e-09     -1.17857592444e-09    
6.36439393939         2.38088862182e-10     2.17878626062e-10     2.38088862182e-10     2.17878626062e-10     5.71622588129e-10     -2.41660919774e-10    
6.5462020202          4.56047296556e-11     4.21696913451e-11     4.56047296556e-11     4.21696913451e-11     1.08697223053e-10     -4.623391134e-11      
6.72801010101         8.15598760732e-12     7.61315186042e-12     8.15598760732e-12     7.61315186042e-12     1.92995559668e-11     -8.25584055076e-12    
6.90981818182         1.3637480912e-12      1.28394980125e-12     1.3637480912e-12      1.28394980125e-12     3.20405845715e-12     -1.377934155e-12      
7.09162626263         2.11142687237e-13     2.0034780714e-13      2.11142687237e-13     2.0034780714e-13      4.92581954085e-13     -2.12900512337e-13    
7.27343434343         2.96116152858e-14     2.82988679986e-14     2.96116152858e-14     2.82988679986e-14     6.860362779e-14       -2.97909194605e-14    
7.45524242424         6.39989707282e-15     6.15620131075e-15     6.39989707282e-15     6.15620131075e-15     1.47262170784e-14     -6.42312042901e-15    
7.63705050505         8.28826169154e-16     8.02042761601e-16     8.28826169154e-16     8.02042761601e-16     1.89438748663e-15     -8.29718877897e-16    
7.81885858586         8.84164314443e-16     8.60293035969e-16     8.84164314443e-16     8.60293035969e-16     2.00762109793e-15     -8.82773420616e-16    
8.00066666667         9.41532754978e-16     9.2073419033e-16      9.41532754978e-16     9.2073419033e-16      2.12415130193e-15     -9.37484856375e-16    
8.18247474747         1.00094159373e-15     9.83371418935e-16     1.00094159373e-15     9.83371418935e-16     2.24397913851e-15     -9.93852776109e-16    
8.36428282828         1.06240031338e-15     1.04820949522e-15     1.06240031338e-15     1.04820949522e-15     2.36710561057e-15     -1.05187676975e-15    
8.54609090909         1.12591782463e-15     1.11525281117e-15     1.12591782463e-15     1.11525281117e-15     2.49353168648e-15     -1.11155642903e-15    
8.7278989899          1.19150251011e-15     1.18450541235e-15     1.19150251011e-15     1.18450541235e-15     2.62325830204e-15     -1.17289134961e-15    
8.90970707071         1.25916226423e-15     1.2559710293e-15      1.25916226423e-15     1.2559710293e-15      2.75628636224e-15     -1.23588113278e-15    
9.09151515152         1.32890452947e-15     1.3296531056e-15      1.32890452947e-15     1.3296531056e-15      2.89261674277e-15     -1.30052538671e-15    
9.27332323232         1.40073632951e-15     1.40555482304e-15     1.40073632951e-15     1.40555482304e-15     3.03225029138e-15     -1.36682372741e-15    
9.45513131313         1.47466429935e-15     1.48367912424e-15     1.47466429935e-15     1.48367912424e-15     3.1751878291e-15      -1.43477577944e-15    
9.63693939394         1.55069471297e-15     1.56402873308e-15     1.55069471297e-15     1.56402873308e-15     3.32143015141e-15     -1.50438117638e-15    
9.81874747475         1.62883350854e-15     1.64660617304e-15     1.62883350854e-15     1.64660617304e-15     3.47097802924e-15     -1.57563956115e-15    
10.0005555556         1.70908631159e-15     1.7314137838e-15      1.70908631159e-15     1.7314137838e-15      3.62383220999e-15     -1.64855058624e-15    
10.1823636364         1.79145845622e-15     1.8184537363e-15      1.79145845622e-15     1.8184537363e-15      3.77999341845e-15     -1.72311391378e-15    
10.3641717172         1.8759550046e-15      1.90772804631e-15     1.8759550046e-15      1.90772804631e-15     3.93946235764e-15     -1.79932921553e-15    
10.545979798          1.96258076491e-15     1.99923858681e-15     1.96258076491e-15     1.99923858681e-15     4.1022397097e-15      -1.87719617284e-15    
10.7277878788         2.05134030782e-15     2.09298709921e-15     2.05134030782e-15     2.09298709921e-15     4.26832613661e-15     -1.95671447652e-15    
10.9095959596         2.14223798173e-15     2.18897520355e-15     2.14223798173e-15     2.18897520355e-15     4.43772228097e-15     -2.03788382673e-15    
11.0914040404         2.23527792681e-15     2.28720440784e-15     2.23527792681e-15     2.28720440784e-15     4.61042876676e-15     -2.12070393271e-15    
11.2732121212         2.33046408793e-15     2.38767611653e-15     2.33046408793e-15     2.38767611653e-15     4.78644619996e-15     -2.20517451268e-15    
11.455020202          2.42780022672e-15     2.49039163826e-15     2.42780022672e-15     2.49039163826e-15     4.96577516922e-15     -2.29129529352e-15    
11.6368282828         2.52728993259e-15     2.595352193e-15       2.52728993259e-15     2.595352193e-15       5.14841624654e-15     -2.37906601059e-15    
11.8186363636         2.62893663307e-15     2.70255891848e-15     2.62893663307e-15     2.70255891848e-15     5.33436998782e-15     -2.46848640747e-15    
12.0004444444         2.73274360335e-15     2.81201287621e-15     2.73274360335e-15     2.81201287621e-15     5.52363693348e-15     -2.5595562357e-15     
12.1822525253         2.83871397511e-15     2.92371505692e-15     2.83871397511e-15     2.92371505692e-15     5.71621760897e-15     -2.65227525456e-15    
12.3640606061         2.94685074477e-15     3.03766638558e-15     2.94685074477e-15     3.03766638558e-15     5.91211252537e-15     -2.74664323077e-15    
12.5458686869         3.05715678115e-15     3.153867726e-15       3.05715678115e-15     3.153867726e-15       6.11132217986e-15     -2.84265993829e-15    
12.7276767677         3.16963483257e-15     3.27231988515e-15     3.16963483257e-15     3.27231988515e-15     6.31384705622e-15     -2.94032515805e-15    
12.9094848485         3.28428753356e-15     3.39302361698e-15     3.28428753356e-15     3.39302361698e-15     6.51968762535e-15     -3.03963867773e-15    
13.0912929293         3.40111741099e-15     3.51597962614e-15     3.40111741099e-15     3.51597962614e-15     6.72884434571e-15     -3.14060029148e-15    
13.2731010101         3.52012688989e-15     3.64118857121e-15     3.52012688989e-15     3.64118857121e-15     6.94131766376e-15     -3.24320979975e-15    
13.4549090909         3.64131829886e-15     3.76865106787e-15     3.64131829886e-15     3.76865106787e-15     7.15710801445e-15     -3.34746700903e-15    
13.6367171717         3.7646938751e-15      3.89836769171e-15     3.7646938751e-15      3.89836769171e-15     7.37621582164e-15     -3.45337173163e-15    
13.8185252525         3.89025576915e-15     4.03033898086e-15     3.89025576915e-15     4.03033898086e-15     7.59864149854e-15     -3.56092378549e-15    
14.0003333333         4.01800604937e-15     4.16456543849e-15     4.01800604937e-15     4.16456543849e-15     7.82438544821e-15     -3.67012299397e-15    
14.1821414141         4.147946706e-15       4.30104753499e-15     4.147946706e-15       4.30104753499e-15     8.05344806406e-15     -3.78096918565e-15    
14.3639494949         4.28007965515e-15     4.43978571015e-15     4.28007965515e-15     4.43978571015e-15     8.28582973044e-15     -3.89346219416e-15    
14.5457575758         4.41440674238e-15     4.58078037508e-15     4.41440674238e-15     4.58078037508e-15     8.5215308235e-15      -4.00760185796e-15    
14.7275656566         4.55092974621e-15     4.72403191403e-15     4.55092974621e-15     4.72403191403e-15     8.76055171254e-15     -4.1233880202e-15     
14.9093737374         4.68965038127e-15     4.86954068607e-15     4.68965038127e-15     4.86954068607e-15     9.00289276279e-15     -4.24082052853e-15    
15.0911818182         4.83057030142e-15     5.01730702668e-15     4.83057030142e-15     5.01730702668e-15     9.24855434467e-15     -4.35989923497e-15    
15.272989899          4.97369110256e-15     5.16733124919e-15     4.97369110256e-15     5.16733124919e-15     9.49753692737e-15     -4.4806240469e-15     
15.4547979798         5.11901432534e-15     5.31961364616e-15     5.11901432534e-15     5.31961364616e-15     9.74984055093e-15     -4.60299509243e-15    
15.6366060606         5.2665414577e-15      5.47415449064e-15     5.2665414577e-15      5.47415449064e-15     1.0005465505e-14      -4.72701192709e-15    
15.8184141414         5.41627393727e-15     5.63095403735e-15     5.41627393727e-15     5.63095403735e-15     1.02644121658e-14     -4.85267441873e-15    
16.0002222222         5.56821315362e-15     5.79001252382e-15     5.56821315362e-15     5.79001252382e-15     1.0526680856e-14      -4.97998243886e-15    
16.182030303          5.72236045043e-15     5.95133017139e-15     5.72236045043e-15     5.95133017139e-15     1.07922718822e-14     -5.10893586248e-15    
16.3638383838         5.87871712747e-15     6.11490718617e-15     5.87871712747e-15     6.11490718617e-15     1.10611855407e-14     -5.23953456795e-15    
16.5456464646         6.03728444253e-15     6.28074375999e-15     6.03728444253e-15     6.28074375999e-15     1.13334221192e-14     -5.37177843691e-15    
16.7274545455         6.19806361323e-15     6.4488400712e-15      6.19806361323e-15     6.4488400712e-15      1.1608981898e-14      -5.50566735413e-15    
16.9092626263         6.36105581874e-15     6.61919628547e-15     6.36105581874e-15     6.61919628547e-15     1.18878651506e-14     -5.64120120742e-15    
17.0910707071         6.52626220136e-15     6.79181255657e-15     6.52626220136e-15     6.79181255657e-15     1.21700721439e-14     -5.77837988753e-15    
17.2728787879         6.69368386809e-15     6.966689027e-15       6.69368386809e-15     6.966689027e-15       1.24556031388e-14     -5.91720328803e-15    
17.4546868687         6.86332189211e-15     7.14382582871e-15     6.86332189211e-15     7.14382582871e-15     1.27444583899e-14     -6.05767130524e-15    
17.6364949495         7.03517731409e-15     7.32322308367e-15     7.03517731409e-15     7.32322308367e-15     1.30366381465e-14     -6.19978383812e-15    
17.8183030303         7.20925114358e-15     7.50488090443e-15     7.20925114358e-15     7.50488090443e-15     1.33321426522e-14     -6.34354078819e-15    
18.0001111111         7.38554436021e-15     7.68879939472e-15     7.38554436021e-15     7.68879939472e-15     1.3630972145e-14      -6.48894205944e-15    
18.1819191919         7.56405791489e-15     7.87497864989e-15     7.56405791489e-15     7.87497864989e-15     1.39331268581e-14     -6.63598755826e-15    
18.3637272727         7.74479273094e-15     8.06341875744e-15     7.74479273094e-15     8.06341875744e-15     1.42386070196e-14     -6.78467719333e-15    
18.5455353535         7.92774970514e-15     8.25411979742e-15     7.92774970514e-15     8.25411979742e-15     1.45474128526e-14     -6.9350108756e-15     
18.7273434343         8.11292970878e-15     8.44708184288e-15     8.11292970878e-15     8.44708184288e-15     1.48595445756e-14     -7.08698851815e-15    
18.9091515152         8.30033358862e-15     8.64230496027e-15     8.30033358862e-15     8.64230496027e-15     1.51750024025e-14     -7.24061003619e-15    
19.090959596          8.48996216781e-15     8.8397892098e-15      8.48996216781e-15     8.8397892098e-15      1.54937865427e-14     -7.39587534693e-15    
19.2727676768         8.68181624677e-15     9.03953464579e-15     8.68181624677e-15     9.03953464579e-15     1.58158972013e-14     -7.55278436958e-15    
19.4545757576         8.87589660403e-15     9.24154131699e-15     8.87589660403e-15     9.24154131699e-15     1.61413345792e-14     -7.7113370252e-15     
19.6363838384         9.07220399707e-15     9.44580926694e-15     9.07220399707e-15     9.44580926694e-15     1.64700988732e-14     -7.87153323675e-15    
19.8181919192         9.27073916301e-15     9.65233853421e-15     9.27073916301e-15     9.65233853421e-15     1.68021902761e-14     -8.03337292895e-15    
20                    0                     0                     0                     0                     0                     0                     
