0.0779191396          0                     0                     0                     0                     0                     0                     
0.0876423787748       0.56021413243         -0.0782802725072      0.56021413243         -0.0782802725072      0.137769988426        -0.0219180488749      
0.0973656179496       2.45096440317         -0.812465508405       2.45096440317         -0.812465508405       0.598938652031        -0.265597125072       
0.107088857124        4.49977867449         -2.15110593386        4.49977867449         -2.15110593386        1.05097042793         -0.730925574898       
0.116812096299        6.09345102935         -3.55811133409        6.09345102935         -3.55811133409        1.34615326658         -1.23051489759        
0.126535335474        7.15890186468         -4.76303448153        7.15890186468         -4.76303448153        1.49353545045         -1.66431846674        
0.136258574649        7.77820427113         -5.69134699777        7.77820427113         -5.69134699777        1.53366382673         -2.00230890037        
0.145981813824        8.05924518571         -6.35301815143        8.05924518571         -6.35301815143        1.50393757096         -2.24591949039        
0.155705052999        8.09877316409         -6.7886363553         8.09877316409         -6.7886363553         1.43244099853         -2.40850289381        
0.165428292173        7.97102599065         -7.04279782233        7.97102599065         -7.04279782233        1.33782147267         -2.5054794405         
0.175151531348        7.73285836349         -7.15697712678        7.73285836349         -7.15697712678        1.23274744671         -2.55143622674        
0.184874770523        7.42506759002         -7.16583580498        7.42506759002         -7.16583580498        1.12509316557         -2.55878148505        
0.194598009698        7.07604898152         -7.09686707453        7.07604898152         -7.09686707453        1.01950833982         -2.53743552729        
0.204321248873        6.70498826995         -6.97155652235        6.70498826995         -6.97155652235        0.918436282088        -2.49521422986        
0.214044488047        6.32733301317         -6.80583952102        6.32733301317         -6.80583952102        0.823742305829        -2.43789790508        
0.223767727222        5.953037454           -6.61311191228        5.953037454           -6.61311191228        0.73619439266         -2.37039478367        
0.233490966397        5.58776276086         -6.40250148779        5.58776276086         -6.40250148779        0.655779608891        -2.29606008989        
0.243214205572        5.23567865544         -6.18111399885        5.23567865544         -6.18111399885        0.582376743622        -2.21753624394        
0.252937444747        4.89942920814         -5.95449402475        4.89942920814         -5.95449402475        0.515671037294        -2.13688512885        
0.262660683922        4.5802915199          -5.7264149245         4.5802915199          -5.7264149245         0.455230857499        -2.05549884004        
0.272383923096        4.27876436368         -5.50038030886        4.27876436368         -5.50038030886        0.400541921611        -1.97467760661        
0.282107162271        3.9951792526          -5.27799499691        3.9951792526          -5.27799499691        0.351244527902        -1.89506297407        
0.291830401446        3.7285812744          -5.06130092226        3.7285812744          -5.06130092226        0.306622760289        -1.81737361092        
0.301553640621        3.47846627517         -4.85090713798        3.47846627517         -4.85090713798        0.266293767799        -1.74187855801        
0.311276879796        3.24422531594         -4.64730579228        3.24422531594         -4.64730579228        0.229882221435        -1.66876916227        
0.321000118971        3.02513654957         -4.45105893368        3.02513654957         -4.45105893368        0.197008440028        -1.59826615157        
0.330723358145        2.82018218993         -4.26247283516        2.82018218993         -4.26247283516        0.167263641668        -1.53048903702        
0.34044659732         2.62804110358         -4.08106164729        2.62804110358         -4.08106164729        0.140227033517        -1.46530349299        
0.350169836495        2.44876247538         -3.90695164643        2.44876247538         -3.90695164643        0.11582180038         -1.40270727383        
0.35989307567         2.28173397763         -3.74020302649        2.28173397763         -3.74020302649        0.0939251842258       -1.34275904686        
0.369616314845        2.1257174753          -3.58059068577        2.1257174753          -3.58059068577        0.0741364789294       -1.2853630714         
0.379339554019        1.98013607088         -3.42794308658        1.98013607088         -3.42794308658        0.0563176588895       -1.23047833947        
0.389062793194        1.84421597518         -3.28201881451        1.84421597518         -3.28201881451        0.0402438098858       -1.17801337636        
0.398786032369        1.71744931423         -3.14279676733        1.71744931423         -3.14279676733        0.0257970881789       -1.12796328276        
0.408509271544        1.59891442535         -3.0098718915         1.59891442535         -3.0098718915         0.0127380835375       -1.0801787386         
0.418232510719        1.48812507109         -2.88308705317        1.48812507109         -2.88308705317        0.000954683859068     -1.03462609813        
0.427955749894        1.3844832876          -2.76179106946        1.3844832876          -2.76179106946        -0.00969962617136     -0.99101003603        
0.437678989068        1.28810712916         -2.64639103042        1.28810712916         -2.64639103042        -0.0191193137062      -0.949561590379       
0.447402228243        1.1964757421          -2.5353550293         1.1964757421          -2.5353550293         -0.0280615992175      -0.90966786114        
0.457125467418        1.11151304199         -2.42953907774        1.11151304199         -2.42953907774        -0.0358759698575      -0.871666931162       
0.466848706593        1.03206990902         -2.32840217806        1.03206990902         -2.32840217806        -0.0428739203779      -0.835354032774       
0.476571945768        0.957690569988        -2.23166741571        0.957690569988        -2.23166741571        -0.0491519264172      -0.800633612091       
0.486295184942        0.888095111203        -2.13929184104        0.888095111203        -2.13929184104        -0.0547614232456      -0.767481117144       
0.496018424117        0.822948227919        -2.05090828419        0.822948227919        -2.05090828419        -0.0597567943689      -0.735770584171       
0.505741663292        0.761905072005        -1.96643050731        0.761905072005        -1.96643050731        -0.0642130758213      -0.705473488902       
0.515464902467        0.704653766244        -1.8855703497         0.704653766244        -1.8855703497         -0.0681942677402      -0.676481422006       
0.525188141642        0.650824844718        -1.80812658193        0.650824844718        -1.80812658193        -0.0717725785681      -0.648724806505       
0.534911380817        0.600417052585        -1.73389480443        0.600417052585        -1.73389480443        -0.0749202709119      -0.622123640499       
0.544634619991        0.553245879613        -1.66271281993        0.553245879613        -1.66271281993        -0.0776544311976      -0.596619875213       
0.554357859166        0.508936288766        -1.59444495641        0.508936288766        -1.59444495641        -0.0800605606899      -0.57217766765        
0.564081098341        0.46765207498         -1.52922906795        0.46765207498         -1.52922906795        -0.0820761581382      -0.548814035519       
0.573804337516        0.428890380984        -1.46662416477        0.428890380984        -1.46662416477        -0.0838038032         -0.526400884509       
0.583527576691        0.392512159632        -1.40663310232        0.392512159632        -1.40663310232        -0.0852837853315      -0.50492973803        
0.593250815865        0.358267565008        -1.34910343063        0.358267565008        -1.34910343063        -0.0865613209426      -0.484344606044       
0.60297405504         0.326167316003        -1.29380250752        0.326167316003        -1.29380250752        -0.087607919595       -0.464562279802       
0.612697294215        0.296115775742        -1.24069552996        0.296115775742        -1.24069552996        -0.0884304849808      -0.445567937619       
0.62242053339         0.267984843479        -1.1897056473         0.267984843479        -1.1897056473         -0.0890520649709      -0.427336388473       
0.632143772565        0.241621810567        -1.14072747789        0.241621810567        -1.14072747789        -0.0894981187865      -0.409826845924       
0.64186701174         0.216950098017        -1.09374158157        0.216950098017        -1.09374158157        -0.0897742535313      -0.393034767847       
0.651590250914        0.193751696203        -1.04852226549        0.193751696203        -1.04852226549        -0.0899282288517      -0.376874365456       
0.661313490089        0.172053770982        -1.00505765214        0.172053770982        -1.00505765214        -0.0899441843545      -0.361344614007       
0.671036729264        0.151773174085        -0.963218822638       0.151773174085        -0.963218822638       -0.0898205674542      -0.346397495596       
0.680759968439        0.132809080912        -0.923000790178       0.132809080912        -0.923000790178       -0.0895773513185      -0.332031206176       
0.690483207614        0.115100867358        -0.884314128945       0.115100867358        -0.884314128945       -0.0892198249885      -0.318214658486       
0.700206446788        0.0985019858707       -0.846897939306       0.0985019858707       -0.846897939306       -0.0887500739911      -0.304851694574       
0.709929685963        0.0830413266529       -0.811298056458       0.0830413266529       -0.811298056458       -0.0882383068447      -0.292140624122       
0.719652925138        0.0686089320542       -0.776805472874       0.0686089320542       -0.776805472874       -0.0876152378806      -0.279825372211       
0.729376164313        0.0551707404816       -0.743609992594       0.0551707404816       -0.743609992594       -0.0869102322172      -0.267974081174       
0.739099403488        0.0426367136859       -0.711641937783       0.0426367136859       -0.711641937783       -0.086139802836       -0.256560262997       
0.748822642663        0.0309761917869       -0.68083949934        0.0309761917869       -0.68083949934        -0.0853026611759      -0.245564051216       
0.758545881837        0.0201515438905       -0.651176511634       0.0201515438905       -0.651176511634       -0.0844044776261      -0.234974021503       
0.768269121012        0.0101189606072       -0.622597648251       0.0101189606072       -0.622597648251       -0.0834458972427      -0.224770869205       
0.777992360187        0.000810024123718     -0.59502633545        0.000810024123718     -0.59502633545        -0.0824380480796      -0.214926846903       
0.787715599362        -0.00777868706773     -0.568482158598       -0.00777868706773     -0.568482158598       -0.0813785858963      -0.205448869658       
0.797438838537        -0.0157089100215      -0.542904400997       -0.0157089100215      -0.542904400997       -0.0802757202434      -0.196315725516       
0.807162077712        -0.023007422228       -0.518231318003       -0.023007422228       -0.518231318003       -0.0791300583291      -0.187504490087       
0.816885316886        -0.0297064790944      -0.494467304762       -0.0297064790944      -0.494467304762       -0.0779474462238      -0.179015940827       
0.826608556061        -0.0358448693215      -0.471546377066       -0.0358448693215      -0.471546377066       -0.0767297312381      -0.17082682545        
0.836331795236        -0.0414450079518      -0.449453843757       -0.0414450079518      -0.449453843757       -0.0754795481337      -0.162933278027       
0.846055034411        -0.0465333275486      -0.428136899659       -0.0465333275486      -0.428136899659       -0.0741958123114      -0.155314225632       
0.855778273586        -0.0511415084236      -0.407598092325       -0.0511415084236      -0.407598092325       -0.072887315328       -0.147971215736       
0.86550151276         -0.0552887253101      -0.38782435406        -0.0552887253101      -0.38782435406        -0.0715528130955      -0.140900955485       
0.875224751935        -0.0589965372719      -0.368699421322       -0.0589965372719      -0.368699421322       -0.0701907249817      -0.134059793765       
0.88494799111         -0.0622940192525      -0.350288603601       -0.0622940192525      -0.350288603601       -0.0688083789795      -0.127471406984       
0.894671230285        -0.0652056747656      -0.332538567419       -0.0652056747656      -0.332538567419       -0.067407539412       -0.121117091033       
0.90439446946         -0.0677410493262      -0.315428019586       -0.0677410493262      -0.315428019586       -0.0659868842416      -0.114988857386       
0.914117708635        -0.069917092734       -0.298923020286       -0.069917092734       -0.298923020286       -0.0645451395972      -0.109074756554       
0.923840947809        -0.0717601791633      -0.283012571571       -0.0717601791633      -0.283012571571       -0.0630888132009      -0.103371466144       
0.933564186984        -0.0732795443085      -0.267676485131       -0.0732795443085      -0.267676485131       -0.0616154089327      -0.0978701816421      
0.943287426159        -0.0742583253147      -0.252989709878       -0.0742583253147      -0.252989709878       -0.0600384064803      -0.0926099856173      
0.953010665334        -0.0753999282246      -0.238619969781       -0.0753999282246      -0.238619969781       -0.0586163174884      -0.0874380650896      
0.962733904509        -0.0760230578307      -0.224848866702       -0.0760230578307      -0.224848866702       -0.0570875858792      -0.0824887467742      
0.972457143683        -0.0763643508766      -0.211547754651       -0.0763643508766      -0.211547754651       -0.0555349811822      -0.0777041591478      
0.982180382858        -0.0763690224335      -0.198534708721       -0.0763690224335      -0.198534708721       -0.0539134268006      -0.0730178097566      
0.991903622033        -0.0759277312622      -0.18553346008        -0.0759277312622      -0.18553346008        -0.0521443617621      -0.0683278107871      
1.00162686121         -0.0752948547228      -0.173180958026       -0.0752948547228      -0.173180958026       -0.050402252786       -0.0638685552615      
1.01135010038         -0.0744799120885      -0.161438783867       -0.0744799120885      -0.161438783867       -0.0486829824399      -0.0596260179826      
1.02107333956         -0.0734903673587      -0.15026299706        -0.0734903673587      -0.15026299706        -0.0469826659724      -0.0555843471949      
1.03079657873         -0.0723357752441      -0.139627484194       -0.0723357752441      -0.139627484194       -0.0452994599384      -0.0517342288713      
1.04051981791         -0.0710263293815      -0.129510297387       -0.0710263293815      -0.129510297387       -0.0436327326044      -0.048067937345       
1.05024305708         -0.0695770853193      -0.119898045432       -0.0695770853193      -0.119898045432       -0.0419843208989      -0.0445805597954      
1.05996629626         -0.0679794430168      -0.110744541796       -0.0679794430168      -0.110744541796       -0.0403449421594      -0.0412557393828      
1.06968953543         -0.0662574689897      -0.102057893571       -0.0662574689897      -0.102057893571       -0.0387215005897      -0.0380962271211      
1.07941277461         -0.0644164070316      -0.0938174198979      -0.0644164070316      -0.0938174198979      -0.037112254361       -0.0350947865063      
1.08913601378         -0.0624701284967      -0.0860147471721      -0.0624701284967      -0.0860147471721      -0.0355200048097      -0.0322485732727      
1.09885925296         -0.0604110345597      -0.0786153300999      -0.0604110345597      -0.0786153300999      -0.0339357507492      -0.0295449486021      
1.10858249213         -0.0582631365101      -0.0716299081278      -0.0582631365101      -0.0716299081278      -0.0323686653498      -0.0269882529044      
1.11830573131         -0.0560266312894      -0.0650396441199      -0.0560266312894      -0.0650396441199      -0.0308147446569      -0.0245716048361      
1.12802897048         -0.0537113553619      -0.0588347040032      -0.0537113553619      -0.0588347040032      -0.0292749263814      -0.0222916141393      
1.13775220966         -0.0513246441543      -0.053005894719       -0.0513246441543      -0.053005894719       -0.0277492245064      -0.0201450909273      
1.14747544883         -0.0488798427697      -0.0475518545628      -0.0488798427697      -0.0475518545628      -0.0262410519114      -0.0181318187002      
1.15719868801         -0.0463829131257      -0.0424603473961      -0.0463829131257      -0.0424603473961      -0.0247494745068      -0.0162474674459      
1.16692192718         -0.0438426263415      -0.0377253709289      -0.0438426263415      -0.0377253709289      -0.0232753723731      -0.0144901245625      
1.17664516635         -0.0412732595857      -0.0333437474087      -0.0412732595857      -0.0333437474087      -0.0218222813147      -0.0128588727704      
1.18636840553         -0.0386819413158      -0.0293056858739      -0.0386819413158      -0.0293056858739      -0.0203898687984      -0.0113504171889      
1.1960916447          -0.036097560507       -0.0256159395043      -0.036097560507       -0.0256159395043      -0.0189890763793      -0.00996708041097     
1.20581488388         -0.033520226679       -0.0222567582671      -0.033520226679       -0.0222567582671      -0.017615739946       -0.00870258090251     
1.21553812305         -0.0309737887511      -0.0192247706065      -0.0309737887511      -0.0192247706065      -0.0162779349233      -0.00755623540877     
1.22526136223         -0.0284764228338      -0.0165093985274      -0.0284764228338      -0.0165093985274      -0.0149807305601      -0.00652468677616     
1.2349846014          -0.0260421405744      -0.0140951150401      -0.0260421405744      -0.0140951150401      -0.0137272667049      -0.00560278648596     
1.24470784058         -0.0236979765023      -0.0119712391001      -0.0236979765023      -0.0119712391001      -0.0125277014902      -0.00478732567413     
1.25443107975         -0.0214518833233      -0.0101141586143      -0.0214518833233      -0.0101141586143      -0.011382540244       -0.00407005718432     
1.26415431893         -0.0193195534829      -0.00850364432699     -0.0193195534829      -0.00850364432699     -0.0102969894659      -0.00344412319653     
1.2738775581          -0.0173117814653      -0.00711716325059     -0.0173117814653      -0.00711716325059     -0.00927430296497     -0.00290171020075     
1.28360079728         -0.015440461203       -0.00593267458114     -0.015440461203       -0.00593267458114     -0.00831902175319     -0.00243516654739     
1.29332403645         -0.0136953224614      -0.00492168921181     -0.0136953224614      -0.00492168921181     -0.00742447922915     -0.00203408458        
1.30304727563         -0.0120902762458      -0.00406694598246     -0.0120902762458      -0.00406694598246     -0.00659756641818     -0.00169252615441     
1.3127705148          -0.0106180423647      -0.00334579109235     -0.0106180423647      -0.00334579109235     -0.0058342820516      -0.00140217698424     
1.32249375398         -0.00927517617225     -0.00273981590888     -0.00927517617225     -0.00273981590888     -0.0051330371528      -0.00115633854126     
1.33221699315         -0.00805595370325     -0.00223223353803     -0.00805595370325     -0.00223223353803     -0.00449127000544     -0.000948812076011    
1.34194023233         -0.00695260748811     -0.00180813189716     -0.00695260748811     -0.00180813189716     -0.00390544461224     -0.000774040005201    
1.3516634715          -0.00595949788002     -0.00145520223225     -0.00595949788002     -0.00145520223225     -0.00337332814975     -0.000627426313936    
1.36138671068         -0.00506873910931     -0.00116238962541     -0.00506873910931     -0.00116238962541     -0.00289146092249     -0.000504790121631    
1.37110994985         -0.00427293802521     -0.000920330597967    -0.00427293802521     -0.000920330597967    -0.0024566573643      -0.000402565833015    
1.38083318903         -0.00356505301405     -0.000721080756177    -0.00356505301405     -0.000721080756177    -0.00206589583503     -0.000317706209546    
1.3905564282          -0.00293883991789     -0.000557968194812    -0.00293883991789     -0.000557968194812    -0.00171656635763     -0.000247636594581    
1.40027966738         -0.00238726475508     -0.00042512030379     -0.00238726475508     -0.00042512030379     -0.00140553290445     -0.000190062413613    
1.41000290655         -0.00190460443484     -0.00031769502724     -0.00190460443484     -0.00031769502724     -0.00113034841083     -0.000143081408329    
1.41972614573         -0.00148548633164     -0.000231578487126    -0.00148548633164     -0.000231578487126    -0.00088870014643     -0.00010506544658     
1.4294493849          -0.00112491127484     -0.00016325834713     -0.00112491127484     -0.00016325834713     -0.000678423971686    -7.46109352474e-05    
1.4304493849          -0.00109098512466     -0.000157121040072    -0.00109098512466     -0.000157121040072    -0.000658510631746    -7.1859418371e-05     
1.4474493849          -0.000597155253771    -7.39786106106e-05    -0.000597155253771    -7.39786106106e-05    -0.000365643275118    -3.42425542833e-05    
1.4644493849          -0.000249130444524    -2.29779623044e-05    -0.000249130444524    -2.29779623044e-05    -0.000154969467977    -1.0699390728e-05     
1.4814493849          -3.89078748864e-05    5.2914156412e-06      -3.89078748864e-05    5.2914156412e-06      -2.51687682993e-05    2.67399615216e-06     
1.4984493849          4.982725132e-06       6.17121098452e-05     4.982725132e-06       6.17121098452e-05     1.76664629322e-06     3.71571169865e-05     
1.5154493849          5.89719457325e-06     0.00021735982439      5.89719457325e-06     0.00021735982439      2.10453706631e-06     0.000139000357154     
1.5324493849          5.38547463787e-06     0.000399659798256     5.38547463787e-06     0.000399659798256     1.92994474422e-06     0.000262127002494     
1.5494493849          4.16992217886e-06     0.000586222182325     4.16992217886e-06     0.000586222182325     1.50082481796e-06     0.000391877346647     
1.5504493849          4.08666268093e-06     0.000597066325188     4.08666268093e-06     0.000597066325188     1.47129788287e-06     0.000399536647459     
1.55806888685         3.4294721173e-06      0.000678800099616     3.4294721173e-06      0.000678800099616     1.23790308702e-06     0.000457694967048     
1.5656883888          2.7492623584e-06      0.000758597977769     2.7492623584e-06      0.000758597977769     9.95847964338e-07     0.000515230878262     
1.57330789075         2.0659890082e-06      0.000835916137165     2.0659890082e-06      0.000835916137165     7.52316658036e-07     0.000571737403215     
1.5809273927          1.39603902186e-06     0.000910496018893     1.39603902186e-06     0.000910496018893     5.13218464886e-07     0.00062699691168      
1.58854689465         7.51827843546e-07     0.000982040177074     7.51827843546e-07     0.000982040177074     2.8303776743e-07      0.000680762674571     
1.59616639661         1.4296007724e-07      0.00105059455724      1.4296007724e-07      0.00105059455724      6.52545163842e-08     0.000733023965834     
1.60378589856         -4.23595268288e-07    0.00111532916782      -4.23595268288e-07    0.00111532916782      -1.37609792976e-07    0.000783157270863     
1.61140540051         -9.42720550492e-07    0.00117681358898      -9.42720550492e-07    0.00117681358898      -3.23680887027e-07    0.000831514620149     
1.61902490246         -1.41122036902e-06    0.00123483451721      -1.41122036902e-06    0.00123483451721      -4.91786508398e-07    0.000877902461828     
1.62664440441         -1.82707728974e-06    0.001289221121        -1.82707728974e-06    0.001289221121        -6.4117821976e-07     0.000922154613029     
1.63426390636         -2.18959865741e-06    0.00134000812854      -2.18959865741e-06    0.00134000812854      -7.71582357481e-07    0.000964250441707     
1.64188340831         -2.49926575928e-06    0.0013873430077       -2.49926575928e-06    0.0013873430077       -8.83147444747e-07    0.00100425208951      
1.64950291026         -2.75688401741e-06    0.00143111725477      -2.75688401741e-06    0.00143111725477      -9.76142965961e-07    0.0010420382643       
1.65712241221         -2.9642041759e-06     0.00147143144687      -2.9642041759e-06     0.00147143144687      -1.05117732336e-06    0.00107763917747      
1.66474191416         -3.12331204767e-06    0.00150831274796      -3.12331204767e-06    0.00150831274796      -1.10898167377e-06    0.00111103287591      
1.67236141611         -3.23719545515e-06    0.00154205161657      -3.23719545515e-06    0.00154205161657      -1.15061060884e-06    0.00114239314342      
1.67998091806         -3.30793268479e-06    0.00157237564201      -3.30793268479e-06    0.00157237564201      -1.17679819923e-06    0.00117147939915      
1.68760042002         -3.33985965014e-06    0.00160000470286      -3.33985965014e-06    0.00160000470286      -1.18908343918e-06    0.00119879001897      
1.69521992197         -3.35149988029e-06    0.00163254464874      -3.35149988029e-06    0.00163254464874      -1.194063184e-06      0.00123002366752      
1.70283942392         -3.33425531656e-06    0.00166480243649      -3.33425531656e-06    0.00166480243649      -1.18868070502e-06    0.00126130969697      
1.71045892587         -3.28402303827e-06    0.0016935309157       -3.28402303827e-06    0.0016935309157       -1.17147250952e-06    0.00129017267714      
1.71807842782         -3.20394213943e-06    0.00171890473859      -3.20394213943e-06    0.00171890473859      -1.14355512758e-06    0.00131670388956      
1.72569792977         -3.09705589789e-06    0.0017410253349       -3.09705589789e-06    0.0017410253349       -1.10601222662e-06    0.00134094112477      
1.73331743172         -2.96637533905e-06    0.0017599695366       -2.96637533905e-06    0.0017599695366       -1.05991702008e-06    0.00136290480648      
1.74093693367         -2.81488298358e-06    0.00177580553287      -2.81488298358e-06    0.00177580553287      -1.00633344447e-06    0.00138260982671      
1.74855643562         -2.64551719841e-06    0.00178859942938      -2.64551719841e-06    0.00178859942938      -9.46310451545e-07    0.00140007048907      
1.75617593757         -2.4611514919e-06     0.00179841791736      -2.4611514919e-06     0.00179841791736      -8.80874509111e-07    0.00141530259021      
1.76379543952         -2.26457753816e-06    0.00180532940062      -2.26457753816e-06    0.00180532940062      -8.11023449707e-07    0.00142832429675      
1.77141494147         -2.05849099948e-06    0.00180940457409      -2.05849099948e-06    0.00180940457409      -7.37721330866e-07    0.00143915658859      
1.77903444343         -1.84547488823e-06    0.00181071660905      -1.84547488823e-06    0.00181071660905      -6.61892417125e-07    0.00144782347322      
1.78665394538         -1.62798628318e-06    0.00180934109802      -1.62798628318e-06    0.00180934109802      -5.8441636528e-07     0.0014543520152       
1.79427344733         -1.40834726322e-06    0.00180535602088      -1.40834726322e-06    0.00180535602088      -5.06124927394e-07    0.00145877232268      
1.80189294928         -1.18873668269e-06    0.00179884152394      -1.18873668269e-06    0.00179884152394      -4.27798957666e-07    0.00146111738881      
1.80951245123         -9.71183367175e-07    0.00178987965417      -9.71183367175e-07    0.00178987965417      -3.50165927039e-07    0.00146142295228      
1.81713195318         -7.57560524486e-07    0.00177855429075      -7.57560524486e-07    0.00177855429075      -2.73897879256e-07    0.00145972748793      
1.82475145513         -5.49582627319e-07    0.00176495093219      -5.49582627319e-07    0.00176495093219      -1.99610274898e-07    0.00145607205247      
1.83237095708         -3.48803990374e-07    0.00174915637643      -3.48803990374e-07    0.00174915637643      -1.27861443298e-07    0.00145050004608      
1.83999045903         -1.56617972959e-07    0.00173125852026      -1.56617972959e-07    0.00173125852026      -5.91522615401e-08    0.00144305707505      
1.84760996098         2.57434844396e-08     0.00171134630179      2.57434844396e-08     0.00171134630179      6.0740440947e-09      0.00143379094706      
1.85522946293         1.97207949074e-07     0.00168950944826      1.97207949074e-07     0.00168950944826      6.74312450434e-08     0.00142275148436      
1.86284896488         3.5685965535e-07      0.00166583821168      3.5685965535e-07      0.00166583821168      1.24589121855e-07     0.0014099903102       
1.87046846684         5.03937204114e-07     0.00164042326402      5.03937204114e-07     0.00164042326402      1.77272664811e-07     0.00139556076269      
1.87808796879         6.37829649694e-07     0.00161335560853      6.37829649694e-07     0.00161335560853      2.25260697522e-07     0.001379517852        
1.88570747074         7.58071216622e-07     0.00158472630545      7.58071216622e-07     0.00158472630545      2.6838400825e-07      0.0013619180465       
1.89332697269         8.64336364289e-07     0.00155462637571      8.64336364289e-07     0.00155462637571      3.06523601883e-07     0.00134281918953      
1.90094647464         9.56434946319e-07     0.0015231467185       9.56434946319e-07     0.0015231467185       3.39608984075e-07     0.00132228042933      
1.90856597659         1.03430583179e-06     0.00149037791283      1.03430583179e-06     0.00149037791283      3.67615893776e-07     0.00130036204387      
1.91618547854         1.09800995966e-06     0.00145641010027      1.09800995966e-06     0.00145641010027      3.90563831717e-07     0.00127712535764      
1.92380498049         1.14772401769e-06     0.00142133293987      1.14772401769e-06     0.00142133293987      4.08513809529e-07     0.00125263270201      
1.93142448244         1.18373339263e-06     0.00138523549027      1.18373339263e-06     0.00138523549027      4.21565836957e-07     0.00122694730693      
1.93904398439         1.20642465488e-06     0.00134820604186      1.20642465488e-06     0.00134820604186      4.29856240964e-07     0.00120013313906      
1.94666348634         1.21627888661e-06     0.00131033210621      1.21627888661e-06     0.00131033210621      4.33555285386e-07     0.00117225489115      
1.95428298829         1.21386388784e-06     0.00127170034584      1.21386388784e-06     0.00127170034584      4.32864387644e-07     0.0011433779174       
1.96190249025         1.19982595982e-06     0.00123239645494      1.19982595982e-06     0.00123239645494      4.28013183073e-07     0.00111356811695      
1.9695219922          1.17488239681e-06     0.00119250508581      1.17488239681e-06     0.00119250508581      4.19256841462e-07     0.00108289185553      
1.97714149415         1.13981422506e-06     0.0011521098708       1.13981422506e-06     0.0011521098708       4.06873471091e-07     0.0010514159788       
1.9847609961          1.09545823287e-06     0.00111129331249      1.09545823287e-06     0.00111129331249      3.9116126794e-07      0.00101920769373      
1.99238049805         1.04269907137e-06     0.00107013672316      1.04269907137e-06     0.00107013672316      3.72435689507e-07     0.0009863345016       
2                     9.82461889235e-07     0.00102872026149      9.82461889235e-07     0.00102872026149      3.5102681876e-07      0.000952864224066     
2.001                 9.7405130364e-07      0.00102326956206      9.7405130364e-07      0.00102326956206      3.48035797043e-07     0.000948430776608     
2.18280808081         -3.10534731398e-07    0.000145654194628     -3.10534731398e-07    0.000145654194628     -1.1086576212e-07     0.000151839001124     
2.36461616162         0.000304266665104     3.27946362861e-06     0.000304266665104     3.27946362861e-06     0.000358252417844     -5.96321917976e-07    
2.54642424242         0.00100473161433      2.57009546869e-05     0.00100473161433      2.57009546869e-05     0.00132584472241      -1.56643379624e-05    
2.72823232323         0.00150042273393      7.06481325177e-05     0.00150042273393      7.06481325177e-05     0.00220718399962      -4.59416653375e-05    
2.91004040404         0.00162951825752      0.000123779292331     0.00162951825752      0.000123779292331     0.00266631680005      -7.50343017588e-05    
3.09184848485         0.00144892441385      0.000163841760774     0.00144892441385      0.000163841760774     0.0026360408427       -8.96218090323e-05    
3.27365656566         0.00110681935768      0.000176648926551     0.00110681935768      0.000176648926551     0.00224084840299      -8.64067358767e-05    
3.45546464646         0.000744283647842     0.000161570939297     0.000744283647842     0.000161570939297     0.00168009084826      -7.07116552952e-05    
3.63727272727         0.000446856731481     0.000128523305246     0.000446856731481     0.000128523305246     0.00112810569401      -5.04148284687e-05    
3.81908080808         0.000241678192224     9.03991383602e-05     0.000241678192224     9.03991383602e-05     0.000685141814994     -3.19166580045e-05    
4.00088888889         0.000118433757471     5.68847282771e-05     0.000118433757471     5.68847282771e-05     0.000379064087168     -1.81276041429e-05    
4.1826969697          5.27828123205e-05     3.23005792572e-05     5.27828123205e-05     3.23005792572e-05     0.000192055313229     -9.32027387342e-06    
4.36450505051         2.14375172268e-05     1.66579550178e-05     2.14375172268e-05     1.66579550178e-05     8.94549322264e-05     -4.36755693606e-06    
4.54631313131         7.93873524637e-06     7.84133415989e-06     7.93873524637e-06     7.84133415989e-06     3.84200485352e-05     -1.87244615044e-06    
4.72812121212         2.67767549081e-06     3.38220848483e-06     2.67767549081e-06     3.38220848483e-06     1.52512906993e-05     -7.37047271382e-07    
4.90992929293         8.200759571e-07       1.34087264105e-06     8.200759571e-07       1.34087264105e-06     5.60598320246e-06     -2.67112794461e-07    
5.09173737374         2.2666777639e-07      4.89805584776e-07     2.2666777639e-07      4.89805584776e-07     1.91089032587e-06     -8.93424254906e-08    
5.27354545455         5.58992915461e-08     1.65189475978e-07     5.58992915461e-08     1.65189475978e-07     6.04733187224e-07     -2.76275365538e-08    
5.45535353535         1.20257164168e-08     5.15209415352e-08     1.20257164168e-08     5.15209415352e-08     1.77854235813e-07     -7.90694046493e-09    
5.63716161616         2.14304137202e-09     1.48808859491e-08     2.14304137202e-09     1.48808859491e-08     4.86509678128e-08     -2.09668043719e-09    
5.81896969697         2.6806543495e-10      3.98495584727e-09     2.6806543495e-10      3.98495584727e-09     1.2386337234e-08      -5.15579001038e-10    
6.00077777778         9.05667004743e-13     9.90371702646e-10     9.05667004743e-13     9.90371702646e-10     2.93677437865e-09     -1.17652844646e-10    
6.18258585859         -1.29937370442e-11    2.28623931983e-10     -1.29937370442e-11    2.28623931983e-10     6.48769464001e-10     -2.49284147259e-11    
6.36439393939         -5.26859049446e-12    4.90583252148e-11     -5.26859049446e-12    4.90583252148e-11     1.33594686796e-10     -4.90634040035e-12    
6.5462020202          -1.48734283877e-12    9.79144013437e-12     -1.48734283877e-12    9.79144013437e-12     2.56524406542e-11     -8.9731177012e-13     
6.72801010101         -3.47914879446e-13    1.81888087548e-12     -3.47914879446e-13    1.81888087548e-12     4.59500624179e-12     -1.52569132674e-13    
6.90981818182         -7.12804832904e-14    3.1501146433e-13      -7.12804832904e-14    3.1501146433e-13      7.68977572829e-13     -2.41439067537e-14    
7.09162626263         -1.29760930218e-14    5.0388613692e-14      -1.29760930218e-14    5.0388613692e-14      1.1908412257e-13      -3.52128868402e-15    
7.27343434343         -2.07981790294e-15    7.28437259794e-15     -2.07981790294e-15    7.28437259794e-15     1.66958172671e-14     -4.62923839427e-16    
7.45524242424         -5.03181356731e-16    1.61950516899e-15     -5.03181356731e-16    1.61950516899e-15     3.60570892193e-15     -9.32965883621e-17    
7.63705050505         -7.18036450767e-17    2.15348604729e-16     -7.18036450767e-17    2.15348604729e-16     4.66430773016e-16     -1.1202717607e-17     
7.81885858586         -8.33605966091e-17    2.35475185462e-16     -8.33605966091e-17    2.35475185462e-16     4.96846311315e-16     -1.10106275747e-17    
8.00066666667         -9.56470127985e-17    2.56632227651e-16     -9.56470127985e-17    2.56632227651e-16     5.28166442025e-16     -1.07257737599e-17    
8.18247474747         -1.08665687602e-16    2.78828047039e-16     -1.08665687602e-16    2.78828047039e-16     5.60389386779e-16     -1.03451859515e-17    
8.36428282828         -1.2241909662e-16     3.02070384931e-16     -1.2241909662e-16     3.02070384931e-16     5.93513532099e-16     -9.86607969564e-18    
8.54609090909         -1.36909435105e-16    3.2636645584e-16      -1.36909435105e-16    3.2636645584e-16      6.27537414899e-16     -9.285842897e-18      
8.7278989899          -1.52138651005e-16    3.51722990605e-16     -1.52138651005e-16    3.51722990605e-16     6.62459710444e-16     -8.60202344037e-18    
8.90970707071         -1.68108473748e-16    3.78146275457e-16     -1.68108473748e-16    3.78146275457e-16     6.98279223821e-16     -7.81231776218e-18    
9.09151515152         -1.8482043936e-16     4.05642187451e-16     -1.8482043936e-16     4.05642187451e-16     7.34994888133e-16     -6.91456030546e-18    
9.27332323232         -2.0227591244e-16     4.34216226645e-16     -2.0227591244e-16     4.34216226645e-16     7.72605782714e-16     -5.90671379235e-18    
9.45513131313         -2.20476105417e-16    4.63873545347e-16     -2.20476105417e-16    4.63873545347e-16     8.11111284579e-16     -4.78686025176e-18    
9.63693939394         -2.39422095453e-16    4.94618974742e-16     -2.39422095453e-16    4.94618974742e-16     8.50510680848e-16     -3.55469213233e-18    
9.81874747475         -2.59114839315e-16    5.26457049145e-16     -2.59114839315e-16    5.26457049145e-16     8.90801453784e-16     -2.2075320027e-18     
10.0005555556         -2.79555186479e-16    5.5939202814e-16      -2.79555186479e-16    5.5939202814e-16      9.31983534633e-16     -7.43363200233e-19    
10.1823636364         -3.00743890688e-16    5.93427916781e-16     -3.00743890688e-16    5.93427916781e-16     9.7405638419e-16      8.39332093399e-19     
10.3641717172         -3.22681620184e-16    6.28568484082e-16     -3.22681620184e-16    6.28568484082e-16     1.01701944729e-15     2.54198789493e-18     
10.545979798          -3.4536896675e-16     6.64817279926e-16     -3.4536896675e-16     6.64817279926e-16     1.06087219564e-15     4.36595996671e-18     
10.7277878788         -3.68806453746e-16    7.02177650573e-16     -3.68806453746e-16    7.02177650573e-16     1.10561413607e-15     6.31253094539e-18     
10.9095959596         -3.92994543233e-16    7.40652752872e-16     -3.92994543233e-16    7.40652752872e-16     1.15124481152e-15     8.38291508646e-18     
11.0914040404         -4.17933642314e-16    7.80245567328e-16     -4.17933642314e-16    7.80245567328e-16     1.19776379965e-15     1.0578262656e-17      
11.2732121212         -4.43624108781e-16    8.20958910106e-16     -4.43624108781e-16    8.20958910106e-16     1.24517071082e-15     1.28996639984e-17     
11.455020202          -4.70066256148e-16    8.62795444077e-16     -4.70066256148e-16    8.62795444077e-16     1.2934651858e-15      1.53481533065e-17     
11.6368282828         -4.9726035815e-16     9.05757689001e-16     -4.9726035815e-16     9.05757689001e-16     1.34264689358e-15     1.7924712118e-17      
11.8186363636         -5.25206652757e-16    9.49848030908e-16     -5.25206652757e-16    9.49848030908e-16     1.39271552917e-15     2.06302725602e-17     
12.0004444444         -5.53905345773e-16    9.95068730768e-16     -5.53905345773e-16    9.95068730768e-16     1.44367081163e-15     2.34657203638e-17     
12.1822525253         -5.83356614057e-16    1.04142193249e-15     -5.83356614057e-16    1.04142193249e-15     1.49551248216e-15     2.64318976632e-17     
12.3640606061         -6.13560608416e-16    1.08890967033e-15     -6.13560608416e-16    1.08890967033e-15     1.54824030241e-15     2.95296056005e-17     
12.5458686869         -6.44517456194e-16    1.13753387575e-15     -6.44517456194e-16    1.13753387575e-15     1.60185405285e-15     3.27596067493e-17     
12.7276767677         -6.76227263612e-16    1.18729638374e-15     -6.76227263612e-16    1.18729638374e-15     1.65635353136e-15     3.61226273711e-17     
12.9094848485         -7.0869011786e-16     1.23819893875e-15     -7.0869011786e-16     1.23819893875e-15     1.71173855187e-15     3.96193595185e-17     
13.0912929293         -7.41906088987e-16    1.29024320012e-15     -7.41906088987e-16    1.29024320012e-15     1.76800894311e-15     4.32504629959e-17     
13.2731010101         -7.75875231605e-16    1.34343074716e-15     -7.75875231605e-16    1.34343074716e-15     1.82516454753e-15     4.70165671892e-17     
13.4549090909         -8.10597586426e-16    1.3977630839e-15      -8.10597586426e-16    1.3977630839e-15      1.88320522025e-15     5.09182727746e-17     
13.6367171717         -8.46073181641e-16    1.45324164345e-15     -8.46073181641e-16    1.45324164345e-15     1.94213082811e-15     5.49561533147e-17     
13.8185252525         -8.82302034181e-16    1.50986779211e-15     -8.82302034181e-16    1.50986779211e-15     2.00194124884e-15     5.91307567505e-17     
14.0003333333         -9.1928415084e-16     1.56764283316e-15     -9.1928415084e-16     1.56764283316e-15     2.06263637024e-15     6.34426067984e-17     
14.1821414141         -9.57019529305e-16    1.62656801046e-15     -9.57019529305e-16    1.62656801046e-15     2.1242160895e-15      6.78922042569e-17     
14.3639494949         -9.95508159077e-16    1.68664451171e-15     -9.95508159077e-16    1.68664451171e-15     2.18668031255e-15     7.2480028231e-17      
14.5457575758         -1.03475002231e-15    1.74787347161e-15     -1.03475002231e-15    1.74787347161e-15     2.25002895343e-15     7.72065372802e-17     
14.7275656566         -1.07474509459e-15    1.8102559747e-15      -1.07474509459e-15    1.8102559747e-15      2.31426193384e-15     8.20721704945e-17     
14.9093737374         -1.11549334558e-15    1.87379305815e-15     -1.11549334558e-15    1.87379305815e-15     2.37937918267e-15     8.70773485049e-17     
15.0911818182         -1.15699473969e-15    1.93848571419e-15     -1.15699473969e-15    1.93848571419e-15     2.4453806356e-15      9.22224744322e-17     
15.272989899          -1.19924923663e-15    2.00433489261e-15     -1.19924923663e-15    2.00433489261e-15     2.51226623484e-15     9.75079347778e-17     
15.4547979798         -1.2422567919e-15     2.07134150288e-15     -1.2422567919e-15     2.07134150288e-15     2.58003592898e-15     1.02934100262e-16     
15.6366060606         -1.2860173573e-15     2.13950641632e-15     -1.2860173573e-15     2.13950641632e-15     2.648689673e-15       1.08501326613e-16     
15.8184141414         -1.33053088131e-15    2.20883046803e-15     -1.33053088131e-15    2.20883046803e-15     2.71822742858e-15     1.14209955307e-16     
16.0002222222         -1.37579730953e-15    2.27931445873e-15     -1.37579730953e-15    2.27931445873e-15     2.78864916509e-15     1.20060314268e-16     
16.182030303          -1.42181658496e-15    2.35095915649e-15     -1.42181658496e-15    2.35095915649e-15     2.85995486185e-15     1.26052718528e-16     
16.3638383838         -1.46858864838e-15    2.42376529839e-15     -1.46858864838e-15    2.42376529839e-15     2.93214451442e-15     1.32187470844e-16     
16.5456464646         -1.51611343861e-15    2.49773359203e-15     -1.51611343861e-15    2.49773359203e-15     3.00521815743e-15     1.38464862285e-16     
16.7274545455         -1.56439089277e-15    2.57286471697e-15     -1.56439089277e-15    2.57286471697e-15     3.07917609904e-15     1.44885018679e-16     
16.9092626263         -1.61342094654e-15    2.64915932609e-15     -1.61342094654e-15    2.64915932609e-15     3.15401755519e-15     1.5144759405e-16      
17.0910707071         -1.66320353434e-15    2.72661804691e-15     -1.66320353434e-15    2.72661804691e-15     3.22974247059e-15     1.58153592873e-16     
17.2728787879         -1.71373858958e-15    2.80524148273e-15     -1.71373858958e-15    2.80524148273e-15     3.30635097466e-15     1.65003264802e-16     
17.4546868687         -1.76502604479e-15    2.88503021383e-15     -1.76502604479e-15    2.88503021383e-15     3.3838430927e-15      1.71996850275e-16     
17.6364949495         -1.81706583181e-15    2.96598479854e-15     -1.81706583181e-15    2.96598479854e-15     3.46221883031e-15     1.79134580933e-16     
17.8183030303         -1.86985788192e-15    3.04810577423e-15     -1.86985788192e-15    3.04810577423e-15     3.5414781866e-15      1.86416680015e-16     
18.0001111111         -1.92340212601e-15    3.13139365828e-15     -1.92340212601e-15    3.13139365828e-15     3.62162115845e-15     1.9384336273e-16      
18.1819191919         -1.97769849463e-15    3.21584894903e-15     -1.97769849463e-15    3.21584894903e-15     3.70264774213e-15     2.01414836612e-16     
18.3637272727         -2.03274691819e-15    3.30147212657e-15     -2.03274691819e-15    3.30147212657e-15     3.78455793415e-15     2.09131301858e-16     
18.5455353535         -2.088547327e-15      3.38826365363e-15     -2.088547327e-15      3.38826365363e-15     3.8673517316e-15      2.16992951642e-16     
18.7273434343         -2.14509965135e-15    3.47622397628e-15     -2.14509965135e-15    3.47622397628e-15     3.95102913236e-15     2.24999972418e-16     
18.9091515152         -2.20240382166e-15    3.56535352474e-15     -2.20240382166e-15    3.56535352474e-15     4.03559013519e-15     2.33152544209e-16     
19.090959596          -2.26045976849e-15    3.65565271398e-15     -2.26045976849e-15    3.65565271398e-15     4.12103473973e-15     2.41450840877e-16     
19.2727676768         -2.31926742261e-15    3.74712194447e-15     -2.31926742261e-15    3.74712194447e-15     4.20736294654e-15     2.49895030382e-16     
19.4545757576         -2.37882671511e-15    3.83976160275e-15     -2.37882671511e-15    3.83976160275e-15     4.29457475706e-15     2.58485275029e-16     
19.6363838384         -2.43913757739e-15    3.93357206202e-15     -2.43913757739e-15    3.93357206202e-15     4.38267017356e-15     2.672217317e-16       
19.8181919192         -2.50019994126e-15    4.02855368272e-15     -2.50019994126e-15    4.02855368272e-15     4.47164919913e-15     2.76104552074e-16     
20                    0                     0                     0                     0                     0                     0                     
