0.0779191396          0                     0                     0                     0                     0                     0                     
0.087577837391        0.673622964052        0.242963300057        0.673622964052        0.242963300057        0.13843947854         0.169717045092        
0.0972365351819       3.44216629018         0.99567026445         3.44216629018         0.99567026445         0.823702737592        0.725124824314        
0.106895232973        7.68846252122         1.6987863257          7.68846252122         1.6987863257          2.04473106124         1.31463478107         
0.116553930764        12.451079753          1.91459827411         12.451079753          1.91459827411         3.58592835364         1.63941237458         
0.126212628555        17.040833476          1.44223275864         17.040833476          1.44223275864         5.21789511797         1.55014509698         
0.135871326346        20.9637384075         0.245306380229        20.9637384075         0.245306380229        6.70646188698         1.00497763043         
0.145530024137        23.8691947698         -1.47737092517        23.8691947698         -1.47737092517        7.83480424495         0.108630956529        
0.155188721928        25.6722757566         -3.358831964          25.6722757566         -3.358831964          8.51498764205         -0.923773179934       
0.164847419719        26.5466058657         -5.10211290574        26.5466058657         -5.10211290574        8.80745250026         -1.91057017972        
0.17450611751         26.7499756418         -6.57967202997        26.7499756418         -6.57967202997        8.82653010217         -2.76705223506        
0.184164815301        26.4865910267         -7.771050536          26.4865910267         -7.771050536          8.66407454044         -3.47323645067        
0.193823513091        25.9118788617         -8.69398860013        25.9118788617         -8.69398860013        8.3880983848          -4.03403153519        
0.203482210882        25.1370199873         -9.38261956958        25.1370199873         -9.38261956958        8.04598318347         -4.46532822967        
0.213140908673        24.2419728297         -9.8770073803         24.2419728297         -9.8770073803         7.67053139633         -4.787774017          
0.222799606464        23.2775132674         -10.2149958683        23.2775132674         -10.2149958683        7.28029344044         -5.02168055701        
0.232458304255        22.2782649019         -10.4228161719        22.2782649019         -10.4228161719        6.88711727889         -5.18111121547        
0.242117002046        21.266505394          -10.5156631948        21.266505394          -10.5156631948        6.49782915982         -5.27434393347        
0.251775699837        20.2747593092         -10.5216707351        20.2747593092         -10.5216707351        6.1253671032          -5.31624568789        
0.261434397628        19.3147484741         -10.4600786962        19.3147484741         -10.4600786962        5.77339397532         -5.31758830561        
0.271093095419        18.391914945          -10.3485316265        18.391914945          -10.3485316265        5.44270954988         -5.28851034691        
0.28075179321         17.5097109894         -10.2014721693        17.5097109894         -10.2014721693        5.1331098514          -5.23729629671        
0.290410491001        16.6675799719         -10.0282649361        16.6675799719         -10.0282649361        4.84288586533         -5.16946525433        
0.300069188792        15.864378801          -9.83579280815        15.864378801          -9.83579280815        4.57017748305         -5.08899295923        
0.309727886583        15.0983823533         -9.62855327091        15.0983823533         -9.62855327091        4.31315895555         -4.998484513          
0.319386584374        14.3698266298         -9.4087033943         14.3698266298         -9.4087033943         4.07158831927         -4.89920946384        
0.329045282165        13.6783336091         -9.17941063531        13.6783336091         -9.17941063531        3.844679607           -4.79305370868        
0.338703979956        13.0226672547         -8.9433696916         13.0226672547         -8.9433696916         3.63196397196         -4.68156705505        
0.348362677747        12.4037248625         -8.70371500651        12.4037248625         -8.70371500651        3.43352707899         -4.56658843698        
0.358021375538        11.8189675704         -8.46231654438        11.8189675704         -8.46231654438        3.24817248025         -4.44923698596        
0.367680073329        11.2674494876         -8.22122384832        11.2674494876         -8.22122384832        3.07545524032         -4.33075792848        
0.37733877112         10.7478663223         -7.9820269878         10.7478663223         -7.9820269878         2.91485117541         -4.21215764663        
0.386997468911        10.257942458          -7.74671531234        10.257942458          -7.74671531234        2.76518745117         -4.09466351454        
0.396656166702        9.79749699517         -7.51545287094        9.79749699517         -7.51545287094        2.62669055237         -3.97844064202        
0.406314864492        9.36232381297         -7.28974605818        9.36232381297         -7.28974605818        2.49708039652         -3.8644416681         
0.415973562283        8.95342429643         -7.07170884657        8.95342429643         -7.07170884657        2.37712557616         -3.75395960798        
0.425632260074        8.56638026827         -6.85996145963        8.56638026827         -6.85996145963        2.26461884361         -3.64625178257        
0.435290957865        8.19942679195         -6.65457311279        8.19942679195         -6.65457311279        2.15882025959         -3.54154556342        
0.444949655656        7.85213007531         -6.45553828136        7.85213007531         -6.45553828136        2.05958730502         -3.43983266716        
0.454608353447        7.52352338906         -6.26390688263        7.52352338906         -6.26390688263        1.96647762869         -3.34165331387        
0.464267051238        7.2118430782          -6.0790238909         7.2118430782          -6.0790238909         1.8787871839          -3.2467149182         
0.473925749029        6.91578409484         -5.90094861761        6.91578409484         -5.90094861761        1.79595716631         -3.15511657796        
0.48358444682         6.63435698612         -5.72883700402        6.63435698612         -5.72883700402        1.71761644338         -3.066388121          
0.493243144611        6.36632763313         -5.56258653031        6.36632763313         -5.56258653031        1.64332307282         -2.9805450634         
0.502901842402        6.11073382944         -5.40218191762        6.11073382944         -5.40218191762        1.57258652117         -2.89757822907        
0.512560540193        5.86725561661         -5.24713615533        5.86725561661         -5.24713615533        1.50544408475         -2.8172372456         
0.522219237984        5.63532755249         -5.09734148774        5.63532755249         -5.09734148774        1.44180351544         -2.73950947147        
0.531877935775        5.41337421534         -4.95165722087        5.41337421534         -4.95165722087        1.38071824836         -2.66369601032        
0.541536633566        5.20188675881         -4.81083260956        5.20188675881         -4.81083260956        1.32281379419         -2.59030720662        
0.551195331357        4.99994566016         -4.67436953514        4.99994566016         -4.67436953514        1.2676363942          -2.5190686173         
0.560854029148        4.80716840855         -4.54212630435        4.80716840855         -4.54212630435        1.21510548962         -2.44990298638        
0.570512726939        4.62279042606         -4.41348715877        4.62279042606         -4.41348715877        1.16497499252         -2.38247613841        
0.58017142473         4.44696113016         -4.28876960168        4.44696113016         -4.28876960168        1.11735528564         -2.31698577611        
0.589830122521        4.2793627884          -4.16766923554        4.2793627884          -4.16766923554        1.07224057776         -2.2532735076         
0.599488820312        4.11955212768         -4.05046158987        4.11955212768         -4.05046158987        1.02945194576         -2.19150794731        
0.609147518103        3.9668763428          -3.93707470226        3.9668763428          -3.93707470226        0.988723942306        -2.13167170145        
0.618806215893        3.82094540194         -3.82693766043        3.82094540194         -3.82693766043        0.950018823609        -2.073455212          
0.628464913684        3.68150229887         -3.7203407928         3.68150229887         -3.7203407928         0.913185169655        -2.01702754186        
0.638123611475        3.54825562489         -3.61715983316        3.54825562489         -3.61715983316        0.878167352979        -1.96234328335        
0.647782309266        3.42089372633         -3.51716082897        3.42089372633         -3.51716082897        0.844885555929        -1.90926747741        
0.657441007057        3.29905279225         -3.42046091477        3.29905279225         -3.42046091477        0.813198872732        -1.85788893998        
0.667099704848        3.18240551792         -3.32670106359        3.18240551792         -3.32670106359        0.782967690735        -1.80799644304        
0.676758402639        3.07117086241         -3.23596056524        3.07117086241         -3.23596056524        0.75446299673         -1.75967472255        
0.68641710043         2.96449705703         -3.14818988608        2.96449705703         -3.14818988608        0.727197964998        -1.71288506869        
0.696075798221        2.86220394262         -3.06330421365        2.86220394262         -3.06330421365        0.701178677536        -1.66759660703        
0.705734496012        2.76421512603         -2.98123480529        2.76421512603         -2.98123480529        0.676361081591        -1.6237737214         
0.715393193803        2.67030356562         -2.9018790366         2.67030356562         -2.9018790366         0.652718731035        -1.58137137906        
0.725051891594        2.58002512773         -2.82506477994        2.58002512773         -2.82506477994        0.630044486736        -1.54029817675        
0.734710589385        2.49333272754         -2.75077647512        2.49333272754         -2.75077647512        0.608347582004        -1.5005456325         
0.744369287176        2.40958368784         -2.67845198232        2.40958368784         -2.67845198232        0.587363511727        -1.46186771372        
0.754027984967        2.32936132537         -2.6085400447         2.32936132537         -2.6085400447         0.567369435771        -1.42444166322        
0.763686682758        2.25224733749         -2.54091579449        2.25224733749         -2.54091579449        0.548227015809        -1.3882157163         
0.773345380549        2.17799613508         -2.47544978154        2.17799613508         -2.47544978154        0.529812697194        -1.35312315608        
0.78300407834         2.10652311427         -2.41199747567        2.10652311427         -2.41199747567        0.512118041702        -1.31907986002        
0.792662776131        2.03755805488         -2.350281113          2.03755805488         -2.350281113          0.495084118155        -1.28596258642        
0.802321473922        1.97130599106         -2.29068644219        1.97130599106         -2.29068644219        0.478767001787        -1.25395672351        
0.811980171713        1.90743447324         -2.23299477032        1.90743447324         -2.23299477032        0.463073964929        -1.22297626108        
0.821638869504        1.84564088793         -2.17701281359        1.84564088793         -2.17701281359        0.44785041256         -1.19289660317        
0.831297567294        1.78590502958         -2.12265547063        1.78590502958         -2.12265547063        0.433115365542        -1.16367877592        
0.840956265085        1.72820260503         -2.06989922365        1.72820260503         -2.06989922365        0.418867884712        -1.1353096148         
0.850614962876        1.67230720701         -2.01853318123        1.67230720701         -2.01853318123        0.405042191297        -1.1076743956         
0.860273660667        1.61816819356         -1.96862700921        1.61816819356         -1.96862700921        0.39160005274         -1.08081379975        
0.869932358458        1.56575262806         -1.92002568069        1.56575262806         -1.92002568069        0.378567302163        -1.05464029815        
0.879591056249        1.51506902513         -1.87267490882        1.51506902513         -1.87267490882        0.365952691557        -1.02912337565        
0.88924975404         1.46589024746         -1.82648449544        1.46589024746         -1.82648449544        0.353672803792        -1.00421609315        
0.898908451831        1.41828256606         -1.78147695874        1.41828256606         -1.78147695874        0.341769739198        -0.979931910212       
0.908567149622        1.37206953734         -1.73746949871        1.37206953734         -1.73746949871        0.330187212695        -0.956171136369       
0.918225847413        1.32733735956         -1.69447646646        1.32733735956         -1.69447646646        0.318970693091        -0.932941458576       
0.927884545204        1.28393859053         -1.65243765306        1.28393859053         -1.65243765306        0.308079591275        -0.91021032025        
0.937543242995        1.24180046198         -1.61125435555        1.24180046198         -1.61125435555        0.297492831593        -0.887924105186       
0.947201940786        1.20091848437         -1.57092348806        1.20091848437         -1.57092348806        0.287206986659        -0.866080004961       
0.956860638577        1.16120423084         -1.53127732756        1.16120423084         -1.53127732756        0.277232170913        -0.844586152144       
0.966519336368        1.12254460608         -1.49217720883        1.12254460608         -1.49217720883        0.267537161461        -0.823370602076       
0.976178034159        1.08473357062         -1.45333334394        1.08473357062         -1.45333334394        0.258106673292        -0.802268240826       
0.98583673195         1.04580831447         -1.41229471445        1.04580831447         -1.41229471445        0.24842929739         -0.779933823852       
0.995495429741        1.00698368682         -1.37062027597        1.00698368682         -1.37062027597        0.238805869199        -0.757224998835       
1.00515412753         0.969870723643        -1.33049851679        0.969870723643        -1.33049851679        0.229621599259        -0.735351353265       
1.01481282532         0.934370354353        -1.29186453442        0.934370354353        -1.29186453442        0.220848540311        -0.714278244053       
1.02447152311         0.90029538204         -1.25456590113        0.90029538204         -1.25456590113        0.212429635907        -0.693922520644       
1.0341302209          0.867505027677        -1.21835217577        0.867505027677        -1.21835217577        0.204332894522        -0.674163757574       
1.0437889187          0.836184884466        -1.18341662682        0.836184884466        -1.18341662682        0.19662648726         -0.655089386238       
1.05344761649         0.806086346909        -1.14956937675        0.806086346909        -1.14956937675        0.189251126872        -0.636597634158       
1.06310631428         0.777209095306        -1.11685025114        0.777209095306        -1.11685025114        0.182189870965        -0.618710026494       
1.07276501207         0.749400938853        -1.0851881307         0.749400938853        -1.0851881307         0.175389990102        -0.601391938712       
1.08242370986         0.722843620511        -1.05456038849        0.722843620511        -1.05456038849        0.168959573734        -0.584633989961       
1.09208240765         0.697247908922        -1.0249554536         0.697247908922        -1.0249554536         0.162749430486        -0.568428447471       
1.10174110544         0.672603456674        -0.996239200401       0.672603456674        -0.996239200401       0.156785461456        -0.552699995521       
1.11139980323         0.648927235799        -0.968426693732       0.648927235799        -0.968426693732       0.151072225434        -0.537462900732       
1.12105850102         0.626173565953        -0.941538944728       0.626173565953        -0.941538944728       0.14560588031         -0.522727327043       
1.13071719881         0.604291690353        -0.915551833702       0.604291690353        -0.915551833702       0.140357984453        -0.508481204356       
1.14037589661         0.583180668195        -0.890395598728       0.583180668195        -0.890395598728       0.135293367839        -0.494686772824       
1.1500345944          0.562812332059        -0.866053946141       0.562812332059        -0.866053946141       0.130402582249        -0.481337335684       
1.15969329219         0.543213679386        -0.842491683532       0.543213679386        -0.842491683532       0.125701498162        -0.468410991331       
1.16935198998         0.524276804479        -0.81966273362        0.524276804479        -0.81966273362        0.121151068439        -0.455885414725       
1.17901068777         0.505994356662        -0.797549338421       0.505994356662        -0.797549338421       0.116751046091        -0.443749611484       
1.18866938556         0.488305470516        -0.776056953805       0.488305470516        -0.776056953805       0.112486649629        -0.431950514712       
1.19832808335         0.471316750467        -0.755361473261       0.471316750467        -0.755361473261       0.108382509728        -0.420587579207       
1.20798678114         0.454812840566        -0.73518271995        0.454812840566        -0.73518271995        0.104384664479        -0.40950532804        
1.21764547893         0.438890274346        -0.715648759079       0.438890274346        -0.715648759079       0.100514052284        -0.39877494154        
1.22730417672         0.42347876355         -0.696658259434       0.42347876355         -0.696658259434       0.096755061366        -0.388338518511       
1.23696287451         0.408685547417        -0.678263588454       0.408685547417        -0.678263588454       0.0931641641107       -0.378227585267       
1.24662157231         0.394284907926        -0.66028914694        0.394284907926        -0.66028914694        0.0896464671404       -0.368343018174       
1.2562802701          0.38041316349         -0.642912489023       0.38041316349         -0.642912489023       0.0862548002534       -0.358785735727       
1.26593896789         0.366973356701        -0.626023654607       0.366973356701        -0.626023654607       0.0829542547463       -0.349493781198       
1.27559766568         0.353970706946        -0.609585735715       0.353970706946        -0.609585735715       0.0797505775842       -0.340448640812       
1.28525636347         0.341401597495        -0.593582490744       0.341401597495        -0.593582490744       0.0766436298082       -0.331644583977       
1.29491506126         0.329266351359        -0.578005595095       0.329266351359        -0.578005595095       0.0736458254776       -0.323068462793       
1.30457375905         0.317540610748        -0.562834846573       0.317540610748        -0.562834846573       0.0707480411692       -0.314710283994       
1.31423245684         0.306235046176        -0.548098369831       0.306235046176        -0.548098369831       0.0679539481306       -0.306587853218       
1.32389115463         0.295324629648        -0.533763007283       0.295324629648        -0.533763007283       0.0652583751179       -0.298682153196       
1.33354985242         0.284794983922        -0.519793863023       0.284794983922        -0.519793863023       0.0626607643318       -0.290974900856       
1.34320855022         0.274650073448        -0.506213953447       0.274650073448        -0.506213953447       0.0601658907552       -0.283478217838       
1.35286724801         0.264848071715        -0.49298516564        0.264848071715        -0.49298516564        0.0577595335897       -0.276172260616       
1.3625259458          0.255407403026        -0.480151585149       0.255407403026        -0.480151585149       0.0554444607341       -0.269081311818       
1.37218464359         0.246292434517        -0.467650894005       0.246292434517        -0.467650894005       0.0532144847797       -0.262171387512       
1.38184334138         0.237644009781        -0.455264123604       0.237644009781        -0.455264123604       0.0511486643594       -0.255329579067       
1.39150203917         0.229008842788        -0.443680080877       0.229008842788        -0.443680080877       0.0489996775423       -0.248913382237       
1.40116073696         0.220816111807        -0.432176582226       0.220816111807        -0.432176582226       0.0470071331179       -0.24254667752        
1.41081943475         0.212902278999        -0.420994970958       0.212902278999        -0.420994970958       0.0450842741407       -0.236355873754       
1.42047813254         0.205274088008        -0.4101073814         0.205274088008        -0.4101073814         0.0432398614462       -0.230325088141       
1.43013683033         0.197913550415        -0.399541860294       0.197913550415        -0.399541860294       0.0414649571815       -0.224471442435       
1.43979552812         0.190810916459        -0.389278613341       0.190810916459        -0.389278613341       0.0397554960353       -0.21878308061        
1.44945422592         0.183939109682        -0.37929543753        0.183939109682        -0.37929543753        0.0381008396508       -0.213248964524       
1.45911292371         0.17729850063         -0.369593901791       0.17729850063         -0.369593901791       0.0365037224649       -0.207869595917       
1.4687716215          0.170875156436        -0.360166620313       0.170875156436        -0.360166620313       0.0349582049528       -0.202641038998       
1.47843031929         0.164631105892        -0.350980914942       0.164631105892        -0.350980914942       0.0334488020557       -0.197546219013       
1.48808901708         0.158597899456        -0.342014310307       0.158597899456        -0.342014310307       0.0319926656682       -0.192574072066       
1.49774771487         0.152786338908        -0.333312991495       0.152786338908        -0.333312991495       0.0305936168714       -0.187746387532       
1.50740641266         0.147158825031        -0.324848219913       0.147158825031        -0.324848219913       0.0292370814142       -0.183048171625       
1.51706511045         0.14171373481         -0.316609625571       0.14171373481         -0.316609625571       0.0279241369297       -0.178474108192       
1.52672380824         0.136442686836        -0.308600135238       0.136442686836        -0.308600135238       0.0266506960312       -0.17402622515        
1.53638250603         0.131343535017        -0.300788299958       0.131343535017        -0.300788299958       0.0254185721653       -0.169686403403       
1.54604120383         0.126405130148        -0.293197605333       0.126405130148        -0.293197605333       0.024221487207        -0.165468363034       
1.55569990162         0.121620367501        -0.285801852632       0.121620367501        -0.285801852632       0.0230601658959       -0.161357322967       
1.56535859941         0.116992507455        -0.278591040511       0.116992507455        -0.278591040511       0.0219372900407       -0.157347792074       
1.5750172972          0.112502665575        -0.271553251551       0.112502665575        -0.271553251551       0.0208452244063       -0.153432930804       
1.58467599499         0.108161027454        -0.264705200835       0.108161027454        -0.264705200835       0.0197882541044       -0.149622418727       
1.59433469278         0.103956613653        -0.258022074465       0.103956613653        -0.258022074465       0.0187640187497       -0.145902339119       
1.60399339057         0.0998983361698       -0.251536199812       0.0998983361698       -0.251536199812       0.0177739982921       -0.142290806936       
1.61365208836         0.0959596669232       -0.245201050945       0.0959596669232       -0.245201050945       0.0168120128316       -0.138761257375       
1.62331078615         0.0921687558411       -0.239021551403       0.0921687558411       -0.239021551403       0.0158904318816       -0.135318054069       
1.63296948394         0.0884908173797       -0.232998649734       0.0884908173797       -0.232998649734       0.01499410841         -0.131960593828       
1.64262818173         0.0849428610706       -0.227140740936       0.0849428610706       -0.227140740936       0.0141307566764       -0.128693360824       
1.65228687953         0.0815006688982       -0.221420918141       0.0815006688982       -0.221420918141       0.0132904294004       -0.125504956265       
1.66194557732         0.0781810042739       -0.215855479749       0.0781810042739       -0.215855479749       0.012480826789        -0.122400962497       
1.67160427511         0.0750111799453       -0.210472090823       0.0750111799453       -0.210472090823       0.01171518443         -0.119395931666       
1.6812629729          0.0719541106176       -0.205240945109       0.0719541106176       -0.205240945109       0.0109772909632       -0.116475115259       
1.69092167069         0.0690839619067       -0.200414786515       0.0690839619067       -0.200414786515       0.0102756189859       -0.113782122049       
1.70058036848         0.0668148735071       -0.197198981123       0.0668148735071       -0.197198981123       0.00967241332796      -0.112001668009       
1.71023906627         0.0645421508583       -0.193866979669       0.0645421508583       -0.193866979669       0.00907554878894      -0.110153807685       
1.71989776406         0.0622846592851       -0.190480326881       0.0622846592851       -0.190480326881       0.0084874112785       -0.108273585455       
1.72955646185         0.0600436685147       -0.187060023912       0.0600436685147       -0.187060023912       0.0079046370726       -0.106372832379       
1.73921515964         0.0578374450266       -0.183625748135       0.0578374450266       -0.183625748135       0.00733611795208      -0.104462811028       
1.74887385744         0.0556564302594       -0.180178867123       0.0556564302594       -0.180178867123       0.0067751083715       -0.1025443814         
1.75853255523         0.0535111412887       -0.17673075008        0.0535111412887       -0.17673075008        0.00622610187259      -0.100623703452       
1.76819125302         0.0513883588918       -0.173282365583       0.0513883588918       -0.173282365583       0.00568203074684      -0.0987019914562      
1.77784995081         0.0493024384012       -0.169834407706       0.0493024384012       -0.169834407706       0.00514956797673      -0.0967788214328      
1.7875086486          0.0472371632103       -0.166382578164       0.0472371632103       -0.166382578164       0.00462069537863      -0.0948540541105      
1.79716734639         0.0452186278003       -0.162942349648       0.0452186278003       -0.162942349648       0.00410679007426      -0.0929338211625      
1.80682604418         0.0432421318949       -0.15951795842        0.0432421318949       -0.15951795842        0.00360622471801      -0.0910208278206      
1.81648474197         0.0413043893343       -0.156110729257       0.0413043893343       -0.156110729257       0.00311638076598      -0.0891160099261      
1.82614343976         0.0394136920086       -0.152714759905       0.0394136920086       -0.152714759905       0.0026433322027       -0.0872160196372      
1.83580213755         0.0375610165489       -0.149340091992       0.0375610165489       -0.149340091992       0.00218059121556      -0.0853265974915      
1.84546083534         0.0357533801952       -0.14598779744        0.0357533801952       -0.14598779744        0.00173243867439      -0.0834484459272      
1.85511953314         0.033982705729        -0.142657226882       0.033982705729        -0.142657226882       0.00129436021353      -0.0815812358758      
1.86477823093         0.0322603807218       -0.139355288237       0.0322603807218       -0.139355288237       0.000872393315737     -0.0797287208796      
1.87443692872         0.0305807383616       -0.136080133017       0.0305807383616       -0.136080133017       0.000463511445334     -0.0778901211701      
1.88409562651         0.0289428093912       -0.132833160574       0.0289428093912       -0.132833160574       6.74872862007e-05     -0.0760662023288      
1.8937543243          0.027345134808        -0.129627735634       0.027345134808        -0.129627735634       -0.000317453823119    -0.0742648618394      
1.90341302209         0.0257980312202       -0.126429145467       0.0257980312202       -0.126429145467       -0.000683903641679    -0.072466543713       
1.91307171988         0.0242910727857       -0.123272071773       0.0242910727857       -0.123272071773       -0.00103973848609     -0.0706902068067      
1.92273041767         0.0228310441579       -0.120155206664       0.0228310441579       -0.120155206664       -0.00138024692821     -0.0689353484057      
1.93238911546         0.0214069108936       -0.11707318428        0.0214069108936       -0.11707318428        -0.00171085545854     -0.0671990129138      
1.94204781325         0.0200428945659       -0.114035222417       0.0200428945659       -0.114035222417       -0.00202011657202     -0.0654863896901      
1.95170651105         0.0187120950634       -0.111039427206       0.0187120950634       -0.111039427206       -0.00232073394003     -0.0637969527984      
1.96136520884         0.0174219474324       -0.108072831159       0.0174219474324       -0.108072831159       -0.00260921627143     -0.062122303621       
1.97102390663         0.0161724227632       -0.105151940849       0.0161724227632       -0.105151940849       -0.00288567614553     -0.0604728101333      
1.98068260442         0.0149626508037       -0.102272178172       0.0149626508037       -0.102272178172       -0.00315037160115     -0.0588456220956      
1.99034130221         0.0137866490335       -0.0994286249082      0.0137866490335       -0.0994286249082      -0.00340611815635     -0.057238456415       
2                     0.0126552880871       -0.0966250240656      0.0126552880871       -0.0966250240656      -0.00364792417606     -0.0556529714129      
2.001                 0.012540866355        -0.0963370581997      0.012540866355        -0.0963370581997      -0.00367207791502     -0.0554900316108      
2.2778207283          -0.00492561562831     -0.0348148624779      -0.00492561562831     -0.0348148624779      -0.00604849709332     -0.0203981747434      
2.5546414566          -0.0044033696275      -0.006272211656       -0.0044033696275      -0.006272211656       -0.00317275123638     -0.00378100896123     
2.8314621849          -0.000153153764842    -3.17190345202e-05    -0.000153153764842    -3.17190345202e-05    -0.000110488776839    -2.0998083645e-05     
2.8324621849          -0.000148447336982    -3.04551741304e-05    -0.000148447336982    -3.04551741304e-05    -0.00010713853714     -2.01675828836e-05    
2.8494621849          -8.04811330429e-05    -1.34994442633e-05    -8.04811330429e-05    -1.34994442633e-05    -5.84989120064e-05    -8.96160578992e-06    
2.8664621849          -3.33662630587e-05    -3.21202676634e-06    -3.33662630587e-05    -3.21202676634e-06    -2.44143753354e-05    -2.0775261794e-06     
2.8834621849          -5.49290911241e-06    2.54236696625e-06     -5.49290911241e-06    2.54236696625e-06     -4.02502531628e-06    1.82923477494e-06     
2.9004621849          3.0282696648e-08      1.108882946e-05       3.0282696648e-08      1.108882946e-05       4.23409904573e-08     8.04124508458e-06     
2.9174621849          1.25876979939e-07     3.16789418729e-05     1.25876979939e-07     3.16789418729e-05     9.74179089714e-08     2.34864004361e-05     
2.9344621849          1.75603729495e-07     5.4635294705e-05      1.75603729495e-07     5.4635294705e-05      1.21973272244e-07     4.10150614896e-05     
2.9514621849          1.92152750469e-07     7.71508404572e-05     1.92152750469e-07     7.71508404572e-05     1.25853501258e-07     5.84993110953e-05     
2.9524621849          1.92346076776e-07     7.8431414854e-05      1.92346076776e-07     7.8431414854e-05      1.25614684082e-07     5.95028175194e-05     
3.13190995137         -2.69478829953e-08    0.000179106819673     -2.69478829953e-08    0.000179106819673     -2.72816833645e-08    0.000146798587958     
3.31135771785         -2.09212762437e-08    0.000122499201515     -2.09212762437e-08    0.000122499201515     -1.27659210498e-08    0.000107148165588     
3.49080548432         4.91505962651e-09     5.31731686604e-05     4.91505962651e-09     5.31731686604e-05     4.41317697207e-09     4.94473003968e-05     
3.6702532508          1.38743281997e-09     1.44474683131e-05     1.38743281997e-09     1.44474683131e-05     8.93829593553e-10     1.42630407622e-05     
3.84970101727         -4.35510642542e-10    1.14149993587e-06     -4.35510642542e-10    1.14149993587e-06     -3.47558639512e-10    1.19640880081e-06     
4.02914878375         1.12298139266e-06     1.63996755007e-09     1.12298139266e-06     1.63996755007e-09     1.25260117154e-06     -4.22537140821e-10    
4.20859655022         2.11329449857e-06     6.81150959727e-09     2.11329449857e-06     6.81150959727e-09     2.50540169205e-06     -1.16927713505e-08    
4.3880443167          1.76894747926e-06     1.01538748797e-08     1.76894747926e-06     1.01538748797e-08     2.22565665778e-06     -2.03101736286e-08    
4.56749208317         1.07784523327e-06     9.78789777844e-09     1.07784523327e-06     9.78789777844e-09     1.43871173413e-06     -1.90983831951e-08    
4.74693984965         5.39524677983e-07     7.18810274564e-09     5.39524677983e-07     7.18810274564e-09     7.64279380646e-07     -1.30121789621e-08    
4.92638761612         2.33119301847e-07     4.32577288861e-09     2.33119301847e-07     4.32577288861e-09     3.50745321982e-07     -7.14107515356e-09    
5.1058353826          8.91791361027e-08     2.21948193219e-09     8.91791361027e-08     2.21948193219e-09     1.42685516527e-07     -3.33439364654e-09    
5.28528314907         3.06530421854e-08     9.94699071714e-10     3.06530421854e-08     9.94699071714e-10     5.22394013306e-08     -1.35696715856e-09    
5.46473091555         9.55559552201e-09     3.95655122551e-10     9.55559552201e-09     3.95655122551e-10     1.73799478512e-08     -4.92024551007e-10    
5.64417868202         2.71841793907e-09     1.41239174666e-10     2.71841793907e-09     1.41239174666e-10     5.28932460361e-09     -1.60366202846e-10    
5.8236264485          7.08782203851e-10     4.56153196566e-11     7.08782203851e-10     4.56153196566e-11     1.47952797748e-09     -4.74167896971e-11    
6.00307421497         1.69885081329e-10     1.34094022062e-11     1.69885081329e-10     1.34094022062e-11     3.8169134291e-10      -1.28098648773e-11    
6.18252198145         3.75108773685e-11     3.60471522077e-12     3.75108773685e-11     3.60471522077e-12     9.1059504916e-11      -3.17193603371e-12    
6.36196974792         7.64070387944e-12     8.89368559685e-13     7.64070387944e-12     8.89368559685e-13     2.01310423253e-11     -7.22476751018e-13    
6.54141751439         1.43702086582e-12     2.01985209242e-13     1.43702086582e-12     2.01985209242e-13     4.13107241533e-12     -1.51795716639e-13    
6.72086528087         2.4963332208e-13      4.23271160918e-14     2.4963332208e-13      4.23271160918e-14     7.87937215725e-13     -2.95096624756e-14    
6.90031304734         4.00761207235e-14     8.20587163219e-15     4.00761207235e-14     8.20587163219e-15     1.39930982836e-13     -5.31660778053e-15    
7.07976081382         5.90791811298e-15     1.46577845751e-15     5.90791811298e-15     1.46577845751e-15     2.30276918394e-14     -8.83917054764e-16    
7.25920858029         8.36717931359e-16     2.5308720923e-16      8.36717931359e-16     2.5308720923e-16      3.68177275994e-15     -1.42247221034e-16    
7.43865634677         7.1491238797e-17      2.66173135543e-17     7.1491238797e-17      2.66173135543e-17     3.60198184419e-16     -1.39603362457e-17    
7.61810411324         1.44358830999e-17     6.71060249564e-18     1.44358830999e-17     6.71060249564e-18     8.4824483199e-17      -3.28785125145e-18    
7.79755187972         6.05970417331e-17     3.59167371708e-17     6.05970417331e-17     3.59167371708e-17     4.25662375975e-16     -1.6454722892e-17     
7.97699964619         1.14300934001e-17     8.916033259e-18       1.14300934001e-17     8.916033259e-18       9.94083527255e-17     -3.82384057588e-18    
8.15644741267         9.42057617765e-18     1.01708885117e-17     9.42057617765e-18     1.01708885117e-17     1.07013501737e-16     -4.08599747704e-18    
8.33589517914         7.06063079671e-18     1.15312276912e-17     7.06063079671e-18     1.15312276912e-17     1.14820112301e-16     -4.34156848409e-18    
8.51534294562         4.34170799491e-18     1.2999897039e-17      4.34170799491e-18     1.2999897039e-17      1.22823098066e-16     -4.58890713337e-18    
8.69479071209         1.25594050911e-18     1.45795950567e-17     1.25594050911e-18     1.45795950567e-17     1.31017700145e-16     -4.82642912452e-18    
8.87423847857         -2.20392027533e-18    1.62728803437e-17     -2.20392027533e-18    1.62728803437e-17     1.39399480274e-16     -5.05261191376e-18    
9.05368624504         -6.04456110922e-18    1.80821791763e-17     -6.04456110922e-18    1.80821791763e-17     1.47964302662e-16     -5.26599381619e-18    
9.23313401152         -1.02721578251e-17    2.00097927914e-17     -1.02721578251e-17    2.00097927914e-17     1.56708315214e-16     -5.46517273838e-18    
9.41258177799         -1.48924210898e-17    2.20579043518e-17     -1.48924210898e-17    2.20579043518e-17     1.65627933712e-16     -5.64880463829e-18    
9.59202954447         -1.99106375365e-17    2.42285855828e-17     -1.99106375365e-17    2.42285855828e-17     1.74719834409e-16     -5.81560178981e-18    
9.77147731094         -2.53317067854e-17    2.65238030731e-17     -2.53317067854e-17    2.65238030731e-17     1.83980981707e-16     -5.96433091371e-18    
9.95092507741         -3.11601748009e-17    2.89454242444e-17     -3.11601748009e-17    2.89454242444e-17     1.9340889049e-16      -6.0942705414e-18     
10.1303728439         -3.74002639836e-17    3.14952229935e-17     -3.74002639836e-17    3.14952229935e-17     2.02999551988e-16     -6.2046982255e-18     
10.3098206104         -4.40559003499e-17    3.41748850174e-17     -4.40559003499e-17    3.41748850174e-17     2.12750577774e-16     -6.29376953262e-18    
10.4892683768         -5.11307381084e-17    3.6986012832e-17      -5.11307381084e-17    3.6986012832e-17      2.22659670347e-16     -6.36044918334e-18    
10.6687161433         -5.86281819112e-17    3.99301304977e-17     -5.86281819112e-17    3.99301304977e-17     2.32724592688e-16     -6.40374628391e-18    
10.8481639098         -6.65514070232e-17    4.3008688064e-17      -6.65514070232e-17    4.3008688064e-17      2.42943225127e-16     -6.42271239256e-18    
11.0276116763         -7.49033776254e-17    4.62230657486e-17     -7.49033776254e-17    4.62230657486e-17     2.53313568642e-16     -6.41643963429e-18    
11.2070594427         -8.36868634457e-17    4.95745778646e-17     -8.36868634457e-17    4.95745778646e-17     2.63833740154e-16     -6.38405887138e-18    
11.3865072092         -9.29044548868e-17    5.3064476509e-17      -9.29044548868e-17    5.3064476509e-17      2.74501966027e-16     -6.32473793507e-18    
11.5659549757         -1.02558576803e-16    5.6693955027e-17      -1.02558576803e-16    5.6693955027e-17      2.85316575259e-16     -6.23767992168e-18    
11.7454027422         -1.12651501061e-16    6.04641512651e-17     -1.12651501061e-16    6.04641512651e-17     2.96275992882e-16     -6.12212155529e-18    
11.9248505086         -1.23185358006e-16    6.43761506256e-17     -1.23185358006e-16    6.43761506256e-17     3.07378733705e-16     -5.97733161777e-18    
12.1042982751         -1.34162146937e-16    6.84309889347e-17     -1.34162146937e-16    6.84309889347e-17     3.18623396477e-16     -5.80260944628e-18    
12.2837460416         -1.4558374569e-16     7.26296551361e-17     -1.4558374569e-16     7.26296551361e-17     3.30008658467e-16     -5.59728349742e-18    
12.4631938081         -1.57451919416e-16    7.69730938203e-17     -1.57451919416e-16    7.69730938203e-17     3.41533270472e-16     -5.36070997699e-18    
12.6426415745         -1.69768328624e-16    8.14622076014e-17     -1.69768328624e-16    8.14622076014e-17     3.53196052245e-16     -5.0922715337e-18     
12.822089341          -1.82534536564e-16    8.60978593492e-17     -1.82534536564e-16    8.60978593492e-17     3.64995888345e-16     -4.79137601489e-18    
13.0015371075         -1.95752016008e-16    9.0880874288e-17      -1.95752016008e-16    9.0880874288e-17      3.76931724459e-16     -4.45745528239e-18    
13.180984874          -2.09422155489e-16    9.58120419687e-17     -2.09422155489e-16    9.58120419687e-17     3.89002564285e-16     -4.08996408602e-18    
13.3604326404         -2.23546265035e-16    1.00892118124e-16     -2.23546265035e-16    1.00892118124e-16     4.0120746725e-16      -3.68837899274e-18    
13.5398804069         -2.3812558146e-16     1.06121826413e-16     -2.3812558146e-16     1.06121826413e-16     4.13545547766e-16     -3.25219736889e-18    
13.7193281734         -2.53161273236e-16    1.11501860064e-16     -2.53161273236e-16    1.11501860064e-16     4.26015978464e-16     -2.78093641328e-18    
13.8987759399         -2.68654444998e-16    1.17032883418e-16     -2.68654444998e-16    1.17032883418e-16     4.38618009271e-16     -2.27413223875e-18    
14.0782237063         -2.84606141699e-16    1.22715533385e-16     -2.84606141699e-16    1.22715533385e-16     4.51351187208e-16     -1.7314804922e-18     
14.2576714728         -3.01017352452e-16    1.28550420816e-16     -3.01017352452e-16    1.28550420816e-16     4.64214072928e-16     -1.15314802135e-18    
14.4371192393         -3.17889014092e-16    1.34538131795e-16     -3.17889014092e-16    1.34538131795e-16     4.77205924082e-16     -5.38022320517e-19    
14.6165670058         -3.35222014465e-16    1.40679228853e-16     -3.35222014465e-16    1.40679228853e-16     4.90326214389e-16     1.14293303648e-19     
14.7960147722         -3.53017195489e-16    1.46974252124e-16     -3.53017195489e-16    1.46974252124e-16     5.03574349416e-16     8.04180579281e-19     
14.9754625387         -3.71275355984e-16    1.5342372042e-16      -3.71275355984e-16    1.5342372042e-16      5.16949744566e-16     1.53200694187e-18     
15.1549103052         -3.89997254305e-16    1.60028132263e-16     -3.89997254305e-16    1.60028132263e-16     5.30451835855e-16     2.29812617296e-18     
15.3343580717         -4.09183610786e-16    1.66787966844e-16     -4.09183610786e-16    1.66787966844e-16     5.44080082299e-16     3.10287900679e-18     
15.5138058381         -4.28835110012e-16    1.7370368494e-16      -4.28835110012e-16    1.7370368494e-16      5.5783396609e-16      3.94659370659e-18     
15.6932536046         -4.48952402941e-16    1.80775729774e-16     -4.48952402941e-16    1.80775729774e-16     5.71712992029e-16     4.82958661203e-18     
15.8727013711         -4.69536108869e-16    1.88004527831e-16     -4.69536108869e-16    1.88004527831e-16     5.8571668666e-16      5.7521626595e-18      
16.0521491376         -4.9058681727e-16     1.95390489631e-16     -4.9058681727e-16     1.95390489631e-16     5.99844597319e-16     6.71461587656e-18     
16.231596904          -5.12105089509e-16    2.02934010455e-16     -5.12105089509e-16    2.02934010455e-16     6.14096291145e-16     7.71722985193e-18     
16.4110446705         -5.34091460438e-16    2.1063547104e-16      -5.34091460438e-16    2.1063547104e-16      6.28471354119e-16     8.76027818243e-18     
16.590492437          -5.56546439896e-16    2.18495238232e-16     -5.56546439896e-16    2.18495238232e-16     6.42969390124e-16     9.84402489796e-18     
16.7699402035         -5.79470514098e-16    2.26513665603e-16     -5.79470514098e-16    2.26513665603e-16     6.57590020049e-16     1.09687248659e-17     
16.9493879699         -6.02864146946e-16    2.34691094043e-16     -6.02864146946e-16    2.34691094043e-16     6.7233288094e-16      1.21346241755e-17     
17.1288357364         -6.26727781247e-16    2.43027852313e-16     -6.26727781247e-16    2.43027852313e-16     6.87197625184e-16     1.33419605044e-17     
17.3082835029         -6.51061839859e-16    2.51524257576e-16     -6.51061839859e-16    2.51524257576e-16     7.02183919751e-16     1.45909634667e-17     
17.4877312694         -6.75866726762e-16    2.60180615897e-16     -6.75866726762e-16    2.60180615897e-16     7.17291445462e-16     1.58818549453e-17     
17.6671790358         -7.01142828065e-16    2.68997222719e-16     -7.01142828065e-16    2.68997222719e-16     7.32519896309e-16     1.72148494075e-17     
17.8466268023         -7.26890512946e-16    2.77974363316e-16     -7.26890512946e-16    2.77974363316e-16     7.47868978808e-16     1.85901542063e-17     
18.0260745688         -7.5311013454e-16     2.87112313221e-16     -7.5311013454e-16     2.87112313221e-16     7.63338411388e-16     2.00079698674e-17     
18.2055223353         -7.79802030769e-16    2.96411338635e-16     -7.79802030769e-16    2.96411338635e-16     7.78927923814e-16     2.1468490363e-17      
18.3849701017         -8.06966525124e-16    3.05871696815e-16     -8.06966525124e-16    3.05871696815e-16     7.94637256646e-16     2.2971903372e-17      
18.5644178682         -8.34603927401e-16    3.15493636441e-16     -8.34603927401e-16    3.15493636441e-16     8.1046616072e-16      2.45183905292e-17     
18.7438656347         -8.6271453439e-16     3.25277397971e-16     -8.6271453439e-16     3.25277397971e-16     8.26414396666e-16     2.61081276628e-17     
18.9233134012         -8.91298630525e-16    3.35223213971e-16     -8.91298630525e-16    3.35223213971e-16     8.42481734446e-16     2.77412850201e-17     
19.1027611676         -9.20356488501e-16    3.45331309435e-16     -9.20356488501e-16    3.45331309435e-16     8.58667952924e-16     2.94180274848e-17     
19.2822089341         -9.49888369851e-16    3.5560190209e-16      -9.49888369851e-16    3.5560190209e-16      8.74972839452e-16     3.11385147822e-17     
19.4616567006         -9.79894525485e-16    3.66035202681e-16     -9.79894525485e-16    3.66035202681e-16     8.91396189483e-16     3.29029016774e-17     
19.6411044671         -1.01037519621e-15    3.76631415247e-16     -1.01037519621e-15    3.76631415247e-16     9.07937806206e-16     3.47113381629e-17     
19.8205522335         -1.04133061322e-15    3.87390737387e-16     -1.04133061322e-15    3.87390737387e-16     9.24597500197e-16     3.65639696391e-17     
20                    0                     0                     0                     0                     0                     0                     
