0.0779191396          0                     0                     0                     0                     0                     0                     
0.0876524311624       0.490444693756        -0.209458314786       0.490444693756        -0.209458314786       0.0326061625865       -0.0384401260621      
0.0973857227248       1.88667030243         -1.22502393564        1.88667030243         -1.22502393564        0.081619656942        -0.223720874861       
0.107119014287        3.30235615575         -2.6197502121         3.30235615575         -2.6197502121         0.0608075673574       -0.479442284361       
0.11685230585         4.38671405489         -3.93295740406        4.38671405489         -3.93295740406        -0.0194093936077      -0.720658637225       
0.126585597412        5.10140367311         -4.98825442596        5.10140367311         -4.98825442596        -0.127358909031       -0.913899628404       
0.136318888974        5.50461350903         -5.75827237546        5.50461350903         -5.75827237546        -0.238882412003       -1.05380411347        
0.146052180537        5.6710504335          -6.27396514028        5.6710504335          -6.27396514028        -0.339337022566       -1.14702874082        
0.155785472099        5.66761048672         -6.58261170845        5.66761048672         -6.58261170845        -0.422059734894       -1.20290607741        
0.165518763662        5.54765482541         -6.73061080109        5.54765482541         -6.73061080109        -0.485149525464       -1.23034649829        
0.175252055224        5.35089452985         -6.75841099929        5.35089452985         -6.75841099929        -0.530347594192       -1.23601445968        
0.184985346786        5.10625520772         -6.69782176415        5.10625520772         -6.69782176415        -0.560113214582       -1.22538985094        
0.194718638349        4.83411231248         -6.5737408053         4.83411231248         -6.5737408053         -0.577069781608       -1.20293180891        
0.204451929911        4.54919483172         -6.40550395422        4.54919483172         -6.40550395422        -0.583749648706       -1.17218250817        
0.214185221474        4.26154880116         -6.20754751711        4.26154880116         -6.20754751711        -0.58239856275        -1.13582716874        
0.223918513036        3.97784188856         -5.99059233639        3.97784188856         -5.99059233639        -0.574964461908       -1.09588856674        
0.233651804598        3.70258605748         -5.76273487036        3.70258605748         -5.76273487036        -0.563003933287       -1.05392390805        
0.243385096161        3.43857642576         -5.52993062424        3.43857642576         -5.52993062424        -0.54776088053        -1.0111184932         
0.253118387723        3.18759277107         -5.29652803036        3.18759277107         -5.29652803036        -0.530216230558       -0.968367180568       
0.262851679286        2.95039327555         -5.06560855269        2.95039327555         -5.06560855269        -0.511016940734       -0.926321716951       
0.272584970848        2.72712339507         -4.83933503937        2.72712339507         -4.83933503937        -0.491069813979       -0.88511048954        
0.28231826241         2.51740781292         -4.61919030213        2.51740781292         -4.61919030213        -0.470909559847       -0.845020366784       
0.292051553973        2.32131131722         -4.40589397503        2.32131131722         -4.40589397503        -0.450789012579       -0.806236623765       
0.301784845535        2.13849550589         -4.20032728867        2.13849550589         -4.20032728867        -0.430997280848       -0.768813808998       
0.311518137098        1.96823980429         -4.00275396079        1.96823980429         -4.00275396079        -0.411756279703       -0.732761952724       
0.32125142866         1.80994697779         -3.81363451271        1.80994697779         -3.81363451271        -0.393201718238       -0.698167365862       
0.330984720222        1.66269846164         -3.63265950508        1.66269846164         -3.63265950508        -0.3754093451         -0.664976974323       
0.340718011785        1.52597972474         -3.46026905814        1.52597972474         -3.46026905814        -0.358422160115       -0.633289335006       
0.350451303347        1.39907311213         -3.29517110338        1.39907311213         -3.29517110338        -0.342191391517       -0.602899177778       
0.36018459491         1.28118777193         -3.13824220813        1.28118777193         -3.13824220813        -0.326787711344       -0.573970358386       
0.369917886472        1.17154247932         -2.98853028804        1.17154247932         -2.98853028804        -0.312165688822       -0.546363671665       
0.379651178034        1.06998184638         -2.84601194332        1.06998184638         -2.84601194332        -0.298294646289       -0.520060373586       
0.389384469597        0.97589054641         -2.71031098718        0.97589054641         -2.71031098718        -0.285127272626       -0.495001761196       
0.399117761159        0.888627916522        -2.58121946827        0.888627916522        -2.58121946827        -0.272650324635       -0.471154511047       
0.408851052722        0.807700940019        -2.45837183319        0.807700940019        -2.45837183319        -0.260835626616       -0.448457573232       
0.418584344284        0.732609771877        -2.3414777365         0.732609771877        -2.3414777365         -0.24965047557        -0.426861617816       
0.428317635846        0.66289576228         -2.23019050836        0.66289576228         -2.23019050836        -0.239058157194       -0.406309242258       
0.438050927409        0.598249251452        -2.12420169788        0.598249251452        -2.12420169788        -0.229030832455       -0.386748181129       
0.447784218971        0.538400715359        -2.02317011066        0.538400715359        -2.02317011066        -0.21951149739        -0.368108388982       
0.457517510534        0.48295344145         -1.92702148254        0.48295344145         -1.92702148254        -0.210489911693       -0.350376634668       
0.467250802096        0.431584181917        -1.835381844          0.431584181917        -1.835381844          -0.201920980466       -0.333487742087       
0.476984093658        0.383966828062        -1.74814637366        0.383966828062        -1.74814637366        -0.193795483727       -0.317421849364       
0.486717385221        0.339817202825        -1.66488807789        0.339817202825        -1.66488807789        -0.186077093336       -0.302107449947       
0.496450676783        0.298997440085        -1.58554201982        0.298997440085        -1.58554201982        -0.178738342771       -0.287523025552       
0.506183968346        0.261258364147        -1.50988174525        0.261258364147        -1.50988174525        -0.171755732912       -0.273626471081       
0.515917259908        0.226289696539        -1.43768662702        0.226289696539        -1.43768662702        -0.165115005272       -0.260378175441       
0.52565055147         0.19394010683         -1.36879897348        0.19394010683         -1.36879897348        -0.158789569425       -0.247751967693       
0.535383843033        0.16408394624         -1.30302950272        0.16408394624         -1.30302950272        -0.152758816489       -0.235708816186       
0.545117134595        0.136512091752        -1.24024087793        0.136512091752        -1.24024087793        -0.147006350442       -0.224222618506       
0.554850426158        0.111080148212        -1.18025398545        0.111080148212        -1.18025398545        -0.141512987334       -0.213260207763       
0.56458371772         0.087631687696        -1.12318388828        0.087631687696        -1.12318388828        -0.136290929838       -0.202841373042       
0.574317009282        0.066091460904        -1.0683344754         0.066091460904        -1.0683344754         -0.131245604239       -0.192836447183       
0.584050300845        0.0462311219856       -1.01580694415        0.0462311219856       -1.01580694415        -0.126435903231       -0.183271181262       
0.593783592407        0.0280326616383       -0.965755410188       0.0280326616383       -0.965755410188       -0.121830109119       -0.174164093302       
0.60351688397         0.0113444308777       -0.917885946134       0.0113444308777       -0.917885946134       -0.117414634284       -0.165462505657       
0.613250175532        -0.00392378503739     -0.872107186866       -0.00392378503739     -0.872107186866       -0.113179060967       -0.157150216209       
0.622983467094        -0.0178533810573      -0.828296911349       -0.0178533810573      -0.828296911349       -0.109107907455       -0.149202849249       
0.632716758657        -0.030544249333       -0.786386971386       -0.030544249333       -0.786386971386       -0.105196211499       -0.141608182838       
0.642450050219        -0.0420834987292      -0.746288279954       -0.0420834987292      -0.746288279954       -0.101435729594       -0.134348894222       
0.652183341782        -0.0525454603935      -0.707864994315       -0.0525454603935      -0.707864994315       -0.0978135169945      -0.127398802264       
0.661916633344        -0.0619528205609      -0.671112359341       -0.0619528205609      -0.671112359341       -0.0943222123984      -0.120757700917       
0.671649924906        -0.0704185047273      -0.635916227702       -0.0704185047273      -0.635916227702       -0.0909554528056      -0.114404290612       
0.681383216469        -0.0779924711284      -0.602212909082       -0.0779924711284      -0.602212909082       -0.0877067028045      -0.108326026305       
0.691116508031        -0.0847253990012      -0.569934506741       -0.0847253990012      -0.569934506741       -0.084568779871       -0.102509766057       
0.700849799594        -0.0906744051934      -0.539059457342       -0.0906744051934      -0.539059457342       -0.0815409938517      -0.0969511250866      
0.710583091156        -0.0958820132607      -0.509414502891       -0.0958820132607      -0.509414502891       -0.0786027430217      -0.0916184029176      
0.720316382718        -0.100399534117       -0.481059017313       -0.100399534117       -0.481059017313       -0.0757637315443      -0.0865217535639      
0.730049674281        -0.104271900786       -0.453892655707       -0.104271900786       -0.453892655707       -0.07301393648        -0.0816423515096      
0.739782965843        -0.107515326362       -0.427862365521       -0.107515326362       -0.427862365521       -0.0703439370108      -0.0769703982013      
0.749516257406        -0.110189897952       -0.402954771483       -0.110189897952       -0.402954771483       -0.0677571261367      -0.0725034896865      
0.759249548968        -0.112316132271       -0.379072146963       -0.112316132271       -0.379072146963       -0.0652404827182      -0.0682230897606      
0.76898284053         -0.113935666455       -0.356216582058       -0.113935666455       -0.356216582058       -0.0627969187939      -0.064129183621       
0.778716132093        -0.115065524729       -0.33435064093        -0.115065524729       -0.33435064093        -0.0604192396322      -0.0602147324877      
0.788449423655        -0.115762727214       -0.313388306635       -0.115762727214       -0.313388306635       -0.0581074204846      -0.0564638065189      
0.798182715218        -0.116022841055       -0.293338789038       -0.116022841055       -0.293338789038       -0.0558544823835      -0.0528777637295      
0.80791600678         -0.115875639372       -0.274152147501       -0.115875639372       -0.274152147501       -0.0536563055905      -0.0494477544805      
0.817649298342        -0.115346360149       -0.255812921832       -0.115346360149       -0.255812921832       -0.0515123322622      -0.0461702375735      
0.827382589905        -0.114464772773       -0.238283504594       -0.114464772773       -0.238283504594       -0.0494204304822      -0.0430381861694      
0.837115881467        -0.113245055074       -0.221538435973       -0.113245055074       -0.221538435973       -0.0473768328735      -0.0400468366243      
0.84684917303         -0.111702897825       -0.205541750246       -0.111702897825       -0.205541750246       -0.0453775002511      -0.0371894624541      
0.856582464592        -0.109859671331       -0.190285402542       -0.109859671331       -0.190285402542       -0.0434218178122      -0.0344645658705      
0.866315756154        -0.107730853456       -0.175742718108       -0.107730853456       -0.175742718108       -0.0415069250632      -0.0318670226897      
0.876049047717        -0.105338330758       -0.16189744752        -0.105338330758       -0.16189744752        -0.0396319931215      -0.0293935865206      
0.885782339279        -0.102693224096       -0.148725311417       -0.102693224096       -0.148725311417       -0.0377938321265      -0.0270397542371      
0.895515630842        -0.0998148046699      -0.136221021073       -0.0998148046699      -0.136221021073       -0.0359923424662      -0.0248045164493      
0.905248922404        -0.0967099573651      -0.124357722885       -0.0967099573651      -0.124357722885       -0.034223008866       -0.022682844926       
0.914982213966        -0.0934025792276      -0.1131310744         -0.0934025792276      -0.1131310744         -0.032487227221       -0.0206736301284      
0.924715505529        -0.0899056399085      -0.102526622891       -0.0899056399085      -0.102526622891       -0.0307831546235      -0.0187742608123      
0.934448797091        -0.0862335620358      -0.0925382870338      -0.0862335620358      -0.0925382870338      -0.0291097795004      -0.0169835903083      
0.944182088654        -0.0824056620383      -0.083156659747       -0.0824056620383      -0.083156659747       -0.0274671954525      -0.0152996813285      
0.953915380216        -0.078436284656       -0.0743710209769      -0.078436284656       -0.0743710209769      -0.025854034955       -0.013720543929       
0.963648671778        -0.0743427553405      -0.0661764079438      -0.0743427553405      -0.0661764079438      -0.0242699923221      -0.0122452669422      
0.973381963341        -0.070140458338       -0.0585607493649      -0.070140458338       -0.0585607493649      -0.0227137646532      -0.010871529988       
0.983115254903        -0.0657884227054      -0.0514702974916      -0.0657884227054      -0.0514702974916      -0.0211658708633      -0.00958940031916     
0.992848546466        -0.0612629257482      -0.0448724522933      -0.0612629257482      -0.0448724522933      -0.0196123714308      -0.00839270976047     
1.00258183803         -0.0568005384584      -0.038917747067       -0.0568005384584      -0.038917747067       -0.0181221740299      -0.00730973135292     
1.01231512959         -0.052414556677       -0.0335702728269      -0.052414556677       -0.0335702728269      -0.0166920181386      -0.00633409965011     
1.02204842115         -0.0481339993245      -0.0288027293076      -0.0481339993245      -0.0288027293076      -0.0153237450923      -0.00546116603609     
1.03178171272         -0.0439873947155      -0.0245838931262      -0.0439873947155      -0.0245838931262      -0.014019445257       -0.00468561818275     
1.04151500428         -0.040003681893       -0.0208799055224      -0.040003681893       -0.0208799055224      -0.0127817385178      -0.0040016925458      
1.05124829584         -0.0362020442606      -0.0176494687357      -0.0362020442606      -0.0176494687357      -0.0116108327668      -0.00340228245546     
1.0609815874          -0.0326080542621      -0.0148541634236      -0.0326080542621      -0.0148541634236      -0.0105098465378      -0.0028808736954      
1.07071487896         -0.0292336587957      -0.0124497884814      -0.0292336587957      -0.0124497884814      -0.00947853007857     -0.00242982765094     
1.08044817053         -0.0260894384693      -0.0103940031799      -0.0260894384693      -0.0103940031799      -0.00851719673038     -0.00204184069034     
1.09018146209         -0.0231796925508      -0.00864521812793     -0.0231796925508      -0.00864521812793     -0.00762510951317     -0.00170968692246     
1.09991475365         -0.020500597565       -0.00716320435549     -0.020500597565       -0.00716320435549     -0.0067997499577      -0.00142632086538     
1.10964804521         -0.0180481121467      -0.00591230230774     -0.0180481121467      -0.00591230230774     -0.00603923575477     -0.00118547685223     
1.11938133678         -0.0158144006438      -0.00486008452007     -0.0158144006438      -0.00486008452007     -0.00534098668445     -0.000981429014711    
1.12911462834         -0.0137879272758      -0.00397739912912     -0.0137879272758      -0.00397739912912     -0.00470162343361     -0.000808985497007    
1.1388479199          -0.0119573917324      -0.00323926910315     -0.0119573917324      -0.00323926910315     -0.00411809538062     -0.000663682129735    
1.14858121146         -0.0103088997879      -0.00262343334439     -0.0103088997879      -0.00262343334439     -0.00358666944609     -0.000541500988788    
1.15831450303         -0.0088309960967      -0.00211151830403     -0.0088309960967      -0.00211151830403     -0.00310453052205     -0.000439120059854    
1.16804779459         -0.00751026265442     -0.00168724218504     -0.00751026265442     -0.00168724218504     -0.00266820985041     -0.000353566222746    
1.17778108615         -0.00633448903938     -0.00133692786292     -0.00633448903938     -0.00133692786292     -0.00227464519605     -0.000282328151298    
1.18751437771         -0.00529095812437     -0.00104871216187     -0.00529095812437     -0.00104871216187     -0.00192053332124     -0.000223205414452    
1.19724766928         -0.00437173720401     -0.000813304132006    -0.00437173720401     -0.000813304132006    -0.0016042320288      -0.000174484434304    
1.20698096084         -0.00356340827854     -0.00062168469504     -0.00356340827854     -0.00062168469504     -0.00132202180294     -0.00013445678272     
1.2167142524          -0.00285744917665     -0.000466921573325    -0.00285744917665     -0.000466921573325    -0.00107187202466     -0.000101816522357    
1.22644754396         -0.00224513417318     -0.000342976594231    -0.00224513417318     -0.000342976594231    -0.00085158749323     -7.54124912722e-05    
1.23618083553         -0.00171844981604     -0.000244715737277    -0.00171844981604     -0.000244715737277    -0.000659147932322    -5.42574854677e-05    
1.24591412709         -0.00127036039561     -0.00016781305879     -0.00127036039561     -0.00016781305879     -0.000492815565381    -3.7513571658e-05     
1.25564741865         -0.000894534357622    -0.000108581640839    -0.000894534357622    -0.000108581640839    -0.000351041659758    -2.44593385431e-05    
1.26538071021         -0.000585608527349    -6.39015800166e-05    -0.000585608527349    -6.39015800166e-05    -0.00023258202236     -1.4478845826e-05     
1.27511400178         -0.000339469687133    -3.11366468327e-05    -0.000339469687133    -3.11366468327e-05    -0.000136628425905    -7.04674104487e-06    
1.28484729334         -0.000153836999776    -8.05313227396e-06    -0.000153836999776    -8.05313227396e-06    -6.30746534918e-05    -1.71325987406e-06    
1.2945805849          -3.06212160875e-05    7.23515638204e-06     -3.06212160875e-05    7.23515638204e-06     -1.35424557553e-05    1.90600374224e-06     
1.3045805849          6.91005005678e-06     3.37704712545e-05     6.91005005678e-06     3.37704712545e-05     0.000264645484318     -0.000509259443088    
1.30480280712         6.96904967097e-06     3.53558761818e-05     6.96904967097e-06     3.53558761818e-05     0.000264127401361     -0.000508284859558    
1.30502502934         7.02710733267e-06     3.69744294505e-05     7.02710733267e-06     3.69744294505e-05     0.000263620047873     -0.000507297329803    
1.30524725157         7.08396667165e-06     3.86236182314e-05     7.08396667165e-06     3.86236182314e-05     0.000263112670734     -0.000506277999959    
1.30546947379         7.13986246996e-06     4.03035772463e-05     7.13986246996e-06     4.03035772463e-05     0.000262613080254     -0.000505243544243    
1.30569169601         7.19479545006e-06     4.20133116238e-05     7.19479545006e-06     4.20133116238e-05     0.000262120321135     -0.000504193603895    
1.30591391823         7.24905333898e-06     4.37536096939e-05     7.24905333898e-06     4.37536096939e-05     0.00026164388784      -0.000503147775008    
1.30613614046         7.30207016575e-06     4.5520210359e-05      7.30207016575e-06     4.5520210359e-05      0.000261162444101     -0.000502066238559    
1.30635836268         7.35419972151e-06     4.73143625732e-05     7.35419972151e-06     4.73143625732e-05     0.000260688057495     -0.000500973314358    
1.3065805849          7.40567094552e-06     4.91368092957e-05     7.40567094552e-06     4.91368092957e-05     0.000260227999795     -0.000499883981809    
1.3165805849          8.91416487854e-06     0.000150965577596     8.91416487854e-06     0.000150965577596     0.000242481794547     -0.000440413563043    
1.3259424947          9.24988660181e-06     0.000267280349956     9.24988660181e-06     0.000267280349956     0.00022870107787      -0.00037399911488     
1.33530440449         8.88779382409e-06     0.000393202020345     8.88779382409e-06     0.000393202020345     0.000216332749295     -0.000302102802689    
1.34466631429         8.06050288897e-06     0.000523127085938     8.06050288897e-06     0.000523127085938     0.000204962261705     -0.000227274594953    
1.35402822408         6.93801456907e-06     0.000653442933953     6.93801456907e-06     0.000653442933953     0.000194373169884     -0.000151154072795    
1.36339013388         5.647629787e-06       0.000781708984488     5.647629787e-06       0.000781708984488     0.000184450523785     -7.49163524624e-05    
1.37275204368         4.2845091018e-06      0.000906233425846     4.2845091018e-06      0.000906233425846     0.000175121588894     5.77899879118e-07     
1.38211395347         2.91871136258e-06     0.00102570804778      2.91871136258e-06     0.00102570804778      0.000166313234493     7.46804603775e-05     
1.39147586327         1.60208050318e-06     0.00113935080823      1.60208050318e-06     0.00113935080823      0.000157997838294     0.000146896953926     
1.40083777306         3.71051169285e-07     0.00124645007568      3.71051169285e-07     0.00124645007568      0.000150124128824     0.000216835076285     
1.41019968286         -7.49270612021e-07    0.00134663334037      -7.49270612021e-07    0.00134663334037      0.000142668078816     0.000284202961433     
1.41956159265         -1.74300935411e-06    0.00143961335367      -1.74300935411e-06    0.00143961335367      0.000135600132734     0.000348769655698     
1.42892350245         -2.60148626401e-06    0.00152527358043      -2.60148626401e-06    0.00152527358043      0.000128898925262     0.000410371044296     
1.43828541225         -3.32136448908e-06    0.0016034494268       -3.32136448908e-06    0.0016034494268       0.000122533349006     0.000468849687575     
1.44764732204         -3.90402438526e-06    0.00167428715838      -3.90402438526e-06    0.00167428715838      0.000116493803127     0.000524149709438     
1.45700923184         -4.35361673897e-06    0.00173774348904      -4.35361673897e-06    0.00173774348904      0.000110752841255     0.000576174160244     
1.46637114163         -4.67732973107e-06    0.00179407902493      -4.67732973107e-06    0.00179407902493      0.00010530214986      0.000624932135709     
1.47573305143         -4.88315889518e-06    0.00184321957989      -4.88315889518e-06    0.00184321957989      0.000100111691823     0.000670327897025     
1.48509496123         -4.98178732414e-06    0.00188568689206      -4.98178732414e-06    0.00188568689206      9.51849148352e-05     0.000712483947319     
1.49445687102         -4.98293463168e-06    0.00192136918569      -4.98293463168e-06    0.00192136918569      9.04903813138e-05     0.000751299717921     
1.50381878082         -4.89808919179e-06    0.0019506917923       -4.89808919179e-06    0.0019506917923       8.6024730081e-05      0.00078688004154      
1.51318069061         -4.73838442103e-06    0.00197392292111      -4.73838442103e-06    0.00197392292111      8.17759626163e-05     0.000819279595157     
1.52254260041         -4.51392519583e-06    0.00199094537439      -4.51392519583e-06    0.00199094537439      7.77172707301e-05     0.000848394799803     
1.53190451021         -4.23642442776e-06    0.00200244678119      -4.23642442776e-06    0.00200244678119      7.38552750011e-05     0.000874462553235     
1.54126642            -3.91574859577e-06    0.00200852566711      -3.91574859577e-06    0.00200852566711      7.01728387024e-05     0.000897479295182     
1.5506283298          -3.56163349913e-06    0.00200945271982      -3.56163349913e-06    0.00200945271982      6.6660422818e-05      0.000917517757688     
1.55999023959         -3.18314237048e-06    0.00200546860054      -3.18314237048e-06    0.00200546860054      6.3308069067e-05      0.0009346413827       
1.56935214939         -2.78866972541e-06    0.00199679795039      -2.78866972541e-06    0.00199679795039      6.01060695939e-05     0.000948909368234     
1.57871405918         -2.38614050983e-06    0.00198383235421      -2.38614050983e-06    0.00198383235421      5.70503018491e-05     0.000960464555837     
1.58807596898         -1.98229244308e-06    0.00196660397425      -1.98229244308e-06    0.00196660397425      5.41266597982e-05     0.000969281435992     
1.59743787878         -1.5838541173e-06     0.00194581170351      -1.5838541173e-06     0.00194581170351      5.13402805189e-05     0.00097566500064      
1.60679978857         -1.19574914015e-06    0.00192096789026      -1.19574914015e-06    0.00192096789026      4.86648628679e-05     0.000979334353408     
1.61616169837         -8.23306397761e-07    0.00189287290034      -8.23306397761e-07    0.00189287290034      4.61090432068e-05     0.000980655237956     
1.62552360816         -4.70589678192e-07    0.00186172444106      -4.70589678192e-07    0.00186172444106      4.36656533387e-05     0.000979698540935     
1.63488551796         -1.41008683253e-07    0.00182749741574      -1.41008683253e-07    0.00182749741574      4.13231942352e-05     0.000976418440965     
1.64424742776         1.62551454896e-07     0.00179079635035      1.62551454896e-07     0.00179079635035      3.90852386772e-05     0.000971106016422     
1.65360933755         4.37904623688e-07     0.00175157901428      4.37904623688e-07     0.00175157901428      3.69410266092e-05     0.000963712217866     
1.66297124735         6.83424972684e-07     0.0017101808065       6.83424972684e-07     0.0017101808065       3.48887371767e-05     0.000954393958602     
1.67233315714         8.98091318149e-07     0.00166691908549      8.98091318149e-07     0.00166691908549      3.29262899855e-05     0.000943305300817     
1.68169506694         1.08121815797e-06     0.00162178052733      1.08121815797e-06     0.00162178052733      3.10454293556e-05     0.000930417517092     
1.69105697674         1.23446089183e-06     0.00157728725716      1.23446089183e-06     0.00157728725716      2.9285889313e-05      0.000917172941108     
1.70041888653         1.36632984956e-06     0.00154212276923      1.36632984956e-06     0.00154212276923      2.77937387272e-05     0.000908720352441     
1.70978079633         1.46769592936e-06     0.0015035467844       1.46769592936e-06     0.0015035467844       2.6323184614e-05      0.000897685262985     
1.71914270612         1.53898057362e-06     0.00146215786967      1.53898057362e-06     0.00146215786967      2.48827218213e-05     0.000884362358505     
1.72850461592         1.58090080435e-06     0.0014183005502       1.58090080435e-06     0.0014183005502       2.34757334244e-05     0.000868907287674     
1.73786652572         1.5945316219e-06      0.00137224247173      1.5945316219e-06      0.00137224247173      2.21040268085e-05     0.000851436707436     
1.74722843551         1.58129457041e-06     0.00132421967594      1.58129457041e-06     0.00132421967594      2.07687551339e-05     0.000832053786747     
1.75659034531         1.54293066524e-06     0.0012744523625       1.54293066524e-06     0.0012744523625       1.94707492678e-05     0.000810857035228     
1.7659522551          1.4814706181e-06      0.00122315180639      1.4814706181e-06      0.00122315180639      1.8210664024e-05      0.000787944208223     
1.7753141649          1.39920021869e-06     0.00117052347379      1.39920021869e-06     0.00117052347379      1.6989050857e-05      0.000763414030464     
1.78467607469         1.29862542138e-06     0.00111676883836      1.29862542138e-06     0.00111676883836      1.5806397408e-05      0.000737367264173     
1.79403798449         1.18243597062e-06     0.00106208634895      1.18243597062e-06     0.00106208634895      1.46631498666e-05     0.000709907286864     
1.80339989429         1.05346846601e-06     0.0010066719373       1.05346846601e-06     0.0010066719373       1.35597258495e-05     0.000681140390556     
1.81276180408         9.14669969653e-07     0.000950719548692     9.14669969653e-07     0.000950719548692     1.24965218718e-05     0.000651176167296     
1.82212371388         7.69060046159e-07     0.000894421303271     7.69060046159e-07     0.000894421303271     1.14739170654e-05     0.000620127624494     
1.83148562367         6.19693344723e-07     0.00083796785246      6.19693344723e-07     0.00083796785246      1.04922748694e-05     0.000588111496607     
1.84084753347         4.69621542876e-07     0.000781548586753     4.69621542876e-07     0.000781548586753     9.55194323207e-06     0.000555248445986     
1.85020944327         3.21855325553e-07     0.000725351914637     3.21855325553e-07     0.000725351914637     8.65325403042e-06     0.000521663334636     
1.85957135306         1.7932568306e-07      0.000669565665633     1.7932568306e-07      0.000669565665633     7.79652199287e-06     0.000487485630292     
1.86893326286         4.48453469235e-08     0.000614377455524     4.48453469235e-08     0.000614377455524     6.98204364052e-06     0.000452849768785     
1.87829517265         -7.89314921655e-08    0.000559975325313     -7.89314921655e-08    0.000559975325313     6.21009624617e-06     0.000417895802581     
1.88765708245         -1.89549420804e-07    0.000506548410355     -1.89549420804e-07    0.000506548410355     5.48093754806e-06     0.000382770061673     
1.89701899225         -2.84794696555e-07    0.000454287923547     -2.84794696555e-07    0.000454287923547     4.79480616066e-06     0.000347626143083     
1.90638090204         -3.62740015837e-07    0.000403388397558     -3.62740015837e-07    0.000403388397558     4.15192348197e-06     0.000312626146853     
1.91574281184         -4.21792703939e-07    0.00035404933686      -4.21792703939e-07    0.00035404933686      3.55249769199e-06     0.000277942318774     
1.92510472163         -4.60748944821e-07    0.000306477489012     -4.60748944821e-07    0.000306477489012     2.99673065735e-06     0.000243759323265     
1.93446663143         -4.7885457684e-07     0.000260889932236     -4.7885457684e-07     0.000260889932236     2.4848297515e-06      0.000210277300975     
1.94382854122         -4.75879061474e-07    0.000217518492214     -4.75879061474e-07    0.000217518492214     2.01702666878e-06     0.000177716277092     
1.95319045102         -4.52206956823e-07    0.000176616187096     -4.52206956823e-07    0.000176616187096     1.59360828858e-06     0.000146322548013     
1.96255236082         -4.08960082298e-07    0.000138467105755     -4.08960082298e-07    0.000138467105755     1.21496774643e-06     0.000116378469398     
1.97191427061         -3.48171378108e-07    0.000103402388434     -3.48171378108e-07    0.000103402388434     8.81692956568e-07     8.82182338388e-05     
1.98127618041         -2.73056163346e-07    7.18282162631e-05     -2.73056163346e-07    7.18282162631e-05     5.94730544453e-07     6.22553864409e-05     
1.9906380902          -1.88488853123e-07    4.42805565432e-05     -1.88488853123e-07    4.42805565432e-05     3.55723013575e-07     3.90363775945e-05     
2                     -1.02005337186e-07    2.15528594057e-05     -1.02005337186e-07    2.15528594057e-05     1.67832391693e-07     1.93647219885e-05     
2.01                  -2.26186337908e-08    4.29637551496e-06     -2.26186337908e-08    4.29637551496e-06     3.23246409641e-08     3.96012532242e-06     
2.19171717172         0.000801471491782     1.54260286336e-05     0.000801471491782     1.54260286336e-05     0.000862493950128     -0.00015081224669     
2.37343434343         0.00194738801451      8.15378915489e-05     0.00194738801451      8.15378915489e-05     0.00236260263052      -0.000529464956022    
2.55515151515         0.00276533029251      0.000204190547278     0.00276533029251      0.000204190547278     0.00376142206615      -0.000999164093494    
2.73686868687         0.00301946973829      0.000350369591188     0.00301946973829      0.000350369591188     0.00459178919727      -0.00138245368045     
2.91858585859         0.00276191398481      0.000468489345256     0.00276191398481      0.000468489345256     0.00469109529805      -0.00155522252014     
3.1003030303          0.00219730181688      0.000518881919575     0.00219730181688      0.000518881919575     0.00416985726341      -0.00149206686023     
3.28202020202         0.0015504689438       0.00049249336005      0.0015504689438       0.00049249336005      0.0032923421159       -0.00125302577124     
3.46373737374         0.000981569201196     0.000409153614491     0.000981569201196     0.000409153614491     0.00233811345501      -0.000936006535076    
3.64545454545         0.00056165571432      0.000301825442277     0.00056165571432      0.000301825442277     0.00150613041704      -0.000628724070436    
3.82717171717         0.000291927883034     0.000199757058707     0.000291927883034     0.000199757058707     0.000885427849061     -0.000382753224222    
4.00888888889         0.000138288115343     0.000119536503629     0.000138288115343     0.000119536503629     0.000477261266901     -0.000212439976691    
4.19060606061         5.98227840628e-05     6.50649869479e-05     5.98227840628e-05     6.50649869479e-05     0.000236721822701     -0.000107995862427    
4.37232323232         2.36512018115e-05     3.23644137549e-05     2.36512018115e-05     3.23644137549e-05     0.000108349162623     -5.04650640759e-05    
4.55404040404         8.54108464105e-06     1.47658326508e-05     8.54108464105e-06     1.47658326508e-05     4.58650734774e-05     -2.17378061663e-05    
4.73575757576         2.81146923808e-06     6.19710558749e-06     2.81146923808e-06     6.19710558749e-06     1.79875008496e-05     -8.65082285059e-06    
4.91747474747         8.39936879581e-07     2.39819230309e-06     8.39936879581e-07     2.39819230309e-06     6.54487199529e-06     -3.1863897653e-06     
5.09919191919         2.25960234508e-07     8.57387692385e-07     2.25960234508e-07     8.57387692385e-07     2.2119005546e-06      -1.08786721266e-06    
5.28090909091         5.39421801612e-08     2.83632755834e-07     5.39421801612e-08     2.83632755834e-07     6.94971986495e-07     -3.44675892253e-07    
5.46262626263         1.10898885863e-08     8.69350711875e-08     1.10898885863e-08     8.69350711875e-08     2.0316102228e-07      -1.01446823356e-07    
5.64434343434         1.82160936323e-09     2.47158981819e-08     1.82160936323e-09     2.47158981819e-08     5.52923414022e-08     -2.7760268572e-08     
5.82606060606         1.76432367906e-10     6.52396136524e-09     1.76432367906e-10     6.52396136524e-09     1.40177491323e-08     -7.06767037533e-09    
6.00777777778         -2.18113894135e-11    1.60011862051e-09     -2.18113894135e-11    1.60011862051e-09     3.31194492504e-09     -1.67517962128e-09    
6.18949494949         -1.79894219196e-11    3.64924159425e-10     -1.79894219196e-11    3.64924159425e-10     7.29548099345e-10     -3.6983426322e-10     
6.37121212121         -6.25162566972e-12    7.74333196741e-11     -6.25162566972e-12    7.74333196741e-11     1.49879884379e-10     -7.60874003816e-11    
6.55292929293         -1.66088014511e-12    1.52956123387e-11     -1.66088014511e-12    1.52956123387e-11     2.87270980986e-11     -1.45934894894e-11    
6.73464646465         -3.75310775586e-13    2.81412135363e-12     -3.75310775586e-13    2.81412135363e-12     5.13849345672e-12     -2.61046863012e-12    
6.91636363636         -7.49286620111e-14    4.81824153531e-13     -7.49286620111e-14    4.81824153531e-13     8.56903483743e-13     -4.35089237244e-13    
7.09808080808         -1.35734215899e-14    7.739734728e-14       -1.35734215899e-14    7.739734728e-14       1.34287073032e-13     -6.81114881839e-14    
7.2797979798          -2.2805234339e-15     1.18006228254e-14     -2.2805234339e-15     1.18006228254e-14     2.00047003759e-14     -1.01311336371e-14    
7.46151515152         -3.06131535745e-16    1.46190443703e-15     -3.06131535745e-16    1.46190443703e-15     2.42474188485e-15     -1.22561168847e-15    
7.64323232323         -7.72526981436e-17    3.44815327172e-16     -7.72526981436e-17    3.44815327172e-16     5.60279537285e-16     -2.82549238109e-16    
7.82494949495         -8.901582021e-17      3.75055644387e-16     -8.901582021e-17      3.75055644387e-16     5.97715586494e-16     -3.00637770337e-16    
8.00666666667         -1.01463275838e-16    4.06732171148e-16     -1.01463275838e-16    4.06732171148e-16     6.36440969027e-16     -3.19182737182e-16    
8.18838383838         -1.14596232904e-16    4.3985430672e-16      -1.14596232904e-16    4.3985430672e-16      6.76463012249e-16     -3.38176862558e-16    
8.3701010101          -1.28415670867e-16    4.74430802293e-16     -1.28415670867e-16    4.74430802293e-16     7.17788867781e-16     -3.57613179886e-16    
8.55181818182         -1.42922406413e-16    5.10469815532e-16     -1.42922406413e-16    5.10469815532e-16     7.60425511011e-16     -3.77485016618e-16    
8.73353535354         -1.58117115489e-16    5.47978959811e-16     -1.58117115489e-16    5.47978959811e-16     8.04379741657e-16     -3.97785979346e-16    
8.91525252525         -1.74000352258e-16    5.86965348681e-16     -1.74000352258e-16    5.86965348681e-16     8.49658185181e-16     -4.1850993956e-16     
9.09696969697         -1.90572565443e-16    6.27435636116e-16     -1.90572565443e-16    6.27435636116e-16     8.96267294901e-16     -4.39651020071e-16    
9.27868686869         -2.07834112437e-16    6.69396052969e-16     -2.07834112437e-16    6.69396052969e-16     9.44213354643e-16     -4.61203582109e-16    
9.4604040404          -2.25785271511e-16    7.12852440051e-16     -2.25785271511e-16    7.12852440051e-16     9.93502481828e-16     -4.83162213083e-16    
9.64212121212         -2.44426252385e-16    7.57810278178e-16     -2.44426252385e-16    7.57810278178e-16     1.04414063088e-15     -5.05521714999e-16    
9.82383838384         -2.63757205406e-16    8.04274715513e-16     -2.63757205406e-16    8.04274715513e-16     1.0961335969e-15      -5.28277093515e-16    
10.0055555556         -2.83778229512e-16    8.52250592459e-16     -2.83778229512e-16    8.52250592459e-16     1.14948701948e-15     -5.51423547595e-16    
10.1872727273         -3.04489379166e-16    9.01742464379e-16     -3.04489379166e-16    9.01742464379e-16     1.20420638667e-15     -5.7495645976e-16     
10.368989899          -3.25890670393e-16    9.52754622328e-16     -3.25890670393e-16    9.52754622328e-16     1.26029703905e-15     -5.9887138688e-16     
10.5507070707         -3.47982086039e-16    1.00529111202e-15     -3.47982086039e-16    1.00529111202e-15     1.31776417373e-15     -6.23164051508e-16    
10.7324242424         -3.70763580365e-16    1.05935575119e-15     -3.70763580365e-16    1.05935575119e-15     1.37661284847e-15     -6.47830333699e-16    
10.9141414141         -3.94235083055e-16    1.1149521455e-15      -3.94235083055e-16    1.1149521455e-15      1.43684798576e-15     -6.72866263307e-16    
11.0958585859         -4.18396502725e-16    1.17208370315e-15     -4.18396502725e-16    1.17208370315e-15     1.49847437676e-15     -6.98268012724e-16    
11.2775757576         -4.43247729985e-16    1.23075364828e-15     -4.43247729985e-16    1.23075364828e-15     1.56149668533e-15     -7.24031890036e-16    
11.4592929293         -4.68788640122e-16    1.29096503332e-15     -4.68788640122e-16    1.29096503332e-15     1.62591945188e-15     -7.50154332569e-16    
11.641010101          -4.95019095452e-16    1.35272075032e-15     -4.95019095452e-16    1.35272075032e-15     1.6917470972e-15      -7.76631900804e-16    
11.8227272727         -5.21938947375e-16    1.41602354148e-15     -5.21938947375e-16    1.41602354148e-15     1.75898392615e-15     -8.03461272641e-16    
12.0044444444         -5.4954803818e-16     1.48087600873e-15     -5.4954803818e-16     1.48087600873e-15     1.82763413134e-15     -8.30639237981e-16    
12.1861616162         -5.77846202619e-16    1.54728062272e-15     -5.77846202619e-16    1.54728062272e-15     1.89770179661e-15     -8.58162693619e-16    
12.3678787879         -6.06833269297e-16    1.61523973103e-15     -6.06833269297e-16    1.61523973103e-15     1.96919090049e-15     -8.86028638412e-16    
12.5495959596         -6.36509061878e-16    1.68475556582e-15     -6.36509061878e-16    1.68475556582e-15     2.04210531952e-15     -9.14234168724e-16    
12.7313131313         -6.66873400151e-16    1.75583025092e-15     -6.66873400151e-16    1.75583025092e-15     2.1164488315e-15      -9.42776474119e-16    
12.913030303          -6.97926100953e-16    1.82846580832e-15     -6.97926100953e-16    1.82846580832e-15     2.19222511859e-15     -9.71652833283e-16    
13.0947474747         -7.29666978986e-16    1.90266416436e-15     -7.29666978986e-16    1.90266416436e-15     2.26943777035e-15     -1.00086061017e-15    
13.2764646465         -7.62095847523e-16    1.97842715529e-15     -7.62095847523e-16    1.97842715529e-15     2.34809028667e-15     -1.03039725037e-15    
13.4581818182         -7.95212519031e-16    2.05575653257e-15     -7.95212519031e-16    2.05575653257e-15     2.4281860806e-15      -1.06026027763e-15    
13.6398989899         -8.29016805703e-16    2.13465396776e-15     -8.29016805703e-16    2.13465396776e-15     2.50972848109e-15     -1.0904472906e-15     
13.8216161616         -8.63508519934e-16    2.21512105708e-15     -8.63508519934e-16    2.21512105708e-15     2.59272073561e-15     -1.12095595974e-15    
14.0033333333         -8.98687474727e-16    2.29715932564e-15     -8.98687474727e-16    2.29715932564e-15     2.67716601271e-15     -1.15178402436e-15    
14.1850505051         -9.34553484041e-16    2.3807702314e-15      -9.34553484041e-16    2.3807702314e-15      2.76306740449e-15     -1.18292928983e-15    
14.3667676768         -9.711063631e-16      2.46595516889e-15     -9.711063631e-16      2.46595516889e-15     2.85042792897e-15     -1.21438962497e-15    
14.5484848485         -1.00834592865e-15    2.55271547265e-15     -1.00834592865e-15    2.55271547265e-15     2.93925053237e-15     -1.2461629595e-15     
14.7302020202         -1.04627199919e-15    2.64105242048e-15     -1.04627199919e-15    2.64105242048e-15     3.02953809132e-15     -1.27824728165e-15    
14.9119191919         -1.08488439516e-15    2.73096723641e-15     -1.08488439516e-15    2.73096723641e-15     3.12129341501e-15     -1.31064063591e-15    
15.0936363636         -1.12418293908e-15    2.82246109362e-15     -1.12418293908e-15    2.82246109362e-15     3.21451924723e-15     -1.34334112086e-15    
15.2753535354         -1.16416745573e-15    2.915535117e-15       -1.16416745573e-15    2.915535117e-15       3.30921826834e-15     -1.37634688712e-15    
15.4570707071         -1.20483777223e-15    3.0101903857e-15      -1.20483777223e-15    3.0101903857e-15      3.40539309721e-15     -1.40965613537e-15    
15.6387878788         -1.24619371813e-15    3.10642793545e-15     -1.24619371813e-15    3.10642793545e-15     3.50304629305e-15     -1.44326711453e-15    
15.8205050505         -1.28823512551e-15    3.20424876075e-15     -1.28823512551e-15    3.20424876075e-15     3.60218035719e-15     -1.47717811994e-15    
16.0022222222         -1.33096182899e-15    3.30365381692e-15     -1.33096182899e-15    3.30365381692e-15     3.70279773479e-15     -1.51138749171e-15    
16.1839393939         -1.37437366586e-15    3.40464402204e-15     -1.37437366586e-15    3.40464402204e-15     3.80490081651e-15     -1.54589361307e-15    
16.3656565657         -1.418470476e-15      3.50722025882e-15     -1.418470476e-15      3.50722025882e-15     3.90849194009e-15     -1.58069490883e-15    
16.5473737374         -1.46325210201e-15    3.61138337622e-15     -1.46325210201e-15    3.61138337622e-15     4.0135733919e-15      -1.61578984396e-15    
16.7290909091         -1.50871838915e-15    3.71713419116e-15     -1.50871838915e-15    3.71713419116e-15     4.12014740843e-15     -1.65117692211e-15    
16.9108080808         -1.55486918536e-15    3.82447349e-15        -1.55486918536e-15    3.82447349e-15        4.2282161777e-15      -1.68685468431e-15    
17.0925252525         -1.60170434128e-15    3.93340202997e-15     -1.60170434128e-15    3.93340202997e-15     4.3377818407e-15      -1.72282170772e-15    
17.2742424242         -1.64922371023e-15    4.04392054055e-15     -1.64922371023e-15    4.04392054055e-15     4.44884649265e-15     -1.75907660431e-15    
17.455959596          -1.69742714817e-15    4.15602972474e-15     -1.69742714817e-15    4.15602972474e-15     4.56141218437e-15     -1.79561801979e-15    
17.6376767677         -1.74631451372e-15    4.26973026027e-15     -1.74631451372e-15    4.26973026027e-15     4.67548092346e-15     -1.83244463241e-15    
17.8193939394         -1.79588566812e-15    4.38502280074e-15     -1.79588566812e-15    4.38502280074e-15     4.79105467554e-15     -1.86955515191e-15    
18.0011111111         -1.84614047518e-15    4.5019079767e-15      -1.84614047518e-15    4.5019079767e-15      4.90813536541e-15     -1.90694831852e-15    
18.1828282828         -1.8970788013e-15     4.62038639669e-15     -1.8970788013e-15     4.62038639669e-15     5.02672487817e-15     -1.94462290192e-15    
18.3645454545         -1.94870051538e-15    4.74045864819e-15     -1.94870051538e-15    4.74045864819e-15     5.14682506029e-15     -1.98257770032e-15    
18.5462626263         -2.00100548884e-15    4.86212529854e-15     -2.00100548884e-15    4.86212529854e-15     5.26843772069e-15     -2.02081153957e-15    
18.727979798          -2.05399359554e-15    4.98538689584e-15     -2.05399359554e-15    4.98538689584e-15     5.39156463172e-15     -2.05932327224e-15    
18.9096969697         -2.10766471177e-15    5.11024396971e-15     -2.10766471177e-15    5.11024396971e-15     5.51620753016e-15     -2.09811177683e-15    
19.0914141414         -2.16201871619e-15    5.23669703215e-15     -2.16201871619e-15    5.23669703215e-15     5.64236811817e-15     -2.13717595695e-15    
19.2731313131         -2.21705548982e-15    5.36474657822e-15     -2.21705548982e-15    5.36474657822e-15     5.7700480642e-15      -2.17651474055e-15    
19.4548484848         -2.27277491597e-15    5.49439308679e-15     -2.27277491597e-15    5.49439308679e-15     5.89924900388e-15     -2.21612707918e-15    
19.6365656566         -2.32917688021e-15    5.62563702117e-15     -2.32917688021e-15    5.62563702117e-15     6.02997254087e-15     -2.25601194726e-15    
19.8182828283         -2.38626127032e-15    5.75847882977e-15     -2.38626127032e-15    5.75847882977e-15     6.16222024769e-15     -2.29616834145e-15    
20                    0                     0                     0                     0                     0                     0                     
