0.0779191396          0                     0                     0                     0                     0                     0                     
0.087577837391        0.674130150687        0.242165196811        0.674130150687        0.242165196811        0.0954979306286       0.132173888801        
0.0972365351819       3.44462403627         0.991673423189        3.44462403627         0.991673423189        0.581894949007        0.5663035905          
0.106895232973        7.69322237235         1.69039778142         7.69322237235         1.69039778142         1.46626811274         1.02983023273         
0.116553930764        12.4573327113         1.90168354675         12.4573327113         1.90168354675         2.59918423885         1.2885589612          
0.126212628555        17.0467132244         1.4249365156          17.0467132244         1.4249365156          3.81184775238         1.22310394068         
0.135871326346        20.9680595106         0.223325792686        20.9680595106         0.223325792686        4.92477514735         0.79721228953         
0.145530024137        23.8713234346         -1.50434373821        23.8713234346         -1.50434373821        5.76666678361         0.0910309629314       
0.155188721928        25.6722019303         -3.39087525313        25.6722019303         -3.39087525313        6.2659145355          -0.725847781862       
0.164847419719        26.5449943564         -5.13880320075        26.5449943564         -5.13880320075        6.46848741353         -1.50880867291        
0.17450611751         26.7469365773         -6.6205701961         26.7469365773         -6.6205701961         6.46297437549         -2.1898776446         
0.184164815301        26.4832370248         -7.81526212782        26.4832370248         -7.81526212782        6.32142143253         -2.75240032791        
0.193823513091        25.9081683945         -8.74086742195        25.9081683945         -8.74086742195        6.09610472574         -3.19994995287        
0.203482210882        25.1332892537         -9.43071935328        25.1332892537         -9.43071935328        5.82387119502         -3.54450920177        
0.213140908673        24.2384764025         -9.92561062067        24.2384764025         -9.92561062067        5.52990758079         -3.80256015423        
0.222799606464        23.2745337229         -10.2634733927        23.2745337229         -10.2634733927        5.22800230042         -3.99012817215        
0.232458304255        22.2747225801         -10.470182724         22.2747225801         -10.470182724         4.92611321944         -4.11808389948        
0.242117002046        21.2639594491         -10.5623987709        21.2639594491         -10.5623987709        4.63044323322         -4.19369682467        
0.251775699837        20.2724970862         -10.5670221069        20.2724970862         -10.5670221069        4.34937975715         -4.22799754063        
0.261434397628        19.3125967841         -10.5037732143        19.3125967841         -10.5037732143        4.08562461922         -4.22975676816        
0.271093095419        18.3900461116         -10.3903750957        18.3900461116         -10.3903750957        3.83959425924         -4.20708136404        
0.28075179321         17.5080450906         -10.241380096         17.5080450906         -10.241380096         3.6106839374          -4.16662217852        
0.290410491001        16.6660473992         -10.0661935799        16.6660473992         -10.0661935799        3.3973046146          -4.11281588576        
0.300069188792        15.8629610297         -9.87169350513        15.8629610297         -9.87169350513        3.19779568584         -4.04884975745        
0.309727886583        15.0972632339         -9.66250376708        15.0972632339         -9.66250376708        3.01065041906         -3.97687266147        
0.319386584374        14.3685911263         -9.44053419557        14.3685911263         -9.44053419557        2.8352927296          -3.89777855953        
0.329045282165        13.6771682206         -9.20934803891        13.6771682206         -9.20934803891        2.67131116427         -3.81327699307        
0.338703979956        13.0215978798         -8.97140057643        13.0215978798         -8.97140057643        2.51815374749         -3.7244955351         
0.348362677747        12.4027237811         -8.72994118173        12.4027237811         -8.72994118173        2.37575621589         -3.63294140234        
0.358021375538        11.8180799681         -8.48680088913        11.8180799681         -8.48680088913        2.2431966176          -3.53948917549        
0.367680073329        11.2666868997         -8.24405228929        11.2666868997         -8.24405228929        2.12009436405         -3.4451388639         
0.37733877112         10.7472305066         -8.00330274176        10.7472305066         -8.00330274176        2.00603583194         -3.35070302725        
0.386997468911        10.2578140263         -7.76655056185        10.2578140263         -7.76655056185        1.90026978625         -3.25717006869        
0.396656166702        9.79710361447         -7.53377397098        9.79710361447         -7.53377397098        1.80245214127         -3.1645623857         
0.406314864492        9.36236182604         -7.30667743531        9.36236182604         -7.30667743531        1.71144552324         -3.07376020571        
0.415973562283        8.9532147984          -7.08762190656        8.9532147984          -7.08762190656        1.62724477802         -2.98588154664        
0.425632260074        8.56622997332         -6.87469293771        8.56622997332         -6.87469293771        1.5485745588          -2.90011500385        
0.435290957865        8.1994070713          -6.66814979619        8.1994070713          -6.66814979619        1.47476497549         -2.81673951974        
0.444949655656        7.85226239523         -6.46810048149        7.85226239523         -6.46810048149        1.40568793414         -2.73578867244        
0.454608353447        7.52381822357         -6.27553823459        7.52381822357         -6.27553823459        1.34099933582         -2.65765652807        
0.464267051238        7.21228024363         -6.0898014237         7.21228024363         -6.0898014237         1.2801609803          -2.58211271666        
0.473925749029        6.9163111086          -5.91084373647        6.9163111086          -5.91084373647        1.22273177886         -2.50918487355        
0.48358444682         6.63506619052         -5.73808180198        6.63506619052         -5.73808180198        1.16851349617         -2.43863515767        
0.493243144611        6.36711797152         -5.57110448859        6.36711797152         -5.57110448859        1.117084163           -2.37032003678        
0.502901842402        6.11169991496         -5.41011206261        6.11169991496         -5.41011206261        1.06816067558         -2.30434071552        
0.512560540193        5.86835659937         -5.25450100248        5.86835659937         -5.25450100248        1.02172962619         -2.24043998134        
0.522219237984        5.63612763841         -5.10425230232        5.63612763841         -5.10425230232        0.977560057633        -2.178646251          
0.531877935775        5.41466504661         -4.95804583057        5.41466504661         -4.95804583057        0.935470322319        -2.11833566288        
0.541536633566        5.20327440945         -4.81679378699        5.20327440945         -4.81679378699        0.895439874119        -2.05997537221        
0.551195331357        5.00141654954         -4.6799351824         5.00141654954         -4.6799351824         0.857295058633        -2.00332519509        
0.560854029148        4.80873266734         -4.54730689827        4.80873266734         -4.54730689827        0.820997070704        -1.9483131781         
0.570512726939        4.62438830727         -4.41835766554        4.62438830727         -4.41835766554        0.786341381128        -1.89470103879        
0.58017142473         4.44862053221         -4.29333207272        4.44862053221         -4.29333207272        0.753458790635        -1.84261794714        
0.589830122521        4.28107019475         -4.17195009441        4.28107019475         -4.17195009441        0.722341815184        -1.79195081502        
0.599488820312        4.1212973026          -4.05449519584        4.1212973026          -4.05449519584        0.692856598604        -1.74283509729        
0.609147518103        3.96865031582         -3.94086101748        3.96865031582         -3.94086101748        0.664806646189        -1.69524028154        
0.618806215893        3.82273784343         -3.83051651223        3.82273784343         -3.83051651223        0.638180828826        -1.64893804645        
0.628464913684        3.68332145356         -3.72372881979        3.68332145356         -3.72372881979        0.612869146449        -1.60405621103        
0.638123611475        3.55006405192         -3.62034306621        3.55006405192         -3.62034306621        0.588816497066        -1.56054200614        
0.647782309266        3.42270574641         -3.52017118888        3.42270574641         -3.52017118888        0.565995959139        -1.51831364624        
0.657441007057        3.30088028495         -3.42329793723        3.30088028495         -3.42329793723        0.544300286311        -1.47742541126        
0.667099704848        3.18445623838         -3.32946159216        3.18445623838         -3.32946159216        0.523716756994        -1.43775732066        
0.676758402639        3.07298483549         -3.23855302563        3.07298483549         -3.23855302563        0.504158509686        -1.39928128112        
0.68641710043         2.96627171266         -3.15067507629        2.96627171266         -3.15067507629        0.485555139634        -1.36204871474        
0.696075798221        2.86393562472         -3.06565753184        2.86393562472         -3.06565753184        0.467824259244        -1.32599409287        
0.705734496012        2.76592925946         -2.98345378385        2.76592925946         -2.98345378385        0.450943486512        -1.29109994402        
0.715393193803        2.67197487094         -2.90399778041        2.67197487094         -2.90399778041        0.434878762111        -1.25734584571        
0.725051891594        2.58167701915         -2.82708249004        2.58167701915         -2.82708249004        0.419493569979        -1.22464484814        
0.734710589385        2.49495443883         -2.75269954919        2.49495443883         -2.75269954919        0.404782930159        -1.1929938151         
0.744369287176        2.41117072999         -2.68028257858        2.41117072999         -2.68028257858        0.390551174425        -1.16220342376        
0.754027984967        2.33091936848         -2.61028166752        2.33091936848         -2.61028166752        0.377015142057        -1.13240642761        
0.763686682758        2.25376622177         -2.54258438399        2.25376622177         -2.54258438399        0.364067806459        -1.1035675968         
0.773345380549        2.17947998692         -2.4770376045         2.17947998692         -2.4770376045         0.351619569712        -1.07562518765        
0.78300407834         2.10797150622         -2.41351835908        2.10797150622         -2.41351835908        0.339665958202        -1.04852183145        
0.792662776131        2.03896953942         -2.35173293207        2.03896953942         -2.35173293207        0.328168945593        -1.02215608643        
0.802321473922        1.97270134837         -2.29210585526        1.97270134837         -2.29210585526        0.317175630876        -0.99669397606        
0.811980171713        1.90877039473         -2.23431423485        1.90877039473         -2.23431423485        0.306590330014        -0.972010603829       
0.821638869504        1.84694369843         -2.17827279207        1.84694369843         -2.17827279207        0.296326786909        -0.948064993436       
0.831297567294        1.78717702758         -2.12386225337        1.78717702758         -2.12386225337        0.28639151665         -0.924807949295       
0.840956265085        1.72941834911         -2.07103838014        1.72941834911         -2.07103838014        0.27677136689         -0.902218553875       
0.850614962876        1.67349697505         -2.01963246468        1.67349697505         -2.01963246468        0.267446997171        -0.880226684883       
0.860273660667        1.6193271056          -1.96967205334        1.6193271056          -1.96967205334        0.258369977455        -0.858845614639       
0.869932358458        1.56688627519         -1.92102218611        1.56688627519         -1.92102218611        0.249569859031        -0.838013501572       
0.879591056249        1.5161432534          -1.87362986624        1.5161432534          -1.87362986624        0.241035584419        -0.817706991401       
0.88924975404         1.46694183624         -1.82739157133        1.46694183624         -1.82739157133        0.23273802857         -0.797883078885       
0.898908451831        1.41931069878         -1.78233980092        1.41931069878         -1.78233980092        0.224693037227        -0.778556926958       
0.908567149622        1.37307658966         -1.73829858942        1.37307658966         -1.73829858942        0.216861800159        -0.759652353483       
0.918225847413        1.32830108935         -1.69528432205        1.32830108935         -1.69528432205        0.209269262415        -0.741175705684       
0.927884545204        1.28486215892         -1.65320542389        1.28486215892         -1.65320542389        0.20189887208         -0.723087828959       
0.937543242995        1.24269232969         -1.61197824065        1.24269232969         -1.61197824065        0.194737632509        -0.705352921056       
0.947201940786        1.20178800763         -1.57160749665        1.20178800763         -1.57160749665        0.18778284222         -0.687972129523       
0.956860638577        1.16204396849         -1.53193485022        1.16204396849         -1.53193485022        0.181041448259        -0.670875190825       
0.966519336368        1.12335652441         -1.49280248029        1.12335652441         -1.49280248029        0.174496281043        -0.653998714587       
0.976178034159        1.08551863758         -1.45392966078        1.08551863758         -1.45392966078        0.168143999921        -0.637214876377       
0.98583673195         1.04656518198         -1.41285921649        1.04656518198         -1.41285921649        0.161640311624        -0.619452105785       
0.995495429741        1.00771402381         -1.37115532672        1.00771402381         -1.37115532672        0.155185840108        -0.601394243318       
1.00515412753         0.970574394535        -1.33100385913        0.970574394535        -1.33100385913        0.149030248906        -0.583999742798       
1.01481282532         0.935049675914        -1.2923460132         0.935049675914        -1.2923460132         0.143155230519        -0.567244182991       
1.02447152311         0.900957013878        -1.25502916747        0.900957013878        -1.25502916747        0.137522525539        -0.551062032203       
1.0341302209          0.868136392942        -1.21878278195        0.868136392942        -1.21878278195        0.132102333042        -0.53534888033        
1.0437889187          0.836797569719        -1.1838277147         0.836797569719        -1.1838277147         0.12695600298         -0.520185811466       
1.05344761649         0.806661354475        -1.14995438135        0.806661354475        -1.14995438135        0.122030031474        -0.50548222535        
1.06310631428         0.777771434873        -1.11721618599        0.777771434873        -1.11721618599        0.117330272048        -0.491262006222       
1.07276501207         0.749992711906        -1.08550986919        0.749992711906        -1.08550986919        0.112825267764        -0.477483673162       
1.08242370986         0.723365490531        -1.05488970641        0.723365490531        -1.05488970641        0.108536933731        -0.464172616051       
1.09208240765         0.697755150867        -1.02526483585        0.697755150867        -1.02526483585        0.104418509465        -0.451289136418       
1.10174110544         0.673095042426        -0.996535896593       0.673095042426        -0.996535896593       0.100468160908        -0.438787719241       
1.11139980323         0.649402589329        -0.968713406743       0.649402589329        -0.968713406743       0.0966891507622       -0.426678748246       
1.12105850102         0.626625820542        -0.941813666657       0.626625820542        -0.941813666657       0.0930774047131       -0.414967919347       
1.13071719881         0.604725531427        -0.915807539688       0.604725531427        -0.915807539688       0.0896154041152       -0.403643419811       
1.14037589661         0.583601603706        -0.890636124885       0.583601603706        -0.890636124885       0.0862775894121       -0.392679676311       
1.1500345944          0.563219904215        -0.866282275445       0.563219904215        -0.866282275445       0.083054554426        -0.382071273246       
1.15969329219         0.543607140831        -0.84270869854        0.543607140831        -0.84270869854        0.0799587233587       -0.371799555654       
1.16935198998         0.524656925509        -0.819868761607       0.524656925509        -0.819868761607       0.07696199446         -0.361846900794       
1.17901068777         0.506361779667        -0.797744700415       0.506361779667        -0.797744700415       0.0740643423018       -0.352204514406       
1.18866938556         0.488660141294        -0.776242486401       0.488660141294        -0.776242486401       0.0712558036634       -0.342830242651       
1.19832808335         0.471659472927        -0.755537214098       0.471659472927        -0.755537214098       0.0685521947894       -0.333802882052       
1.20798678114         0.455144562244        -0.735350232764       0.455144562244        -0.735350232764       0.065918034406        -0.324999726815       
1.21764547893         0.439211709668        -0.715806030343       0.439211709668        -0.715806030343       0.0633659623993       -0.31647524188        
1.22730417672         0.423795468214        -0.696810327908       0.423795468214        -0.696810327908       0.0608886606443       -0.308187256251       
1.23696287451         0.408968979228        -0.678405095433       0.408968979228        -0.678405095433       0.0585136771739       -0.300155312199       
1.24662157231         0.394570071625        -0.660423580681       0.394570071625        -0.660423580681       0.0561993934898       -0.292305808214       
1.2562802701          0.380689735778        -0.6430401414         0.380689735778        -0.6430401414         0.0539634872375       -0.284716351271       
1.26593896789         0.36724381226         -0.626144142132       0.36724381226         -0.626144142132       0.0517863025978       -0.277337848794       
1.27559766568         0.354233206693        -0.609703833214       0.354233206693        -0.609703833214       0.0496707631594       -0.270157785229       
1.28525636347         0.341651991437        -0.593696295886       0.341651991437        -0.593696295886       0.0476160266818       -0.263169185968       
1.29491506126         0.329506928833        -0.578111270683       0.329506928833        -0.578111270683       0.0456357926686       -0.256359780955       
1.30457375905         0.317774463516        -0.562934329799       0.317774463516        -0.562934329799       0.0437235691804       -0.249724214061       
1.31423245684         0.306461520573        -0.548193376643       0.306461520573        -0.548193376643       0.0418802801203       -0.243276591522       
1.32389115463         0.295543439887        -0.533853263381       0.295543439887        -0.533853263381       0.0401030044865       -0.237000902426       
1.33354985242         0.285006893933        -0.519879426848       0.285006893933        -0.519879426848       0.0383925133008       -0.230882989554       
1.34320855022         0.274855292361        -0.506295577635       0.274855292361        -0.506295577635       0.0367522978788       -0.224932690541       
1.35286724801         0.265046578101        -0.493063120957       0.265046578101        -0.493063120957       0.0351720593876       -0.219133955809       
1.3625259458          0.255599461342        -0.48022510322        0.255599461342        -0.48022510322        0.0336531943194       -0.213505606867       
1.37218464359         0.246478189993        -0.467721745368       0.246478189993        -0.467721745368       0.0321923230717       -0.208021485676       
1.38184334138         0.237683912353        -0.455532570187       0.237683912353        -0.455532570187       0.0307917236406       -0.202674004826       
1.39150203917         0.229180241781        -0.44374641098        0.229180241781        -0.44374641098        0.029435951381        -0.197499886548       
1.40116073696         0.220979738487        -0.432236878718       0.220979738487        -0.432236878718       0.0281348756469       -0.192445600273       
1.41081943475         0.21306233484         -0.421051455908       0.21306233484         -0.421051455908       0.0268823829792       -0.187531814128       
1.42047813254         0.205429686134        -0.410165346757       0.205429686134        -0.410165346757       0.0256838685652       -0.182747748671       
1.43013683033         0.198062641718        -0.399595664556       0.198062641718        -0.399595664556       0.0245313430568       -0.178101721577       
1.43979552812         0.19095581697         -0.389329846434       0.19095581697         -0.389329846434       0.023423808439        -0.173587723504       
1.44945422592         0.184079430451        -0.37934393095        0.184079430451        -0.37934393095        0.0223520362384       -0.169196010447       
1.45911292371         0.177434186237        -0.369640314078       0.177434186237        -0.369640314078       0.0213186845488       -0.164927558067       
1.4687716215          0.171006382986        -0.360210816609       0.171006382986        -0.360210816609       0.0203192960109       -0.160778789792       
1.47843031929         0.164758337869        -0.351022666927       0.164758337869        -0.351022666927       0.019342385687        -0.156736371439       
1.48808901708         0.158721021795        -0.342054617231       0.158721021795        -0.342054617231       0.018401125869        -0.152792125773       
1.49774771487         0.152905260663        -0.33335200725        0.152905260663        -0.33335200725        0.0174981608761       -0.148962532471       
1.50740641266         0.147273920599        -0.324885145991       0.147273920599        -0.324885145991       0.0166229048084       -0.145235351318       
1.51706511045         0.141824745279        -0.31664507914        0.141824745279        -0.31664507914        0.015776129817        -0.141607016034       
1.52672380824         0.136551546113        -0.308634488505       0.136551546113        -0.308634488505       0.014955549296        -0.138079019637       
1.53638250603         0.131443521933        -0.300822617013       0.131443521933        -0.300822617013       0.0141590809056       -0.134637209677       
1.54604120383         0.126504310728        -0.293229458607       0.126504310728        -0.293229458607       0.0133884683178       -0.131291143413       
1.55569990162         0.121717554279        -0.285832484836       0.121717554279        -0.285832484836       0.012640411927        -0.128030617087       
1.56535859941         0.117085018907        -0.278619352152       0.117085018907        -0.278619352152       0.0119164316876       -0.124850027154       
1.5750172972          0.112592632008        -0.271580448789       0.112592632008        -0.271580448789       0.011213126185        -0.121745227556       
1.58467599499         0.108248397382        -0.264731370087       0.108248397382        -0.264731370087       0.0105325634544       -0.118723265706       
1.59433469278         0.104041031919        -0.258046836986       0.104041031919        -0.258046836986       0.00987320790702      -0.115772856588       
1.60399339057         0.0999802534256       -0.251560173179       0.0999802534256       -0.251560173179       0.00923607135231      -0.112908896596       
1.61365208836         0.0960453518757       -0.245216577425       0.0960453518757       -0.245216577425       0.00861981790189      -0.110106819082       
1.62331078615         0.0922458616732       -0.239044613308       0.0922458616732       -0.239044613308       0.0080257623062       -0.107379836289       
1.63296948394         0.0885647590841       -0.233020978623       0.0885647590841       -0.233020978623       0.00745007732445      -0.104717366216       
1.64262818173         0.0850160052331       -0.227160726103       0.0850160052331       -0.227160726103       0.00689732916949      -0.102125785794       
1.65228687953         0.0815693742236       -0.221441235866       0.0815693742236       -0.221441235866       0.00635731868883      -0.0995982376133      
1.66194557732         0.0782469399836       -0.215876749875       0.0782469399836       -0.215876749875       0.00583839523614      -0.0971377299597      
1.67160427511         0.0750760853678       -0.210490917248       0.0750760853678       -0.210490917248       0.00535056706502      -0.0947542431859      
1.6812629729          0.0720151234461       -0.205258685009       0.0720151234461       -0.205258685009       0.00487957081593      -0.0924379999688      
1.69092167069         0.0691439368068       -0.200432043042       0.0691439368068       -0.200432043042       0.00443040920367      -0.090302847901       
1.70058036848         0.0668737754353       -0.19721593539        0.0668737754353       -0.19721593539        0.00402850593428      -0.0888919036109      
1.71023906627         0.0645996690111       -0.193883992249       0.0645996690111       -0.193883992249       0.00363313048119      -0.0874276071005      
1.71989776406         0.0623398065837       -0.190495954088       0.0623398065837       -0.190495954088       0.00324477318204      -0.0859369316214      
1.72955646185         0.0600985289662       -0.187075049827       0.0600985289662       -0.187075049827       0.00286167724924      -0.0844304172144      
1.73921515964         0.0578900915756       -0.183641125541       0.0578900915756       -0.183641125541       0.00248883108432      -0.082916884244       
1.74887385744         0.0557077631657       -0.180193757748       0.0557077631657       -0.180193757748       0.00212200261759      -0.0813963419976      
1.75853255523         0.0535613829468       -0.176744932286       0.0535613829468       -0.176744932286       0.0017642476619       -0.0798739054107      
1.76819125302         0.0514378722507       -0.173296264306       0.0514378722507       -0.173296264306       0.0014100890804       -0.0783508393475      
1.77784995081         0.0493492050772       -0.169848535443       0.0493492050772       -0.169848535443       0.00106349568901      -0.0768268115257      
1.7875086486          0.047282619519        -0.166396136203       0.047282619519        -0.166396136203       0.000719868711241     -0.0753014035585      
1.79716734639         0.0452630465258       -0.162955361923       0.0452630465258       -0.162955361923       0.000387223836115     -0.0737795264265      
1.80682604418         0.0432852526887       -0.159530854753       0.0432852526887       -0.159530854753       6.41458042549e-05     -0.0722635065249      
1.81648474197         0.0413475287801       -0.156124228869       0.0413475287801       -0.156124228869       -0.000250789784779    -0.0707543199589      
1.82614343976         0.0394541424157       -0.152726797752       0.0394541424157       -0.152726797752       -0.000554595843727    -0.0692478417737      
1.83580213755         0.0376002680188       -0.149352029161       0.0376002680188       -0.149352029161       -0.000850509506155    -0.067750398071       
1.84546083534         0.0357897483681       -0.146000199798       0.0357897483681       -0.146000199798       -0.00113663149852     -0.0662620828939      
1.85511953314         0.0340190760082       -0.142669036821       0.0340190760082       -0.142669036821       -0.00141445889183     -0.0647819486317      
1.86477823093         0.0322959667887       -0.139366459261       0.0322959667887       -0.139366459261       -0.00168096716886     -0.0633134072695      
1.87443692872         0.0306151640902       -0.136090941641       0.0306151640902       -0.136090941641       -0.00193833592942     -0.0618559482219      
1.88409562651         0.0289760938934       -0.132843893099       0.0289760938934       -0.132843893099       -0.00218651979505     -0.0604102261252      
1.8937543243          0.0273788383557       -0.129638398945       0.0273788383557       -0.129638398945       -0.0024263445322      -0.0589824435616      
1.90341302209         0.0258282904312       -0.126439612416       0.0258282904312       -0.126439612416       -0.00265432690901     -0.0575569096555      
1.91307171988         0.0243209125126       -0.123281961957       0.0243209125126       -0.123281961957       -0.00287371993097     -0.0561486372028      
1.92273041767         0.0228598965794       -0.120164855205       0.0228598965794       -0.120164855205       -0.00308236638706     -0.0547574694334      
1.93238911546         0.0214354930293       -0.117081844681       0.0214354930293       -0.117081844681       -0.00328392329759     -0.053380773313       
1.94204781325         0.0200698365776       -0.114044418997       0.0200698365776       -0.114044418997       -0.00347048086966     -0.052023155526       
1.95170651105         0.0187361355928       -0.111045751483       0.0187361355928       -0.111045751483       -0.00365193197513     -0.0506823681017      
1.96136520884         0.0174466435348       -0.108081515009       0.0174466435348       -0.108081515009       -0.00382311042537     -0.0493559169578      
1.97102390663         0.0161964522004       -0.105160459787       0.0161964522004       -0.105160459787       -0.00398662190224     -0.0480480945233      
1.98068260442         0.0149858581592       -0.102280570373       0.0149858581592       -0.102280570373       -0.00414204450648     -0.0467579298995      
1.99034130221         0.0138089429395       -0.0994369062123      0.0138089429395       -0.0994369062123      -0.00429150864061     -0.045483662532       
2                     0.0126768614801       -0.0966330468296      0.0126768614801       -0.0966330468296      -0.00443108552231     -0.0442264812119      
2.01                  0.0115489202383       -0.0937755488518      0.0115489202383       -0.0937755488518      -0.00456595027118     -0.0429441797814      
2.3018207283          -0.00536322669154     -0.0311629836591      -0.00536322669154     -0.0311629836591      -0.00515035209336     -0.0145760129336      
2.5936414566          -0.00371446278317     -0.00430412111384     -0.00371446278317     -0.00430412111384     -0.00216227492592     -0.00209586621861     
2.8854621849          -3.54202797116e-06    2.99687127496e-06     -3.54202797116e-06    2.99687127496e-06     -2.1583857043e-06     1.8062911748e-06      
2.8954621849          -5.94663576922e-09    6.49945581617e-06     -5.94663576922e-09    6.49945581617e-06     1.32260196931e-05     -1.83211967157e-05    
2.89568440712         -4.19519818951e-09    6.67574220533e-06     -4.19519818951e-09    6.67574220533e-06     1.32015992008e-05     -1.81979483919e-05    
2.89590662934         -2.44901510152e-09    6.85519076972e-06     -2.44901510152e-09    6.85519076972e-06     1.31775604373e-05     -1.80725723434e-05    
2.89612885157         -7.0842141283e-10     7.03768528222e-06     -7.0842141283e-10     7.03768528222e-06     1.31538760782e-05     -1.79451494332e-05    
2.89635107379         1.02627043262e-09     7.22311696833e-06     1.02627043262e-09     7.22311696833e-06     1.31305219909e-05     -1.78157548116e-05    
2.89657329601         2.75477400999e-09     7.41138417699e-06     2.75477400999e-09     7.41138417699e-06     1.31074767363e-05     -1.7684458323e-05     
2.89679551823         4.47684173665e-09     7.60239397905e-06     4.47684173665e-09     7.60239397905e-06     1.30847211714e-05     -1.75513237758e-05    
2.89701774046         6.19226322218e-09     7.79606172497e-06     6.19226322218e-09     7.79606172497e-06     1.306223812e-05       -1.74164093192e-05    
2.89723996268         7.90084564442e-09     7.99230783447e-06     7.90084564442e-09     7.99230783447e-06     1.30400120944e-05     -1.72797693868e-05    
2.8974621849          9.60241117071e-09     8.19105792186e-06     9.60241117071e-09     8.19105792186e-06     1.30180290703e-05     -1.71414547172e-05    
2.9074621849          7.75056408022e-08     1.89561645838e-05     7.75056408022e-08     1.89561645838e-05     1.21728633611e-05     -9.69603716162e-06    
3.08738363559         9.35807960676e-09     0.000176413346664     9.35807960676e-09     0.000176413346664     4.45366231982e-06     0.000110779491229     
3.26730508627         -3.23175566519e-08    0.000141189140839     -3.23175566519e-08    0.000141189140839     1.5393295813e-06      0.000100966822985     
3.44722653696         2.81046219846e-09     6.75880060255e-05     2.81046219846e-09     6.75880060255e-05     4.6531735108e-07      5.30348359358e-05     
3.62714798764         2.81364813908e-09     2.09181330873e-05     2.81364813908e-09     2.09181330873e-05     1.0454542732e-07      1.78869560343e-05     
3.80706943833         -6.07170398764e-10    2.74744182938e-06     -6.07170398764e-10    2.74744182938e-06     1.01173588438e-08     2.56805114273e-06     
3.98699088901         6.5260890047e-07      7.59024539102e-10     6.5260890047e-07      7.59024539102e-10     6.75987336625e-07     -3.45195956854e-08    
4.1669123397          2.0392640659e-06      5.6727068239e-09      2.0392640659e-06      5.6727068239e-09      2.25227897798e-06     -1.56558205801e-07    
4.34683379038         1.90907660066e-06     9.83207241621e-09     1.90907660066e-06     9.83207241621e-09     2.24468385027e-06     -1.93733256675e-07    
4.52675524107         1.23033128836e-06     1.02598098258e-08     1.23033128836e-06     1.02598098258e-08     1.53898746225e-06     -1.56557758046e-07    
4.70667669175         6.39048190881e-07     7.94017797995e-09     6.39048190881e-07     7.94017797995e-09     8.50369242675e-07     -9.86204587842e-08    
4.88659814244         2.83945121025e-07     4.96803131761e-09     2.83945121025e-07     4.96803131761e-09     4.02137497411e-07     -5.19572376281e-08    
5.06651959312         1.11131633087e-07     2.62926971019e-09     1.11131633087e-07     2.62926971019e-09     1.67666391959e-07     -2.37321588567e-08    
5.24644104381         3.89548016338e-08     1.20921427173e-09     3.89548016338e-08     1.20921427173e-09     6.26933369705e-08     -9.59847662244e-09    
5.42636249449         1.23563522164e-08     4.91809752838e-10     1.23563522164e-08     4.91809752838e-10     2.1250254101e-08      -3.48431309286e-09    
5.60628394518         3.57095951692e-09     1.79042122555e-10     3.57095951692e-09     1.79042122555e-10     6.5767766056e-09      -1.14571993286e-09    
5.78620539586         9.44655455193e-10     5.88499042305e-11     9.44655455193e-10     5.88499042305e-11     1.86805649014e-09     -3.43508489892e-10    
5.96612684655         2.2949574136e-10      1.75781454714e-11     2.2949574136e-10      1.75781454714e-11     4.8879465404e-10      -9.43636177198e-11    
6.14604829723         5.13194600991e-11     4.79492976791e-12     5.13194600991e-11     4.79492976791e-12     1.18156551051e-10     -2.38388736755e-11    
6.32596974792         1.05796560895e-11     1.19908778612e-12     1.05796560895e-11     1.19908778612e-12     2.64449163723e-11     -5.55432486742e-12    
6.50589119861         2.01268419477e-12     2.75758046378e-13     2.01268419477e-12     2.75758046378e-13     5.48971853397e-12     -1.19631602219e-12    
6.68581264929         3.53470813411e-13     5.84600064254e-14     3.53470813411e-13     5.84600064254e-14     1.05841166408e-12     -2.38612540709e-13    
6.86573409998         5.7309627217e-14      1.14491769016e-14     5.7309627217e-14      1.14491769016e-14     1.8975687423e-13      -4.41440085607e-14    
7.04565555066         8.63324540841e-15     2.08951109359e-15     8.63324540841e-15     2.08951109359e-15     3.18877436849e-14     -7.6375994885e-15     
7.22557700135         1.19499332544e-15     3.52372678589e-16     1.19499332544e-15     3.52372678589e-16     4.97727172648e-15     -1.2249437224e-15     
7.40549845203         1.85251598356e-16     6.71509956257e-17     1.85251598356e-16     6.71509956257e-17     8.82008063321e-16     -2.2264595735e-16     
7.58541990272         1.46300328349e-17     6.6069958351e-18      1.46300328349e-17     6.6069958351e-18      8.10356633891e-17     -2.09479290491e-17    
7.7653413534          1.334506147e-17       7.65811985382e-18     1.334506147e-17       7.65811985382e-18     8.80430183163e-17     -2.32731920383e-17    
7.94526280409         1.17288988577e-17     8.80984531082e-18     1.17288988577e-17     8.80984531082e-18     9.52665258436e-17     -2.57175799202e-17    
8.12518425477         9.77114886405e-18     1.0065452182e-17      9.77114886405e-18     1.0065452182e-17      1.02700451868e-16     -2.82797923145e-17    
8.30510570546         7.46227128402e-18     1.14280515687e-17     7.46227128402e-18     1.14280515687e-17     1.10339314803e-16     -3.09584185078e-17    
8.48502715614         4.79350022397e-18     1.29005940049e-17     4.79350022397e-18     1.29005940049e-17     1.18178181874e-16     -3.37520232437e-17    
8.66494860683         1.75677107406e-18     1.44858776612e-17     1.75677107406e-18     1.44858776612e-17     1.26212446638e-16     -3.66592257596e-17    
8.84487005751         -1.65534487427e-18    1.61865563589e-17     -1.65534487427e-18    1.61865563589e-17     1.34437824526e-16     -3.9678662428e-17     
9.0247915082          -5.44969901117e-18    1.80051473339e-17     -5.44969901117e-18    1.80051473339e-17     1.42850331172e-16     -4.28089922076e-17    
9.20471295888         -9.63261794612e-18    1.99440387085e-17     -9.63261794612e-18    1.99440387085e-17     1.51446259853e-16     -4.6048900824e-17     
9.38463440957         -1.4209950671e-17     2.2005496646e-17      -1.4209950671e-17     2.2005496646e-17      1.6022216019e-16      -4.93971039135e-17    
9.56455586025         -1.91871109433e-17    2.41916721727e-17     -1.91871109433e-17    2.41916721727e-17     1.6917481843e-16      -5.28523493195e-17    
9.74447731094         -2.45691154168e-17    2.6504607661e-17      -2.45691154168e-17    2.6504607661e-17      1.78301239257e-16     -5.64134186988e-17    
9.92439876163         -3.03606179851e-17    2.89462429756e-17     -3.03606179851e-17    2.89462429756e-17     1.87598629072e-16     -6.00791285658e-17    
10.1043202123         -3.65659407515e-17    3.15184212849e-17     -3.65659407515e-17    3.15184212849e-17     1.97064380632e-16     -6.38483308831e-17    
10.284241663          -4.31891019895e-17    3.42228945499e-17     -4.31891019895e-17    3.42228945499e-17     2.06696058946e-16     -6.77199132853e-17    
10.4641631137         -5.0233841417e-17     3.70613286981e-17     -5.0233841417e-17     3.70613286981e-17     2.1649138833e-16      -7.16927990081e-17    
10.6440845644         -5.77036430695e-17    4.00353084972e-17     -5.77036430695e-17    4.00353084972e-17     2.26448240526e-16     -7.57659465845e-17    
10.8240060151         -6.56017560259e-17    4.31463421407e-17     -6.56017560259e-17    4.31463421407e-17     2.36564623782e-16     -7.99383493553e-17    
11.0039274657         -7.39312132102e-17    4.6395865561e-17      -7.39312132102e-17    4.6395865561e-17      2.46838672843e-16     -8.42090348359e-17    
11.1838489164         -8.26948484693e-17    4.97852464819e-17     -8.26948484693e-17    4.97852464819e-17     2.57268639736e-16     -8.85770639729e-17    
11.3637703671         -9.18953121016e-17    5.33157882275e-17     -9.18953121016e-17    5.33157882275e-17     2.67852885311e-16     -9.30415303169e-17    
11.5436918178         -1.01535084995e-16    5.69887332991e-17     -1.01535084995e-16    5.69887332991e-17     2.7858987146e-16      -9.76015591358e-17    
11.7236132685         -1.11616491512e-16    6.08052667343e-17     -1.11616491512e-16    6.08052667343e-17     2.89478153956e-16     -1.02256306486e-16    
11.9035347192         -1.2214171125e-16     6.47665192627e-17     -1.2214171125e-16     6.47665192627e-17     3.00516375859e-16     -1.07004958255e-16    
12.0834561698         -1.33112789776e-16    6.88735702683e-17     -1.33112789776e-16    6.88735702683e-17     3.11703261447e-16     -1.11846729194e-16    
12.2633776205         -1.44531648457e-16    7.31274505719e-17     -1.44531648457e-16    7.31274505719e-17     3.23037610616e-16     -1.1678086194e-16     
12.4432990712         -1.56400093448e-16    7.75291450457e-17     -1.56400093448e-16    7.75291450457e-17     3.34518293714e-16     -1.21806626047e-16    
12.6232205219         -1.68719823931e-16    8.2079595068e-17      -1.68719823931e-16    8.2079595068e-17      3.4614424678e-16      -1.2692331702e-16     
12.8031419726         -1.81492439682e-16    8.67797008313e-17     -1.81492439682e-16    8.67797008313e-17     3.57914467138e-16     -1.32130255373e-16    
12.9830634233         -1.94719448007e-16    9.16303235103e-17     -1.94719448007e-16    9.16303235103e-17     3.69828009332e-16     -1.37426785697e-16    
13.162984874          -2.08402270131e-16    9.66322873014e-17     -2.08402270131e-16    9.66322873014e-17     3.81883981362e-16     -1.42812275755e-16    
13.3429063246         -2.22542247066e-16    1.0178638134e-16      -2.22542247066e-16    1.0178638134e-16      3.94081541199e-16     -1.48286115598e-16    
13.5228277753         -2.37140645025e-16    1.07093361504e-16     -2.37140645025e-16    1.07093361504e-16     4.06419893564e-16     -1.53847716709e-16    
13.702749226          -2.52198660407e-16    1.12553952112e-16     -2.52198660407e-16    1.12553952112e-16     4.1889828694e-16      -1.59496511174e-16    
13.8826706767         -2.67717424401e-16    1.1816884752e-16      -2.67717424401e-16    1.1816884752e-16      4.31516010796e-16     -1.65231950873e-16    
14.0625921274         -2.83698007233e-16    1.23938713629e-16     -2.83698007233e-16    1.23938713629e-16     4.44272393022e-16     -1.71053506714e-16    
14.2425135781         -3.00141422103e-16    1.298641893e-16       -3.00141422103e-16    1.298641893e-16       4.57166797537e-16     -1.76960667875e-16    
14.4224350288         -3.17048628814e-16    1.3594588769e-16      -3.17048628814e-16    1.3594588769e-16      4.70198622075e-16     -1.82952941093e-16    
14.6023564794         -3.34420537146e-16    1.42184397517e-16     -3.34420537146e-16    1.42184397517e-16     4.83367296124e-16     -1.89029849968e-16    
14.7822779301         -3.52258009972e-16    1.48580284239e-16     -3.52258009972e-16    1.48580284239e-16     4.96672279013e-16     -1.95190934295e-16    
14.9621993808         -3.70561866155e-16    1.55134091185e-16     -3.70561866155e-16    1.55134091185e-16     5.10113058129e-16     -2.01435749429e-16    
15.1421208315         -3.89332883237e-16    1.61846340608e-16     -3.89332883237e-16    1.61846340608e-16     5.23689147265e-16     -2.07763865671e-16    
15.3220422822         -4.08571799934e-16    1.68717534683e-16     -4.08571799934e-16    1.68717534683e-16     5.3740008509e-16      -2.14174867676e-16    
15.5019637329         -4.28279318462e-16    1.75748156459e-16     -4.28279318462e-16    1.75748156459e-16     5.51245433732e-16     -2.20668353891e-16    
15.6818851836         -4.48456106694e-16    1.82938670742e-16     -4.48456106694e-16    1.82938670742e-16     5.65224777477e-16     -2.27243936015e-16    
15.8618066342         -4.69102800172e-16    1.90289524946e-16     -4.69102800172e-16    1.90289524946e-16     5.79337721621e-16     -2.33901238479e-16    
16.0417280849         -4.90220003988e-16    1.97801149888e-16     -4.90220003988e-16    1.97801149888e-16     5.93583891509e-16     -2.40639897949e-16    
16.2216495356         -5.11808294524e-16    2.05473960544e-16     -5.11808294524e-16    2.05473960544e-16     6.07962932021e-16     -2.47459562853e-16    
16.4015709863         -5.33868221092e-16    2.13308356765e-16     -5.33868221092e-16    2.13308356765e-16     6.22474508808e-16     -2.54359892922e-16    
16.581492437          -5.56400307455e-16    2.21304723954e-16     -5.56400307455e-16    2.21304723954e-16     6.37118322761e-16     -2.61340581537e-16    
16.7614138877         -5.79405053252e-16    2.29463433708e-16     -5.79405053252e-16    2.29463433708e-16     6.51893998621e-16     -2.68401333506e-16    
16.9413353384         -6.02882935326e-16    2.37784844425e-16     -6.02882935326e-16    2.37784844425e-16     6.66801253399e-16     -2.75541795966e-16    
17.121256789          -6.26834408981e-16    2.46269301884e-16     -6.26834408981e-16    2.46269301884e-16     6.81839815382e-16     -2.8276166969e-16     
17.3011782397         -6.51259909137e-16    2.54917139787e-16     -6.51259909137e-16    2.54917139787e-16     6.97009420608e-16     -2.90060664749e-16    
17.4810996904         -6.76159851432e-16    2.63728680285e-16     -6.76159851432e-16    2.63728680285e-16     7.12309816223e-16     -2.97438500168e-16    
17.6610211411         -7.01534633245e-16    2.72704234466e-16     -7.01534633245e-16    2.72704234466e-16     7.27740760609e-16     -3.04894903584e-16    
17.8409425918         -7.27384634658e-16    2.81844102826e-16     -7.27384634658e-16    2.81844102826e-16     7.43302023038e-16     -3.1242961093e-16     
18.0208640425         -7.53710219356e-16    2.91148575711e-16     -7.53710219356e-16    2.91148575711e-16     7.58993383202e-16     -3.20042366122e-16    
18.2007854931         -7.80511735482e-16    3.00617933744e-16     -7.80511735482e-16    3.00617933744e-16     7.74814630727e-16     -3.27732920765e-16    
18.3807069438         -8.07789516428e-16    3.10252448223e-16     -8.07789516428e-16    3.10252448223e-16     7.9076556469e-16      -3.35501033873e-16    
18.5606283945         -8.35543881586e-16    3.20052381509e-16     -8.35543881586e-16    3.20052381509e-16     8.06845993151e-16     -3.43346471595e-16    
18.7405498452         -8.63775137054e-16    3.30017987383e-16     -8.63775137054e-16    3.30017987383e-16     8.23055732714e-16     -3.51269006959e-16    
18.9204712959         -8.92483576301e-16    3.40149511397e-16     -8.92483576301e-16    3.40149511397e-16     8.39394608097e-16     -3.59268419621e-16    
19.1003927466         -9.21669480786e-16    3.50447191205e-16     -9.21669480786e-16    3.50447191205e-16     8.55862451737e-16     -3.67344495625e-16    
19.2803141973         -9.51333120558e-16    3.60911256874e-16     -9.51333120558e-16    3.60911256874e-16     8.72459103408e-16     -3.75497027182e-16    
19.4602356479         -9.814747548e-16      3.71541931184e-16     -9.814747548e-16      3.71541931184e-16     8.89184409865e-16     -3.83725812442e-16    
19.6401570986         -1.01209463236e-15    3.82339429915e-16     -1.01209463236e-15    3.82339429915e-16     9.06038224499e-16     -3.9203065529e-16     
19.8200785493         -1.04319299224e-15    3.93303962121e-16     -1.04319299224e-15    3.93303962121e-16     9.23020407023e-16     -4.00411365144e-16    
20                    0                     0                     0                     0                     0                     0                     
