0.0779191396          0                     0                     0                     0                     0                     0                     
0.087577837391        0.613231227025        0.221673638559        0.613231227025        0.221673638559        0.14669117808         0.104996100568        
0.0972365351819       3.09624624634         0.79318906734         3.09624624634         0.79318906734         0.799956564268        0.386251635869        
0.106895232973        6.84524702046         1.03930483592         6.84524702046         1.03930483592         1.87581713897         0.531640087937        
0.116553930764        10.7922219869         0.469159726872        10.7922219869         0.469159726872        3.06771552494         0.299154981198        
0.126212628555        14.0075450438         -0.829686473812       14.0075450438         -0.829686473812       4.02607918715         -0.286160561078       
0.135871326346        16.1711299616         -2.37105288697        16.1711299616         -2.37105288697        4.61769142241         -1.00048548097        
0.145530024137        17.4218599053         -3.80910648905        17.4218599053         -3.80910648905        4.89804013061         -1.67691732083        
0.155188721928        17.9960767958         -5.0192082268         17.9960767958         -5.0192082268         4.96134684295         -2.25183061292        
0.164847419719        18.0951778048         -5.97988102032        18.0951778048         -5.97988102032        4.88392659299         -2.71202857601        
0.17450611751         17.8684171688         -6.70541457797        17.8684171688         -6.70541457797        4.71915535435         -3.06256513454        
0.184164815301        17.4266960465         -7.23441472726        17.4266960465         -7.23441472726        4.50411282581         -3.32047519054        
0.193823513091        16.8461965599         -7.59751356695        16.8461965599         -7.59751356695        4.26246367928         -3.49972500608        
0.203482210882        16.1827503051         -7.82594099348        16.1827503051         -7.82594099348        4.01060505235         -3.61480089414        
0.213140908673        15.4763014876         -7.94514977635        15.4763014876         -7.94514977635        3.75948898465         -3.67783400207        
0.222799606464        14.756630907          -7.98503092932        14.756630907          -7.98503092932        3.5165292315          -3.70236907235        
0.232458304255        14.038150967          -7.9573604567         14.038150967          -7.9573604567         3.28409135748         -3.69451668717        
0.242117002046        13.3315212836         -7.88346151118        13.3315212836         -7.88346151118        3.06369429038         -3.66408647638        
0.251775699837        12.6456569881         -7.77171161506        12.6456569881         -7.77171161506        2.85625813188         -3.61527628671        
0.261434397628        11.9850936997         -7.63049781643        11.9850936997         -7.63049781643        2.66203008729         -3.55206112409        
0.271093095419        11.3536370274         -7.46745987203        11.3536370274         -7.46745987203        2.48118839427         -3.47809338937        
0.28075179321         10.7536511238         -7.28873377598        10.7536511238         -7.28873377598        2.31356144211         -3.39631061507        
0.290410491001        10.1858790237         -7.09973104617        10.1858790237         -7.09973104617        2.15874643922         -3.30932253294        
0.300069188792        9.64971530815         -6.90428201566        9.64971530815         -6.90428201566        2.01593525463         -3.21897996468        
0.309727886583        9.1443034431          -6.70631765318        9.1443034431          -6.70631765318        1.88421989562         -3.12719644749        
0.319386584374        8.66846234505         -6.50785180555        8.66846234505         -6.50785180555        1.76276166703         -3.03496295404        
0.329045282165        8.22024396971         -6.31120808461        8.22024396971         -6.31120808461        1.65050942067         -2.9434165704         
0.338703979956        7.79787963557         -6.11729304895        7.79787963557         -6.11729304895        1.54657198439         -2.85301840213        
0.348362677747        7.39985748249         -5.92692132628        7.39985748249         -5.92692132628        1.45019890688         -2.76417915957        
0.358021375538        7.02479856335         -5.74049962924        7.02479856335         -5.74049962924        1.36078918495         -2.67714547731        
0.367680073329        6.67172966309         -5.55929719167        6.67172966309         -5.55929719167        1.27788587866         -2.59249802172        
0.37733877112         6.33700948782         -5.38208598423        6.33700948782         -5.38208598423        1.20011477082         -2.50980497959        
0.386997468911        6.02199850044         -5.20981482002        6.02199850044         -5.20981482002        1.12779922022         -2.42935828213        
0.396656166702        5.72442571224         -5.04260410788        5.72442571224         -5.04260410788        1.06031077164         -2.35122065655        
0.406314864492        5.44389187684         -4.8802006851         5.44389187684         -4.8802006851         0.997415642822        -2.2752948685         
0.415973562283        5.17924264216         -4.72265318408        5.17924264216         -4.72265318408        0.938770206011        -2.20161853598        
0.425632260074        4.92939383634         -4.57002223458        4.92939383634         -4.57002223458        0.884051965635        -2.13022386366        
0.435290957865        4.6935864225          -4.42228265792        4.6935864225          -4.42228265792        0.832990382961        -2.06109683524        
0.444949655656        4.470950611           -4.27927766442        4.470950611           -4.27927766442        0.785361916763        -1.99417231956        
0.454608353447        4.26077159064         -4.14122176946        4.26077159064         -4.14122176946        0.740929073753        -1.92955015687        
0.464267051238        4.06230715152         -4.00787880222        4.06230715152         -4.00787880222        0.699457323735        -1.86710823343        
0.473925749029        3.87466304555         -3.87968320179        3.87466304555         -3.87968320179        0.660715475276        -1.80710374046        
0.48358444682         3.69741977341         -3.75522663722        3.69741977341         -3.75522663722        0.624600420142        -1.74882186448        
0.493243144611        3.52951910144         -3.63557492542        3.52951910144         -3.63557492542        0.59074198394         -1.69278556795        
0.502901842402        3.3708749477          -3.52021501979        3.3708749477          -3.52021501979        0.559176590736        -1.6387784739         
0.512560540193        3.22084569636         -3.40946285995        3.22084569636         -3.40946285995        0.529709387829        -1.58693297134        
0.522219237984        3.0783703745          -3.30290948591        3.0783703745          -3.30290948591        0.50198601475         -1.53705818701        
0.531877935775        2.94336432261         -3.20072428469        2.94336432261         -3.20072428469        0.475941765564        -1.48923304281        
0.541536633566        2.81495974419         -3.10227896678        2.81495974419         -3.10227896678        0.451378621566        -1.44316785288        
0.551195331357        2.69285435966         -3.007578339          2.69285435966         -3.007578339          0.428190706404        -1.39886335665        
0.560854029148        2.57664571791         -2.91638542761        2.57664571791         -2.91638542761        0.406277045561        -1.3562117197         
0.570512726939        2.46592333631         -2.82846734211        2.46592333631         -2.82846734211        0.385529434524        -1.31510034731        
0.58017142473         2.360345029           -2.74387662872        2.360345029           -2.74387662872        0.365834991551        -1.2755561241         
0.589830122521        2.25930258135         -2.66202135224        2.25930258135         -2.66202135224        0.347030888715        -1.23733393775        
0.599488820312        2.16295096911         -2.58289723758        2.16295096911         -2.58289723758        0.329181210012        -1.2004065948         
0.609147518103        2.07118445829         -2.50657426465        2.07118445829         -2.50657426465        0.312281942801        -1.16479107013        
0.618806215893        1.98368179338         -2.43236774248        1.98368179338         -2.43236774248        0.296329024445        -1.13016268128        
0.628464913684        1.90026259269         -2.36104774391        1.90026259269         -2.36104774391        0.281193757816        -1.0968975201         
0.638123611475        1.82052041118         -2.29205345519        1.82052041118         -2.29205345519        0.266780322969        -1.06472376042        
0.647782309266        1.74430507985         -2.22531729235        1.74430507985         -2.22531729235        0.253072983835        -1.0336110264         
0.657441007057        1.67148397105         -2.16073789847        1.67148397105         -2.16073789847        0.240044381488        -1.00351103662        
0.667099704848        1.6018972071          -2.09822117561        1.6018972071          -2.09822117561        0.227661021423        -0.974375929894       
0.676758402639        1.53533909774         -2.03763861968        1.53533909774         -2.03763861968        0.215879329569        -0.946147076762       
0.68641710043         1.4717514864          -1.97895717253        1.4717514864          -1.97895717253        0.204703882696        -0.918809886294       
0.696075798221        1.41085230178         -1.92201594727        1.41085230178         -1.92201594727        0.194057940761        -0.892287091952       
0.705734496012        1.35283272935         -1.86691398837        1.35283272935         -1.86691398837        0.184031067994        -0.866627671801       
0.715393193803        1.29728355166         -1.8135418413         1.29728355166         -1.8135418413         0.174496218968        -0.841779256412       
0.725051891594        1.24419725762         -1.76193739375        1.24419725762         -1.76193739375        0.165460516559        -0.817756373104       
0.734710589385        1.19333759451         -1.71195818685        1.19333759451         -1.71195818685        0.156846566323        -0.794492892725       
0.744369287176        1.14471614434         -1.66346850929        1.14471614434         -1.66346850929        0.148695369656        -0.771926865026       
0.754027984967        1.09812082429         -1.61652199397        1.09812082429         -1.61652199397        0.140930161915        -0.750082727667       
0.763686682758        1.05343480202         -1.57105707801        1.05343480202         -1.57105707801        0.13353390899         -0.728931599262       
0.773345380549        1.01061387558         -1.52701596163        1.01061387558         -1.52701596163        0.126489885316        -0.708444288396       
0.78300407834         0.969444827685        -1.48426152998        0.969444827685        -1.48426152998        0.119746846915        -0.68856632726        
0.792662776131        0.929928666953        -1.44277136429        0.929928666953        -1.44277136429        0.113320981065        -0.669302138252       
0.802321473922        0.892086566969        -1.40263595138        0.892086566969        -1.40263595138        0.107194693474        -0.650658627279       
0.811980171713        0.855767472612        -1.36368805494        0.855767472612        -1.36368805494        0.101356699321        -0.63256631891        
0.821638869504        0.820847259293        -1.32588609725        0.820847259293        -1.32588609725        0.0957647769932       -0.615012248303       
0.831297567294        0.787303086216        -1.28916070624        0.787303086216        -1.28916070624        0.0904230229292       -0.597963129827       
0.840956265085        0.755091299038        -1.253561133          0.755091299038        -1.253561133          0.0853242148832       -0.581441127566       
0.850614962876        0.72408825609         -1.21897640863        0.72408825609         -1.21897640863        0.0804396437483       -0.565392716531       
0.860273660667        0.694247961821        -1.18532949806        0.694247961821        -1.18532949806        0.0757456162339       -0.549783121531       
0.869932358458        0.665489118556        -1.15263388718        0.665489118556        -1.15263388718        0.0712329943146       -0.534618500532       
0.879591056249        0.637816228317        -1.12083215427        0.637816228317        -1.12083215427        0.066907490948        -0.51987139566        
0.88924975404         0.611171621722        -1.08988442926        0.611171621722        -1.08988442926        0.0627629935231       -0.505525708564       
0.898908451831        0.585515262398        -1.05974700102        0.585515262398        -1.05974700102        0.0587841810934       -0.491557272664       
0.908567149622        0.560764877265        -1.03037275643        0.560764877265        -1.03037275643        0.0549579769257       -0.477944015946       
0.918225847413        0.536952083264        -1.0017492445         0.536952083264        -1.0017492445         0.0512988522645       -0.46468042064        
0.927884545204        0.513983657855        -0.973799848862       0.513983657855        -0.973799848862       0.0477843386277       -0.45173119269        
0.937543242995        0.491824687599        -0.946522251873       0.491824687599        -0.946522251873       0.0444117915751       -0.439094729678       
0.947201940786        0.47043646644         -0.919880428692       0.47043646644         -0.919880428692       0.0411673783512       -0.426755713035       
0.956860638577        0.449766863843        -0.893732760346       0.449766863843        -0.893732760346       0.0380552120243       -0.414655158581       
0.966519336368        0.429819334827        -0.868077585987       0.429819334827        -0.868077585987       0.0350796780076       -0.402778504351       
0.976178034159        0.410474686459        -0.842683231995       0.410474686459        -0.842683231995       0.0322375222911       -0.391021236634       
0.98583673195         0.39100304943         -0.816121023265       0.39100304943         -0.816121023265       0.0294638064726       -0.378721477892       
0.995495429741        0.371909427122        -0.789312901238       0.371909427122        -0.789312901238       0.026813475875        -0.366307368605       
1.00515412753         0.353736159634        -0.763578097127       0.353736159634        -0.763578097127       0.0243081839363       -0.354391421527       
1.01481282532         0.336429884642        -0.738830372836       0.336429884642        -0.738830372836       0.0219401038916       -0.342933031115       
1.02447152311         0.319915497592        -0.71497265475        0.319915497592        -0.71497265475        0.0196979533141       -0.33188730213        
1.0341302209          0.304181630296        -0.691971686364       0.304181630296        -0.691971686364       0.0175846144908       -0.321238687024       
1.0437889187          0.289140297163        -0.669797648095       0.289140297163        -0.669797648095       0.0155749392589       -0.31097398498        
1.05344761649         0.274747049405        -0.648347464132       0.274747049405        -0.648347464132       0.0136678169275       -0.301045153803       
1.06310631428         0.261065311072        -0.627677481476       0.261065311072        -0.627677481476       0.0118833674042       -0.291476361126       
1.07276501207         0.247840136681        -0.607634500603       0.247840136681        -0.607634500603       0.010139751585        -0.282202411189       
1.08242370986         0.235239587958        -0.588289047481       0.235239587958        -0.588289047481       0.00850060609195      -0.27324924039        
1.09208240765         0.223109920882        -0.569552000887       0.223109920882        -0.569552000887       0.00691449294123      -0.264585734997       
1.10174110544         0.21153575696         -0.551381893625       0.21153575696         -0.551381893625       0.00542218103291      -0.256182116218       
1.11139980323         0.200475221709        -0.5338205352         0.200475221709        -0.5338205352         0.00400775200534      -0.248059567148       
1.12105850102         0.189914143557        -0.516810025336       0.189914143557        -0.516810025336       0.00267276409051      -0.240191486247       
1.13071719881         0.179800605026        -0.500341186267       0.179800605026        -0.500341186267       0.0014044924436       -0.232574985969       
1.14037589661         0.170121015114        -0.484374017263       0.170121015114        -0.484374017263       0.000202507231254     -0.225189962144       
1.1500345944          0.160855707803        -0.46892694457        0.160855707803        -0.46892694457        -0.000940761361736    -0.2180446156         
1.15969329219         0.151998665538        -0.453924169563       0.151998665538        -0.453924169563       -0.00201694795111     -0.211107397651       
1.16935198998         0.143580400917        -0.439436672932       0.143580400917        -0.439436672932       -0.00301560391125     -0.204405279104       
1.17901068777         0.135506528567        -0.425377926412       0.135506528567        -0.425377926412       -0.00396696812081     -0.197902427325       
1.18866938556         0.127762110649        -0.411728906243       0.127762110649        -0.411728906243       -0.0048691655242      -0.191588945299       
1.19832808335         0.120384804156        -0.39859160599        0.120384804156        -0.39859160599        -0.00572104075904     -0.185512010314       
1.20798678114         0.113324489121        -0.385788004169       0.113324489121        -0.385788004169       -0.00651564339435     -0.179591470516       
1.21764547893         0.106551377401        -0.373350015833       0.106551377401        -0.373350015833       -0.00727829978769     -0.173840004344       
1.22730417672         0.100106262043        -0.361317405383       0.100106262043        -0.361317405383       -0.00798230818555     -0.168274648548       
1.23696287451         0.093962121925        -0.349691597229       0.093962121925        -0.349691597229       -0.00864143927256     -0.162897212203       
1.24662157231         0.0880798177591       -0.338372114471       0.0880798177591       -0.338372114471       -0.00925747349889     -0.15766093454        
1.2562802701          0.0824696072518       -0.327425747027       0.0824696072518       -0.327425747027       -0.00983329392065     -0.152596980374       
1.26593896789         0.0771011392007       -0.316812209735       0.0771011392007       -0.316812209735       -0.0103760328704      -0.147687126864       
1.27559766568         0.0719737379403       -0.306532145036       0.0719737379403       -0.306532145036       -0.0108836978711      -0.142930981723       
1.28525636347         0.067078933259        -0.296577740021       0.067078933259        -0.296577740021       -0.0113585869805      -0.138325457991       
1.29491506126         0.0623848201119       -0.286902317163       0.0623848201119       -0.286902317163       -0.0118068513549      -0.133849261838       
1.30457375905         0.0578931747437       -0.277490830841       0.0578931747437       -0.277490830841       -0.0122272866836      -0.129496225242       
1.31423245684         0.0536227159549       -0.268384015154       0.0536227159549       -0.268384015154       -0.0126137413111      -0.125282886199       
1.32389115463         0.0495463891863       -0.259540945397       0.0495463891863       -0.259540945397       -0.0129725779119      -0.1211912132         
1.33354985242         0.0456642586747       -0.250955293305       0.0456642586747       -0.250955293305       -0.0133006709338      -0.117217701927       
1.34320855022         0.0419628542227       -0.242631390977       0.0419628542227       -0.242631390977       -0.0136029979856      -0.113364895061       
1.35286724801         0.0384337155198       -0.234539239476       0.0384337155198       -0.234539239476       -0.0138787408635      -0.109618857252       
1.3625259458          0.0350753256747       -0.226705443527       0.0350753256747       -0.226705443527       -0.0141304954757      -0.105992073154       
1.37218464359         0.0318806570245       -0.219081283047       0.0318806570245       -0.219081283047       -0.0143557718145      -0.102461449133       
1.38184334138         0.028816020846        -0.21169581998        0.028816020846        -0.21169581998        -0.0145687762426      -0.0990426728703      
1.39150203917         0.025915161804        -0.204522812037       0.025915161804        -0.204522812037       -0.0147545579531      -0.0957208345443      
1.40116073696         0.0231592281317       -0.197561806106       0.0231592281317       -0.197561806106       -0.0149185163481      -0.0924965691763      
1.41081943475         0.0205409375086       -0.190801132208       0.0205409375086       -0.190801132208       -0.0150618790718      -0.0893645650716      
1.42047813254         0.0180509633155       -0.184243016989       0.0180509633155       -0.184243016989       -0.0151875385262      -0.0863257771768      
1.43013683033         0.0156855951091       -0.177877691139       0.0156855951091       -0.177877691139       -0.0152955200447      -0.0833757739577      
1.43979552812         0.0134438004211       -0.171703955935       0.0134438004211       -0.171703955935       -0.0153854681408      -0.0805142870651      
1.44945422592         0.011303619474        -0.165697371855       0.011303619474        -0.165697371855       -0.015464394639       -0.0777302210412      
1.45911292371         0.00928377847711      -0.15986839769        0.00928377847711      -0.15986839769        -0.0155241943946      -0.0750275472111      
1.4687716215          0.00737207822771      -0.154209530078       0.00737207822771      -0.154209530078       -0.0155685552534      -0.0724031431237      
1.47843031929         0.0055638405117       -0.148712469719       0.0055638405117       -0.148712469719       -0.0155977462719      -0.0698531984289      
1.48808901708         0.00385490808274      -0.143372262828       0.00385490808274      -0.143372262828       -0.0156124325404      -0.0673748649524      
1.49774771487         0.00223717125015      -0.13819146879        0.00223717125015      -0.13819146879        -0.015615504514       -0.0649709790289      
1.50740641266         0.000714108519038     -0.133155846893       0.000714108519038     -0.133155846893       -0.0156042423966      -0.0626335748475      
1.51706511045         -0.000720287196857    -0.128265735183       -0.000720287196857    -0.128265735183       -0.0155802361577      -0.0603628152094      
1.52672380824         -0.00206912065975     -0.123522045355       -0.00206912065975     -0.123522045355       -0.0155443353646      -0.0581594668735      
1.53638250603         -0.00333420156104     -0.118911314956       -0.00333420156104     -0.118911314956       -0.0154954918764      -0.0560172042096      
1.54604120383         -0.0045261288479      -0.114440450766       -0.0045261288479      -0.114440450766       -0.0154381663069      -0.053939581013       
1.55569990162         -0.00563959276926     -0.110096163964       -0.00563959276926     -0.110096163964       -0.0153689509581      -0.0519200223713      
1.56535859941         -0.00667998435909     -0.105876812825       -0.00667998435909     -0.105876812825       -0.0152890829432      -0.0499578185459      
1.5750172972          -0.00765105771655     -0.101776051303       -0.00765105771655     -0.101776051303       -0.0151991431463      -0.0480500246948      
1.58467599499         -0.0085564752079      -0.0977979928195      -0.0085564752079      -0.0977979928195      -0.0151006819955      -0.046198851993       
1.59433469278         -0.00939562981285     -0.0939335944735      -0.00939562981285     -0.0939335944735      -0.0149923143601      -0.0443997844457      
1.60399339057         -0.0101729285314      -0.0901914839791      -0.0101729285314      -0.0901914839791      -0.014876541427       -0.0426570687657      
1.61365208836         -0.0108881832988      -0.0865478100708      -0.0108881832988      -0.0865478100708      -0.0147502845949      -0.0409594546067      
1.62331078615         -0.0115521343542      -0.0830201218509      -0.0115521343542      -0.0830201218509      -0.0146192926615      -0.0393152850857      
1.63296948394         -0.0121530519809      -0.0795964181723      -0.0121530519809      -0.0795964181723      -0.0144773032025      -0.0377187190138      
1.64262818173         -0.0127045385954      -0.0762724463955      -0.0127045385954      -0.0762724463955      -0.0143294774851      -0.0361680933367      
1.65228687953         -0.0132045935244      -0.0730524625076      -0.0132045935244      -0.0730524625076      -0.0141750284709      -0.0346652592577      
1.66194557732         -0.0136561794372      -0.0699312988269      -0.0136561794372      -0.0699312988269      -0.0140143305672      -0.0332078837667      
1.67160427511         -0.0140614764878      -0.066908926822       -0.0140614764878      -0.066908926822       -0.0138481355454      -0.0317959582458      
1.6812629729          -0.0144236246414      -0.0639858321715      -0.0144236246414      -0.0639858321715      -0.0136776013662      -0.0304297823825      
1.69092167069         -0.0147598180252      -0.0612281191348      -0.0147598180252      -0.0612281191348      -0.0135175910732      -0.0291408408867      
1.70058036848         -0.015165179157       -0.0589985329893      -0.015165179157       -0.0589985329893      -0.0134510455612      -0.0281021299871      
1.71023906627         -0.015531504109       -0.0567494486695      -0.015531504109       -0.0567494486695      -0.0133688121617      -0.0270529389367      
1.71989776406         -0.0158471982526      -0.0545122295661      -0.0158471982526      -0.0545122295661      -0.0132677542655      -0.0260083694599      
1.72955646185         -0.0161189123543      -0.0522919553213      -0.0161189123543      -0.0522919553213      -0.0131516679152      -0.0249707454722      
1.73921515964         -0.0163478280381      -0.0500942872592      -0.0163478280381      -0.0500942872592      -0.0130214947358      -0.0239427642062      
1.74887385744         -0.0165352718897      -0.0479221061709      -0.0165352718897      -0.0479221061709      -0.0128780847065      -0.0229257352141      
1.75853255523         -0.0166807606535      -0.0457797611038      -0.0166807606535      -0.0457797611038      -0.0127213685312      -0.0219217703927      
1.76819125302         -0.0167866271017      -0.0436685662233      -0.0167866271017      -0.0436685662233      -0.0125524678408      -0.0209314807241      
1.77784995081         -0.0168510559277      -0.041589948498       -0.0168510559277      -0.041589948498       -0.0123705131983      -0.0199555247068      
1.7875086486          -0.0168771584051      -0.0395479468313      -0.0168771584051      -0.0395479468313      -0.0121770739325      -0.0189958126667      
1.79716734639         -0.0168644077084      -0.037543136311       -0.0168644077084      -0.037543136311       -0.0119718264598      -0.0180526375994      
1.80682604418         -0.0168133904346      -0.0355776223673      -0.0168133904346      -0.0355776223673      -0.0117550078038      -0.0171269971758      
1.81648474197         -0.0167257910046      -0.0336527881394      -0.0167257910046      -0.0336527881394      -0.0115273447621      -0.0162195398552      
1.82614343976         -0.0166008370881      -0.0317695584405      -0.0166008370881      -0.0317695584405      -0.0112884263995      -0.0153307541875      
1.83580213755         -0.0164404696957      -0.0299291527985      -0.0164404696957      -0.0299291527985      -0.0110390517319      -0.0144611823708      
1.84546083534         -0.016243930456       -0.0281334762005      -0.016243930456       -0.0281334762005      -0.0107787625833      -0.0136117480884      
1.85511953314         -0.016013440317       -0.0263840476845      -0.016013440317       -0.0263840476845      -0.0105085577538      -0.012783187672       
1.86477823093         -0.0157498578709      -0.0246812942         -0.0157498578709      -0.0246812942         -0.0102286522645      -0.0119757116511      
1.87443692872         -0.0154534953559      -0.0230275659891      -0.0154534953559      -0.0230275659891      -0.00993914483753     -0.0111904536429      
1.88409562651         -0.0151244361121      -0.0214224855523      -0.0151244361121      -0.0214224855523      -0.00963989504672     -0.0104272568505      
1.8937543243          -0.014764672095       -0.0198687678489      -0.014764672095       -0.0198687678489      -0.00933174773949     -0.00968742076838     
1.90341302209         -0.0143750920008      -0.0183667440387      -0.0143750920008      -0.0183667440387      -0.00901494508947     -0.00897111770742     
1.91307171988         -0.0139561025337      -0.0169184590397      -0.0139561025337      -0.0169184590397      -0.00868956294095     -0.00827934942739     
1.92273041767         -0.013509142479       -0.0155244771389      -0.013509142479       -0.0155244771389      -0.00835609934467     -0.00761240509615     
1.93238911546         -0.0130354847286      -0.0141866572057      -0.0130354847286      -0.0141866572057      -0.00801501659078     -0.00697120026169     
1.94204781325         -0.0125364921499      -0.0129063548846      -0.0125364921499      -0.0129063548846      -0.00766678136914     -0.00635641631253     
1.95170651105         -0.0120134648406      -0.0116851421338      -0.0120134648406      -0.0116851421338      -0.00731184860015     -0.00576883116467     
1.96136520884         -0.0114684326406      -0.0105244324022      -0.0114684326406      -0.0105244324022      -0.00695098789984     -0.00520916255651     
1.97102390663         -0.0109032308972      -0.00942613738973     -0.0109032308972      -0.00942613738973     -0.00658491284525     -0.00467837807684     
1.98068260442         -0.0103201215867      -0.00839171738467     -0.0103201215867      -0.00839171738467     -0.00621449369477     -0.00417723380748     
1.99034130221         -0.00972200544791     -0.00742305412359     -0.00972200544791     -0.00742305412359     -0.00584093403473     -0.00370669869274     
2                     -0.00911211783063     -0.00652152320396     -0.00911211783063     -0.00652152320396     -0.00546559106426     -0.00326750587417     
2.1922901849          -0.000503649376453    -8.88981888826e-05    -0.000503649376453    -8.88981888826e-05    -0.000324126325848    -4.9114319905e-05     
2.2092901849          -0.000277486057352    -4.1089868382e-05     -0.000277486057352    -4.1089868382e-05     -0.000180342819509    -2.28248099441e-05    
2.2262901849          -0.000116686917189    -1.12225849256e-05    -0.000116686917189    -1.12225849256e-05    -7.66165636666e-05    -6.1464725793e-06     
2.2432901849          -1.89337767522e-05    5.92140956376e-06     -1.89337767522e-05    5.92140956376e-06     -1.26439882136e-05    3.60594588524e-06     
2.2602901849          1.14460252376e-06     3.5139056636e-05      1.14460252376e-06     3.5139056636e-05      9.36318329539e-06     2.00101336818e-05     
2.2772901849          1.53033687129e-06     0.000110666246297     1.53033687129e-06     0.000110666246297     8.73350448423e-06     7.11420048935e-05     
2.2942901849          1.5547733806e-06      0.000198371428633     1.5547733806e-06      0.000198371428633     8.09045376811e-06     0.000132048790029     
2.3112901849          1.37075811244e-06     0.000287808628209     1.37075811244e-06     0.000287808628209     7.43058960885e-06     0.000195561707492     
2.3122901849          1.35576857611e-06     0.000293003566707     1.35576857611e-06     0.000293003566707     7.3917399887e-06      0.000199294083204     
2.49277701975         -7.7981093573e-07     0.000808243702416     -7.7981093573e-07     0.000808243702416     2.53713193461e-06     0.000617326639561     
2.6732638546          -1.55098416254e-08    0.000632159050562     -1.55098416254e-08    0.000632159050562     1.09676796059e-06     0.000528747117118     
2.85375068944         1.44111858613e-07     0.000290191146568     1.44111858613e-07     0.000290191146568     3.9346574424e-07      0.000264680603812     
3.03423752429         -3.04113113e-08       6.09086551802e-05     -3.04113113e-08       6.09086551802e-05     3.62314355228e-08     6.06328308001e-05     
3.21472435914         8.84080810305e-06     3.02279527828e-08     8.84080810305e-06     3.02279527828e-08     9.69440522734e-06     -1.12870323492e-07    
3.39521119399         5.54895375076e-05     4.71677651245e-07     5.54895375076e-05     4.71677651245e-07     6.58998593511e-05     -1.67872614923e-06    
3.57569802884         7.28303135726e-05     1.16130578422e-06     7.28303135726e-05     1.16130578422e-06     9.34862872252e-05     -3.44537479143e-06    
3.75618486368         6.32717072091e-05     1.64343361368e-06     6.32717072091e-05     1.64343361368e-06     8.77197997063e-05     -4.08870227509e-06    
3.93667169853         4.36509743358e-05     1.6959593577e-06      4.36509743358e-05     1.6959593577e-06      6.5385660505e-05      -3.60260124357e-06    
4.11715853338         2.55499775177e-05     1.40309036372e-06     2.55499775177e-05     1.40309036372e-06     4.13950489349e-05     -2.58554086039e-06    
4.29764536823         1.30997656874e-05     9.77118508479e-07     1.30997656874e-05     9.77118508479e-07     2.29974123608e-05     -1.58444136562e-06    
4.47813220308         5.9894501798e-06      5.8953995143e-07      5.9894501798e-06      5.8953995143e-07      1.14211180443e-05     -8.51118102518e-07    
4.65861903792         2.46900400588e-06     3.13936750677e-07     2.46900400588e-06     3.13936750677e-07     5.12981646743e-06     -4.07417906479e-07    
4.83910587277         9.24137024953e-07     1.49432058737e-07     9.24137024953e-07     1.49432058737e-07     2.10016138614e-06     -1.75764597137e-07    
5.01959270762         3.15536978279e-07     6.41587569849e-08     3.15536978279e-07     6.41587569849e-08     7.88012561396e-07     -6.88940587693e-08    
5.20007954247         9.85763972809e-08     2.50144918003e-08     9.85763972809e-08     2.50144918003e-08     2.72072618164e-07     -2.46686858363e-08    
5.38056637732         2.8228307085e-08      8.90156874206e-09     2.8228307085e-08      8.90156874206e-09     8.67004643646e-08     -8.10398864633e-09    
5.56105321216         7.41522188195e-09     2.90271598651e-09     7.41522188195e-09     2.90271598651e-09     2.55596993484e-08     -2.45065855316e-09    
5.74154004701         1.78650559463e-09     8.70107970799e-10     1.78650559463e-09     8.70107970799e-10     6.98370282471e-09     -6.83960611401e-10    
5.92202688186         3.94242253791e-10     2.40367003604e-10     3.94242253791e-10     2.40367003604e-10     1.77113952507e-09     -1.76546568384e-10    
6.10251371671         7.94727172774e-11     6.13212754189e-11     7.94727172774e-11     6.13212754189e-11     4.17418927803e-10     -4.22219284858e-11    
6.28300055156         1.45632673667e-11     1.44719861541e-11     1.45632673667e-11     1.44719861541e-11     9.15107996674e-11     -9.36748916267e-12    
6.4634873864          2.40551696302e-12     3.16416733916e-12     2.40551696302e-12     3.16416733916e-12     1.86776064784e-11     -1.93030709627e-12    
6.64397422125         3.52612247918e-13     6.41676077727e-13     3.52612247918e-13     6.41676077727e-13     3.55143118253e-12     -3.69788028254e-13    
6.8244610561          4.44350095905e-14     1.20832474735e-13     4.44350095905e-14     1.20832474735e-13     6.29523245548e-13     -6.59169117962e-14    
7.00494789095         4.44986532133e-15     2.12016840173e-14     4.44986532133e-15     2.12016840173e-14     1.04348718661e-13     -1.09694608384e-14    
7.18543472579         2.48070476541e-16     3.44728252583e-15     2.48070476541e-16     3.44728252583e-15     1.60799951596e-14     -1.69452548588e-15    
7.36592156064         -2.63823273172e-17    5.36082865344e-16     -2.63823273172e-17    5.36082865344e-16     2.3768993969e-15      -2.50755895084e-16    
7.54640839549         -2.82493225682e-17    1.80832024463e-16     -2.82493225682e-17    1.80832024463e-16     7.64171931008e-16     -8.06080348984e-17    
7.72689523034         -1.10366525265e-17    4.39431795549e-17     -1.10366525265e-17    4.39431795549e-17     1.77424538688e-16     -1.86923546696e-17    
7.90738206519         -1.65013867206e-17    4.91467894314e-17     -1.65013867206e-17    4.91467894314e-17     1.90023474248e-16     -1.99746030131e-17    
8.08786890003         -2.2508484075e-17     5.47054858511e-17     -2.2508484075e-17     5.47054858511e-17     2.02973832989e-16     -2.12682466211e-17    
8.26835573488         -2.90652247039e-17    6.06253925488e-17     -2.90652247039e-17    6.06253925488e-17     2.16270671407e-16     -2.25707692917e-17    
8.44884256973         -3.61782532915e-17    6.69122651589e-17     -3.61782532915e-17    6.69122651589e-17     2.29910313708e-16     -2.38791650581e-17    
8.62932940458         -4.38536433169e-17    7.35715167702e-17     -4.38536433169e-17    7.35715167702e-17     2.43889296223e-16     -2.51909848901e-17    
8.80981623943         -5.20969539601e-17    8.06082416341e-17     -5.20969539601e-17    8.06082416341e-17     2.58204372919e-16     -2.65038981553e-17    
8.99030307427         -6.09132806033e-17    8.80272371381e-17     -6.09132806033e-17    8.80272371381e-17     2.72852529214e-16     -2.78156872099e-17    
9.17078990912         -7.0307299722e-17     9.58330241554e-17     -7.0307299722e-17     9.58330241554e-17     2.87830968645e-16     -2.91242420192e-17    
9.35127674397         -8.02833088552e-17    1.04029865883e-16     -8.02833088552e-17    1.04029865883e-16     3.03137096544e-16     -3.04275548719e-17    
9.53176357882         -9.08452622493e-17    1.12621785275e-16     -9.08452622493e-17    1.12621785275e-16     3.18768504025e-16     -3.17237152281e-17    
9.71225041367         -1.01996802696e-16    1.21612581174e-16     -1.01996802696e-16    1.21612581174e-16     3.3472295301e-16      -3.30109047353e-17    
9.89273724851         -1.13741290016e-16    1.31005843239e-16     -1.13741290016e-16    1.31005843239e-16     3.5099836244e-16      -3.42873924315e-17    
10.0732240834         -1.26081826579e-16    1.40804965761e-16     -1.26081826579e-16    1.40804965761e-16     3.67592795658e-16     -3.55515301483e-17    
10.2537109182         -1.39021280207e-16    1.51013160454e-16     -1.39021280207e-16    1.51013160454e-16     3.84504448899e-16     -3.68017481216e-17    
10.4341977531         -1.52562304756e-16    1.61633468298e-16     -1.52562304756e-16    1.61633468298e-16     4.0173164078e-16      -3.8036550812e-17     
10.6146845879         -1.66707358638e-16    1.7266877051e-16      -1.66707358638e-16    1.7266877051e-16      4.19272802733e-16     -3.92545129342e-17    
10.7951714228         -1.81458721522e-16    1.84121798715e-16     -1.81458721522e-16    1.84121798715e-16     4.3712647027e-16      -4.04542756918e-17    
10.9756582576         -1.96818509405e-16    1.95995144376e-16     -1.96818509405e-16    1.95995144376e-16     4.55291275027e-16     -4.16345432119e-17    
11.1561450925         -2.12788688228e-16    2.08291267539e-16     -2.12788688228e-16    2.08291267539e-16     4.73765937495e-16     -4.27940791744e-17    
11.3366319273         -2.29371086208e-16    2.21012504956e-16     -2.29371086208e-16    2.21012504956e-16     4.92549260403e-16     -4.39317036262e-17    
11.5171187621         -2.46567405011e-16    2.34161077624e-16     -2.46567405011e-16    2.34161077624e-16     5.11640122675e-16     -4.5046289975e-17     
11.697605597          -2.64379229888e-16    2.47739097796e-16     -2.64379229888e-16    2.47739097796e-16     5.31037473937e-16     -4.61367621519e-17    
11.8780924318         -2.82808038888e-16    2.61748575499e-16     -2.82808038888e-16    2.61748575499e-16     5.5074032953e-16      -4.72020919363e-17    
12.0585792667         -3.01855211236e-16    2.76191424596e-16     -3.01855211236e-16    2.76191424596e-16     5.70747766031e-16     -4.82412964343e-17    
12.2390661015         -3.21522034961e-16    2.91069468436e-16     -3.21522034961e-16    2.91069468436e-16     5.91058917299e-16     -4.92534357011e-17    
12.4195529364         -3.41809713863e-16    3.0638444511e-16      -3.41809713863e-16    3.0638444511e-16      6.11672971171e-16     -5.02376105014e-17    
12.6000397712         -3.62719373857e-16    3.22138012358e-16     -3.62719373857e-16    3.22138012358e-16     6.32589167164e-16     -5.11929601983e-17    
12.7805266061         -3.84252068783e-16    3.38331752143e-16     -3.84252068783e-16    3.38331752143e-16     6.53806796461e-16     -5.21186607648e-17    
12.9610134409         -4.06408785715e-16    3.54967174918e-16     -4.06408785715e-16    3.54967174918e-16     6.75325210439e-16     -5.30139229087e-17    
13.1415002758         -4.29190449829e-16    3.72045723621e-16     -4.29190449829e-16    3.72045723621e-16     6.97143936616e-16     -5.38780633971e-17    
13.3219871106         -4.52597928859e-16    3.89568777396e-16     -4.52597928859e-16    3.89568777396e-16     7.19261996069e-16     -5.47106808688e-17    
13.5024739455         -4.76632037192e-16    4.07537655081e-16     -4.76632037192e-16    4.07537655081e-16     7.41678788573e-16     -5.55107041714e-17    
13.6829607803         -5.01293539632e-16    4.25953618473e-16     -5.01293539632e-16    4.25953618473e-16     7.64393848204e-16     -5.62774662255e-17    
13.8634476152         -5.26583154852e-16    4.44817875379e-16     -5.26583154852e-16    4.44817875379e-16     7.87406684849e-16     -5.70103268042e-17    
14.04393445           -5.52501558581e-16    4.64131582481e-16     -5.52501558581e-16    4.64131582481e-16     8.10716825534e-16     -5.77086712158e-17    
14.2244212849         -5.79049386535e-16    4.83895848018e-16     -5.79049386535e-16    4.83895848018e-16     8.34323819338e-16     -5.83719090611e-17    
14.4049081197         -6.06227237122e-16    5.04111734304e-16     -6.06227237122e-16    5.04111734304e-16     8.58227237877e-16     -5.89994730601e-17    
14.5853949546         -6.34035673939e-16    5.24780260092e-16     -6.34035673939e-16    5.24780260092e-16     8.82426674671e-16     -5.95908179435e-17    
14.7658817894         -6.62475228074e-16    5.4590240279e-16      -6.62475228074e-16    5.4590240279e-16      9.06921744155e-16     -6.01454194067e-17    
14.9463686243         -6.91546400243e-16    5.67479100551e-16     -6.91546400243e-16    5.67479100551e-16     9.31712080604e-16     -6.06627731202e-17    
15.1268554591         -7.21249662758e-16    5.89511254234e-16     -7.21249662758e-16    5.89511254234e-16     9.56797337044e-16     -6.11423937948e-17    
15.307342294          -7.51585461355e-16    6.11999729246e-16     -7.51585461355e-16    6.11999729246e-16     9.82177184196e-16     -6.15838142971e-17    
15.4878291288         -7.8255421689e-16     6.34945357283e-16     -7.8255421689e-16     6.34945357283e-16     1.00785130947e-15     -6.19865848137e-17    
15.6683159636         -8.14156326903e-16    6.58348937963e-16     -8.14156326903e-16    6.58348937963e-16     1.03381941601e-15     -6.23502720594e-17    
15.8488027985         -8.46392167083e-16    6.82211240374e-16     -8.46392167083e-16    6.82211240374e-16     1.06008122181e-15     -6.26744585275e-17    
16.0292896333         -8.79262092616e-16    7.06533004521e-16     -8.79262092616e-16    7.06533004521e-16     1.08663645883e-15     -6.2958741781e-17     
16.2097764682         -9.12766439449e-16    7.31314942704e-16     -9.12766439449e-16    7.31314942704e-16     1.11348487226e-15     -6.32027337794e-17    
16.390263303          -9.46905525456e-16    7.56557740809e-16     -9.46905525456e-16    7.56557740809e-16     1.14062621973e-15     -6.34060602425e-17    
16.5707501379         -9.81679651531e-16    7.82262059537e-16     -9.81679651531e-16    7.82262059537e-16     1.16806027065e-15     -6.35683600452e-17    
16.7512369727         -1.0170891026e-15     8.08428535552e-16     -1.0170891026e-15     8.08428535552e-16     1.19578680552e-15     -6.36892846458e-17    
16.9317238076         -1.05313414858e-15    8.35057782581e-16     -1.05313414858e-15    8.35057782581e-16     1.22380561535e-15     -6.37684975412e-17    
17.1122106424         -1.08981504524e-15    8.62150392445e-16     -1.08981504524e-15    8.62150392445e-16     1.25211650108e-15     -6.38056737516e-17    
17.2926974773         -1.12713203505e-15    8.89706936037e-16     -1.12713203505e-15    8.89706936037e-16     1.280719273e-15       -6.38004993303e-17    
17.4731843121         -1.16508534793e-15    9.17727964248e-16     -1.16508534793e-15    9.17727964248e-16     1.30961375033e-15     -6.37526708981e-17    
17.653671147          -1.20367520197e-15    9.46214008847e-16     -1.20367520197e-15    9.46214008847e-16     1.33879976065e-15     -6.36618952013e-17    
17.8341579818         -1.24290180414e-15    9.75165583308e-16     -1.24290180414e-15    9.75165583308e-16     1.36827713952e-15     -6.35278886912e-17    
18.0146448167         -1.28276535085e-15    1.00458318361e-15     -1.28276535085e-15    1.00458318361e-15     1.39804573004e-15     -6.3350377124e-17     
18.1951316515         -1.32326602861e-15    1.03446728895e-15     -1.32326602861e-15    1.03446728895e-15     1.42810538246e-15     -6.31290951808e-17    
18.3756184864         -1.36440401455e-15    1.06481836253e-15     -1.36440401455e-15    1.06481836253e-15     1.45845595378e-15     -6.28637861054e-17    
18.5561053212         -1.40617947691e-15    1.09563685212e-15     -1.40617947691e-15    1.09563685212e-15     1.48909730747e-15     -6.255420136e-17      
18.7365921561         -1.44859257559e-15    1.1269231908e-15      -1.44859257559e-15    1.1269231908e-15      1.52002931305e-15     -6.22001002965e-17    
18.9170789909         -1.49164346256e-15    1.15867779752e-15     -1.49164346256e-15    1.15867779752e-15     1.55125184588e-15     -6.18012498444e-17    
19.0975658258         -1.53533228227e-15    1.19090107767e-15     -1.53533228227e-15    1.19090107767e-15     1.58276478678e-15     -6.13574242125e-17    
19.2780526606         -1.57965917211e-15    1.22359342366e-15     -1.57965917211e-15    1.22359342366e-15     1.6145680218e-15      -6.08684046051e-17    
19.4585394955         -1.62462426275e-15    1.25675521543e-15     -1.62462426275e-15    1.25675521543e-15     1.64666144199e-15     -6.03339789508e-17    
19.6390263303         -1.6702276785e-15     1.29038682092e-15     -1.6702276785e-15     1.29038682092e-15     1.67904494307e-15     -5.97539416443e-17    
19.8195131652         -1.71646953762e-15    1.32448859661e-15     -1.71646953762e-15    1.32448859661e-15     1.71171842529e-15     -5.91280932997e-17    
20                    0                     0                     0                     0                     0                     0                     
