0.0779191396          0                     0                     0                     0                     0                     0                     
0.087577837391        0.800574755424        0.2260516455          0.800574755424        0.2260516455          0.15407820252         0.17585933518         
0.0972365351819       4.03203931768         0.936816871144        4.03203931768         0.936816871144        0.899983779283        0.765320529084        
0.106895232973        8.92973801598         1.60733482579         8.92973801598         1.60733482579         2.22446109215         1.41339965082         
0.116553930764        14.3731728886         1.84090145285         14.3731728886         1.84090145285         3.89754328606         1.82064175371         
0.126212628555        19.620428648          1.48046451685         19.620428648          1.48046451685         5.69429901365         1.85133186464         
0.135871326346        24.240418253          0.491269681247        24.240418253          0.491269681247        7.42619616002         1.46187104093         
0.145530024137        27.9566632629         -1.07560315958        27.9566632629         -1.07560315958        8.91754354314         0.671599220476        
0.155188721928        30.5680470117         -3.02319622764        30.5680470117         -3.02319622764        10.0032589435         -0.403807889641       
0.164847419719        32.0786058532         -5.02025398548        32.0786058532         -5.02025398548        10.630480988          -1.55947241547        
0.17450611751         32.6991349469         -6.83759908519        32.6991349469         -6.83759908519        10.8766976781         -2.64318948197        
0.184164815301        32.6631783008         -8.36976836524        32.6631783008         -8.36976836524        10.8451148925         -3.58028483572        
0.193823513091        32.1729222711         -9.59877607139        32.1729222711         -9.59877607139        10.628148405          -4.35139015415        
0.203482210882        31.3818181399         -10.5500992097        31.3818181399         -10.5500992097        10.2948679583         -4.965817738          
0.213140908673        30.3883360569         -11.2560127871        30.3883360569         -11.2560127871        9.88750303014         -5.43958644658        
0.222799606464        29.280721639          -11.7480039703        29.280721639          -11.7480039703        9.44336116197         -5.78857787695        
0.232458304255        28.1165555726         -12.0677420825        28.1165555726         -12.0677420825        8.98731009369         -6.03498367577        
0.242117002046        26.9364021806         -12.2516388142        26.9364021806         -12.2516388142        8.53559746344         -6.19954089711        
0.251775699837        25.7622366905         -12.3316315059        25.7622366905         -12.3316315059        8.09513313578         -6.3008060431         
0.261434397628        24.6053575509         -12.3290688148        24.6053575509         -12.3290688148        7.66809022437         -6.35127582034        
0.271093095419        23.4746468488         -12.2588437809        23.4746468488         -12.2588437809        7.25599838648         -6.35951805542        
0.28075179321         22.3780116529         -12.1303015278        22.3780116529         -12.1303015278        6.86074724577         -6.3308012402         
0.290410491001        21.3235735481         -11.9549956823        21.3235735481         -11.9549956823        6.4853720004          -6.27183456857        
0.300069188792        20.3165701323         -11.742160813         20.3165701323         -11.742160813         6.13168983208         -6.18798768142        
0.309727886583        19.3605675685         -11.5017877948        19.3605675685         -11.5017877948        5.80094874887         -6.08521616134        
0.319386584374        18.4562519332         -11.2425427961        18.4562519332         -11.2425427961        5.49309887074         -5.96878847397        
0.329045282165        17.6022678107         -10.9726722923        17.6022678107         -10.9726722923        5.20695012457         -5.84381338845        
0.338703979956        16.7958528595         -10.6972820108        16.7958528595         -10.6972820108        4.94074240644         -5.71348510388        
0.348362677747        16.0338896883         -10.4209238038        16.0338896883         -10.4209238038        4.69249536947         -5.5806373886         
0.358021375538        15.3118436061         -10.1454408982        15.3118436061         -10.1454408982        4.45976446501         -5.44659043866        
0.367680073329        14.6263041986         -9.86960250131        14.6263041986         -9.86960250131        4.24064192002         -5.31110306298        
0.37733877112         13.9785489618         -9.59941235206        13.9785489618         -9.59941235206        4.03561374939         -5.17723790507        
0.386997468911        13.3646471845         -9.3346157881         13.3646471845         -9.3346157881         3.84265346381         -5.04510855603        
0.396656166702        12.7807848598         -9.07452116744        12.7807848598         -9.07452116744        3.65988282902         -4.91442424808        
0.406314864492        12.2262883279         -8.81916431086        12.2262883279         -8.81916431086        3.48712632862         -4.78526161202        
0.415973562283        11.6995783172         -8.56924276775        11.6995783172         -8.56924276775        3.32368451736         -4.65810093632        
0.425632260074        11.1987110744         -8.32378446354        11.1987110744         -8.32378446354        3.16886314296         -4.53244570659        
0.435290957865        10.723305092          -8.08352306513        10.723305092          -8.08352306513        3.02255638968         -4.40872908759        
0.444949655656        10.2716220535         -7.8480693497         10.2716220535         -7.8480693497         2.88421057699         -4.28681455039        
0.454608353447        9.84334460328         -7.61805053846        9.84334460328         -7.61805053846        2.7537870696          -4.16711820617        
0.464267051238        9.436978661           -7.39352150323        9.436978661           -7.39352150323        2.63078331965         -4.04973112344        
0.473925749029        9.05163328951         -7.17468674698        9.05163328951         -7.17468674698        2.51489846289         -3.93482505021        
0.48358444682         8.6862529255          -6.96186602336        8.6862529255          -6.96186602336        2.40581690626         -3.82264296508        
0.493243144611        8.339575562           -6.75496711141        8.339575562           -6.75496711141        2.30311687032         -3.71319247022        
0.502901842402        8.01120033266         -6.55448251982        8.01120033266         -6.55448251982        2.20665484466         -3.60680368571        
0.512560540193        7.69902316827         -6.36086025576        7.69902316827         -6.36086025576        2.11553392856         -3.50383735304        
0.522219237984        7.40274981314         -6.17209165061        7.40274981314         -6.17209165061        2.02992391536         -3.40308169504        
0.531877935775        7.12213481311         -5.99105248949        7.12213481311         -5.99105248949        1.9494300963          -3.30630575953        
0.541536633566        6.85479117951         -5.81598680676        6.85479117951         -5.81598680676        1.87328041071         -3.21254609355        
0.551195331357        6.60062451302         -5.64725040868        6.60062451302         -5.64725040868        1.80142266587         -3.12203337292        
0.560854029148        6.35859310512         -5.48453399301        6.35859310512         -5.48453399301        1.73343947194         -3.03461878057        
0.570512726939        6.12764497548         -5.32766735849        6.12764497548         -5.32766735849        1.66895482864         -2.95024944066        
0.58017142473         5.90780161819         -5.17685283384        5.90780161819         -5.17685283384        1.60794046409         -2.86904262749        
0.589830122521        5.69766639573         -5.03147226141        5.69766639573         -5.03147226141        1.5498597729          -2.79068584568        
0.599488820312        5.49675607179         -4.89154633809        5.49675607179         -4.89154633809        1.49453298833         -2.71520517147        
0.609147518103        5.30440556477         -4.75684519334        5.30440556477         -4.75684519334        1.44172341597         -2.64250100382        
0.618806215893        5.12045550023         -4.62668550199        5.12045550023         -4.62668550199        1.39133115431         -2.57216071022        
0.628464913684        4.94391132114         -4.50135285365        4.94391132114         -4.50135285365        1.34300591413         -2.50439919938        
0.638123611475        4.77459044948         -4.38048441586        4.77459044948         -4.38048441586        1.29672408483         -2.43899206052        
0.647782309266        4.61196614664         -4.2635209325         4.61196614664         -4.2635209325         1.25229095246         -2.3756547486         
0.657441007057        4.45596272611         -4.15081145798        4.45596272611         -4.15081145798        1.20971972099         -2.31456553422        
0.667099704848        4.3062298878          -4.04179518045        4.3062298878          -4.04179518045        1.16892334372         -2.25541386966        
0.676758402639        4.16144724295         -3.9358850841         4.16144724295         -3.9358850841         1.12929029806         -2.19796865431        
0.68641710043         4.02242735158         -3.83347241435        4.02242735158         -3.83347241435        1.09123544384         -2.14237474869        
0.696075798221        3.88875070762         -3.73433944757        3.88875070762         -3.73433944757        1.05464056669         -2.08850379866        
0.705734496012        3.76021325294         -3.63846043757        3.76021325294         -3.63846043757        1.01941859895         -2.03635017981        
0.715393193803        3.63623141748         -3.54535117882        3.63623141748         -3.54535117882        0.985378916375        -1.98564966932        
0.725051891594        3.51681982734         -3.45512234752        3.51681982734         -3.45512234752        0.952578402529        -1.93647702212        
0.734710589385        3.40175513263         -3.36734193723        3.40175513263         -3.36734193723        0.920929142947        -1.88857655837        
0.744369287176        3.29096741196         -3.28222675141        3.29096741196         -3.28222675141        0.890437072381        -1.84208563375        
0.754027984967        3.18395853264         -3.19938565273        3.18395853264         -3.19938565273        0.860930767263        -1.7967881322         
0.763686682758        3.0807804721          -3.11878351272        3.0807804721          -3.11878351272        0.832469365597        -1.75266085038        
0.773345380549        2.98136248549         -3.04038730287        2.98136248549         -3.04038730287        0.805044621246        -1.70969177578        
0.78300407834         2.88549165621         -2.9641067155         2.88549165621         -2.9641067155         0.778596915383        -1.66783417058        
0.792662776131        2.79338074774         -2.88997427626        2.79338074774         -2.88997427626        0.753290443033        -1.62710225742        
0.802321473922        2.70381977447         -2.81739426097        2.70381977447         -2.81739426097        0.728493402447        -1.58718190628        
0.811980171713        2.61781242796         -2.74691956954        2.61781242796         -2.74691956954        0.70480220244         -1.54837193042        
0.821638869504        2.53487984081         -2.67825076042        2.53487984081         -2.67825076042        0.681995862831        -1.51051170579        
0.831297567294        2.45486730662         -2.61130943153        2.45486730662         -2.61130943153        0.660021523223        -1.47356167698        
0.840956265085        2.3777415271          -2.54615550844        2.3777415271          -2.54615550844        0.638884200453        -1.43755964677        
0.850614962876        2.30318516811         -2.48252242129        2.30318516811         -2.48252242129        0.618486360299        -1.4023589307         
0.860273660667        2.23134202784         -2.42059998419        2.23134202784         -2.42059998419        0.598880074504        -1.36806811083        
0.869932358458        2.1619575092          -2.36021666736        2.1619575092          -2.36021666736        0.579998219028        -1.33459760982        
0.879591056249        2.09505269546         -2.30139909794        2.09505269546         -2.30139909794        0.561841926767        -1.30195628067        
0.88924975404         2.03036815312         -2.24397238887        2.03036815312         -2.24397238887        0.54432888619         -1.27005655831        
0.898908451831        1.96797917062         -2.18815714054        1.96797917062         -2.18815714054        0.527507412814        -1.23903366164        
0.908567149622        1.90780587427         -2.13341357376        1.90780587427         -2.13341357376        0.511410005066        -1.20855178612        
0.918225847413        1.84962431424         -2.08038144152        1.84962431424         -2.08038144152        0.495867649829        -1.17901902437        
0.927884545204        1.79323991563         -2.02863106983        1.79323991563         -2.02863106983        0.480840686428        -1.1501803471         
0.937543242995        1.7382756187          -1.977967116          1.7382756187          -1.977967116          0.466150872113        -1.12193532938        
0.947201940786        1.68570776745         -1.92887826146        1.68570776745         -1.92887826146        0.452291872593        -1.09454139011        
0.956860638577        1.63422677481         -1.88063749182        1.63422677481         -1.88063749182        0.438662968758        -1.06761147278        
0.966519336368        1.58409351925         -1.83331321544        1.58409351925         -1.83331321544        0.425414673544        -1.04117576417        
0.976178034159        1.53485588924         -1.786516988          1.53485588924         -1.786516988          0.412421416796        -1.01501965252        
0.98583673195         1.48379580345         -1.7370016702         1.48379580345         -1.7370016702         0.398934850553        -0.987295002557       
0.995495429741        1.43267910803         -1.68682225691        1.43267910803         -1.68682225691        0.3854318384          -0.959169473725       
1.00515412753         1.38364815395         -1.63863018919        1.38364815395         -1.63863018919        0.372465507857        -0.932154286168       
1.01481282532         1.3367587132          -1.59238507769        1.3367587132          -1.59238507769        0.3600835095          -0.906221562435       
1.02447152311         1.2914855527          -1.54765698497        1.2914855527          -1.54765698497        0.348074745376        -0.881145155478       
1.0341302209          1.24796312544         -1.50444413651        1.24796312544         -1.50444413651        0.336526160946        -0.856919483369       
1.0437889187          1.20623967877         -1.46285592161        1.20623967877         -1.46285592161        0.325465514974        -0.833594015199       
1.05344761649         1.16596393381         -1.42260296371        1.16596393381         -1.42260296371        0.31477145039         -0.811008401052       
1.06310631428         1.12717633224         -1.38373227247        1.12717633224         -1.38373227247        0.304455223642        -0.789190560471       
1.07276501207         1.08979389153         -1.34612459167        1.08979389153         -1.34612459167        0.294503075677        -0.768074399014       
1.08242370986         1.05379786048         -1.30977127184        1.05379786048         -1.30977127184        0.28489941206         -0.747653741673       
1.09208240765         1.01890794739         -1.27454943058        1.01890794739         -1.27454943058        0.275552636875        -0.727865370847       
1.10174110544         0.985267130213        -1.24035228789        0.985267130213        -1.24035228789        0.266534893653        -0.708643824994       
1.11139980323         0.952863085806        -1.20732372717        0.952863085806        -1.20732372717        0.257843716905        -0.690067314587       
1.12105850102         0.921576557359        -1.17533171426        0.921576557359        -1.17533171426        0.249434446118        -0.672069932822       
1.13071719881         0.891301560611        -1.14431518143        0.891301560611        -1.14431518143        0.241267161978        -0.654616494035       
1.14037589661         0.862094770668        -1.11424833274        0.862094770668        -1.11424833274        0.233380076167        -0.637690375989       
1.1500345944          0.833779767125        -1.08502896779        0.833779767125        -1.08502896779        0.22568907854         -0.621236622643       
1.15969329219         0.806455079124        -1.0566916192         0.806455079124        -1.0566916192         0.218257386561        -0.605271637622       
1.16935198998         0.780025457764        -1.0291775849         0.780025457764        -1.0291775849         0.211048925698        -0.58976416454        
1.17901068777         0.754491609089        -1.00245739142        0.754491609089        -1.00245739142        0.204069375082        -0.57469639759        
1.18866938556         0.729732347877        -0.976414931629       0.729732347877        -0.976414931629       0.197285402798        -0.560003253841       
1.19832808335         0.705931405091        -0.951272560368       0.705931405091        -0.951272560368       0.190749128153        -0.545811809379       
1.20798678114         0.682833902393        -0.926700892154       0.682833902393        -0.926700892154       0.184398273408        -0.531934774663       
1.21764547893         0.660540399575        -0.902853511099       0.660540399575        -0.902853511099       0.178256282564        -0.518459476205       
1.22730417672         0.638975228425        -0.879633485231       0.638975228425        -0.879633485231       0.172309625915        -0.5053314182         
1.23696287451         0.61810443467         -0.85705637707        0.61810443467         -0.85705637707        0.166523855473        -0.492560626452       
1.24662157231         0.598048199438        -0.835101289564       0.598048199438        -0.835101289564       0.161014169244        -0.480131772403       
1.2562802701          0.578608311726        -0.813733294239       0.578608311726        -0.813733294239       0.15564306117         -0.468029139859       
1.26593896789         0.559826188504        -0.792922977779       0.559826188504        -0.792922977779       0.150454136441        -0.456234119922       
1.27559766568         0.541654794357        -0.772642818387       0.541654794357        -0.772642818387       0.145431649555        -0.444734150153       
1.28525636347         0.524281411391        -0.753030149172       0.524281411391        -0.753030149172       0.140669560905        -0.4336023916         
1.29491506126         0.507408438694        -0.733902022266       0.507408438694        -0.733902022266       0.136033575386        -0.422742836156       
1.30457375905         0.491096580701        -0.715277809677       0.491096580701        -0.715277809677       0.131557592682        -0.412163667031       
1.31423245684         0.475367486992        -0.697212177699       0.475367486992        -0.697212177699       0.127246630221        -0.401897654414       
1.32389115463         0.460162800359        -0.679652666611       0.460162800359        -0.679652666611       0.123080140014        -0.391915034155       
1.33354985242         0.445412449825        -0.662406884038       0.445412449825        -0.662406884038       0.119035990794        -0.382111767034       
1.34320855022         0.43122225955         -0.645804295264       0.43122225955         -0.645804295264       0.115153641279        -0.372672820461       
1.35286724801         0.417485746899        -0.629568156106       0.417485746899        -0.629568156106       0.11140226739         -0.36343426571        
1.3625259458          0.404297572446        -0.61389828945        0.404297572446        -0.61389828945        0.107820331829        -0.354515385444       
1.37218464359         0.391501546341        -0.598568132296       0.391501546341        -0.598568132296       0.104338128368        -0.345783875622       
1.38184334138         0.379140831189        -0.583693954297       0.379140831189        -0.583693954297       0.100981823026        -0.337310177805       
1.39150203917         0.367211943879        -0.569258661833       0.367211943879        -0.569258661833       0.0977499563009       -0.329084273375       
1.40116073696         0.35566860854         -0.555225653307       0.35566860854         -0.555225653307       0.0946212741931       -0.321084440309       
1.41081943475         0.344556857294        -0.541619309174       0.344556857294        -0.541619309174       0.0916252515321       -0.313323643089       
1.42047813254         0.333686769488        -0.528309216159       0.333686769488        -0.528309216159       0.0886701029872       -0.305732072584       
1.43013683033         0.323234889601        -0.515429964903       0.323234889601        -0.515429964903       0.0858456807577       -0.298383377761       
1.43979552812         0.313128068635        -0.5029344202         0.313128068635        -0.5029344202         0.0831143260326       -0.291251876797       
1.44945422592         0.303308795684        -0.490772496925       0.303308795684        -0.490772496925       0.0804545268451       -0.284310246548       
1.45911292371         0.293812751076        -0.478958207792       0.293812751076        -0.478958207792       0.0778815305164       -0.277564968389       
1.4687716215          0.284598191743        -0.467471318384       0.284598191743        -0.467471318384       0.0753769918991       -0.271005709398       
1.47843031929         0.275640266335        -0.456295358701       0.275640266335        -0.456295358701       0.0729367046036       -0.264623578967       
1.48808901708         0.26694656669         -0.445408749561       0.26694656669         -0.445408749561       0.0705618574662       -0.258404965072       
1.49774771487         0.25851888613         -0.434826148592       0.25851888613         -0.434826148592       0.0682526846305       -0.25235877086        
1.50740641266         0.250333941495        -0.424519351954       0.250333941495        -0.424519351954       0.0660036523159       -0.246468999257       
1.51706511045         0.242387633992        -0.414469242991       0.242387633992        -0.414469242991       0.0638148974547       -0.240723954217       
1.52672380824         0.234671483178        -0.404697694177       0.234671483178        -0.404697694177       0.061680452099        -0.235137131172       
1.53638250603         0.227181574236        -0.395146585028       0.227181574236        -0.395146585028       0.0596048148284       -0.229674133173       
1.54604120383         0.219919364931        -0.38585418482        0.219919364931        -0.38585418482        0.0575878253753       -0.224356925601       
1.55569990162         0.212872472396        -0.376805797021       0.212872472396        -0.376805797021       0.055626641821        -0.219178122604       
1.56535859941         0.20601728298         -0.367970756105       0.20601728298         -0.367970756105       0.0537111416458       -0.214119954785       
1.5750172972          0.199352290707        -0.359333743256       0.199352290707        -0.359333743256       0.0518436504982       -0.20917376968        
1.58467599499         0.192866157087        -0.35088179167        0.192866157087        -0.35088179167        0.0500175387849       -0.204335575717       
1.59433469278         0.186595931048        -0.342639998319       0.186595931048        -0.342639998319       0.0482538927312       -0.199614167706       
1.60399339057         0.180543681653        -0.334636235146       0.180543681653        -0.334636235146       0.0465503391373       -0.195026409856       
1.61365208836         0.174666225148        -0.326799298755       0.174666225148        -0.326799298755       0.0448961052253       -0.190531984944       
1.62331078615         0.168980640328        -0.319168503589       0.168980640328        -0.319168503589       0.0432950746902       -0.18615377989        
1.63296948394         0.163469825669        -0.311712751699       0.163469825669        -0.311712751699       0.0417434656202       -0.181873641525       
1.64262818173         0.158145846964        -0.304447895738       0.158145846964        -0.304447895738       0.0402477285188       -0.177700938097       
1.65228687953         0.153002959031        -0.297388892482       0.153002959031        -0.297388892482       0.0388040437925       -0.173644839223       
1.66194557732         0.148030468375        -0.290519252877       0.148030468375        -0.290519252877       0.0374088170279       -0.169695817847       
1.67160427511         0.143225963938        -0.283847836002       0.143225963938        -0.283847836002       0.0360613066444       -0.165859802723       
1.6812629729          0.138601786151        -0.277388020726       0.138601786151        -0.277388020726       0.0347665061187       -0.162144203485       
1.69092167069         0.134294246928        -0.271445074799       0.134294246928        -0.271445074799       0.033556049562        -0.158728200225       
1.70058036848         0.131111745861        -0.267665023563       0.131111745861        -0.267665023563       0.0326311344018       -0.156574390468       
1.71023906627         0.127886553851        -0.263722511182       0.127886553851        -0.263722511182       0.0316985675223       -0.154323897808       
1.71989776406         0.124660370624        -0.259693884848       0.124660370624        -0.259693884848       0.0307700615384       -0.152021408171       
1.72955646185         0.121448396925        -0.255616561588       0.121448396925        -0.255616561588       0.0298490727315       -0.149688345177       
1.73921515964         0.118258465176        -0.251508369312       0.118258465176        -0.251508369312       0.0289363509509       -0.147335785628       
1.74887385744         0.115091918259        -0.247379447537       0.115091918259        -0.247379447537       0.0280314935207       -0.144969779159       
1.75853255523         0.111956364467        -0.243238703808       0.111956364467        -0.243238703808       0.0271369604773       -0.142595412019       
1.76819125302         0.108848572521        -0.239093491367       0.108848572521        -0.239093491367       0.026250094647        -0.140216976776       
1.77784995081         0.10576715966         -0.234944135106       0.10576715966         -0.234944135106       0.0253693258227       -0.137834957824       
1.7875086486          0.102707090364        -0.230773195125       0.102707090364        -0.230773195125       0.0244920330232       -0.13544147625        
1.79716734639         0.0997038299126       -0.226619208345       0.0997038299126       -0.226619208345       0.0236348561008       -0.133055097097       
1.80682604418         0.0967392405013       -0.222480244838       0.0967392405013       -0.222480244838       0.022788462226        -0.130675610723       
1.81648474197         0.093817028402        -0.21835636217        0.093817028402        -0.21835636217        0.021954096959        -0.128303180647       
1.82614343976         0.0909323411164       -0.214246355238       0.0909323411164       -0.214246355238       0.0211294625687       -0.125937475853       
1.83580213755         0.088091065297        -0.210158344193       0.088091065297        -0.210158344193       0.0203168586493       -0.123583109312       
1.84546083534         0.0852905482405       -0.206082892475       0.0852905482405       -0.206082892475       0.0195148527418       -0.121234348341       
1.85511953314         0.0825335742597       -0.202033328091       0.0825335742597       -0.202033328091       0.0187249400969       -0.118899124063       
1.86477823093         0.0798309884869       -0.198008080295       0.0798309884869       -0.198008080295       0.0179522528719       -0.116576101835       
1.87443692872         0.0771522883535       -0.19400031647        0.0771522883535       -0.19400031647        0.0171817009769       -0.114262459372       
1.88409562651         0.0745313111789       -0.190021459059       0.0745313111789       -0.190021459059       0.0164296659455       -0.111963741139       
1.8937543243          0.0719575927128       -0.186068477044       0.0719575927128       -0.186068477044       0.0156913068928       -0.109678493349       
1.90341302209         0.0694317155864       -0.182145409453       0.0694317155864       -0.182145409453       0.0149669836429       -0.107409055418       
1.91307171988         0.0669583990894       -0.178254136755       0.0669583990894       -0.178254136755       0.0142591834087       -0.105156535787       
1.92273041767         0.0645303191063       -0.174392064492       0.0645303191063       -0.174392064492       0.0135637015832       -0.102919509739       
1.93238911546         0.0621588504787       -0.170564772582       0.0621588504787       -0.170564772582       0.0128868268858       -0.100701168951       
1.94204781325         0.0598333625976       -0.166773661792       0.0598333625976       -0.166773661792       0.0122233818331       -0.098502534598       
1.95170651105         0.0575492477664       -0.163002807966       0.0575492477664       -0.163002807966       0.0115711656274       -0.0963161245685      
1.96136520884         0.0553285620201       -0.159274409646       0.0553285620201       -0.159274409646       0.0109405512435       -0.0941523470668      
1.97102390663         0.0531699108393       -0.155589301759       0.0531699108393       -0.155589301759       0.0103314163718       -0.0920118334479      
1.98068260442         0.0510645884686       -0.151946801328       0.0510645884686       -0.151946801328       0.0097397728619       -0.0898947454908      
1.99034130221         0.0490125271742       -0.148352318712       0.0490125271742       -0.148352318712       0.00916493957668      -0.0878043923303      
2                     0.0470125751179       -0.144803168509       0.0470125751179       -0.144803168509       0.00860733158534      -0.085739255959       
2.01                  0.0449955817765       -0.141178272896       0.0449955817765       -0.141178272896       0.00804677469745      -0.0836288401681      
2.24078619698         0.0119141705739       -0.0720580974379      0.0119141705739       -0.0720580974379      -0.000778063856048    -0.0431513132985      
2.47157239396         -0.000974291546274    -0.0299519658888      -0.000974291546274    -0.0299519658888      -0.00330929843386     -0.0181762086884      
2.70235859094         -0.00300857295143     -0.00890976197507     -0.00300857295143     -0.00890976197507     -0.00254240128256     -0.00550557156324     
2.93314478792         -0.0012248387149      -0.00107495209311     -0.0012248387149      -0.00107495209311     -0.00087218793627     -0.00068792675423     
3.1639309849          -1.6435591512e-06     1.54127212082e-06     -1.6435591512e-06     1.54127212082e-06     -1.22131679459e-06    1.15275047537e-06     
3.1739309849          -3.5474876317e-08     3.17733338779e-06     -3.5474876317e-08     3.17733338779e-06     -1.28397490941e-08    2.3579113547e-06      
3.17415320712         -3.48090715072e-08    3.25805878569e-06     -3.48090715072e-08    3.25805878569e-06     -1.24048882646e-08    2.41851237828e-06     
3.17437542934         -3.41425209131e-08    3.34019565292e-06     -3.41425209131e-08    3.34019565292e-06     -1.19704479105e-08    2.48020011662e-06     
3.17459765157         -3.34754606257e-08    3.4236905469e-06      -3.34754606257e-08    3.4236905469e-06      -1.15365513439e-08    2.54293447058e-06     
3.17481987379         -3.28081069244e-08    3.50849358091e-06     -3.28081069244e-08    3.50849358091e-06     -1.11033108967e-08    2.60667801292e-06     
3.17504209601         -3.21406606918e-08    3.5945579628e-06      -3.21406606918e-08    3.5945579628e-06      -1.06708305817e-08    2.67139564583e-06     
3.17526431823         -3.14733060793e-08    3.68183995137e-06     -3.14733060793e-08    3.68183995137e-06     -1.02392051142e-08    2.7370545535e-06      
3.17548654046         -3.0806204891e-08     3.77029975128e-06     -3.0806204891e-08     3.77029975128e-06     -9.80851663226e-09    2.80362482504e-06     
3.17570876268         -3.01395015422e-08    3.85990071867e-06     -3.01395015422e-08    3.85990071867e-06     -9.37883754764e-09    2.87107888809e-06     
3.1759309849          -2.94733301139e-08    3.95060831013e-06     -2.94733301139e-08    3.95060831013e-06     -8.95023467329e-09    2.93939075229e-06     
3.1859309849          -1.23408418275e-09    8.82451137128e-06     -1.23408418275e-09    8.82451137128e-06     8.66587259542e-09     6.63539317138e-06     
3.36672742592         2.19672042822e-08     7.29688940038e-05     2.19672042822e-08     7.29688940038e-05     9.18523036095e-09     5.94851256488e-05     
3.54752386695         -8.20550222151e-09    5.35071023751e-05     -8.20550222151e-09    5.35071023751e-05     -6.04411927363e-09    4.63783556457e-05     
3.72832030797         -1.43083454985e-09    2.3825003579e-05      -1.43083454985e-09    2.3825003579e-05      -4.06130907229e-10    2.18585204953e-05     
3.90911674899         4.62163163617e-10     7.12482842519e-06     4.62163163617e-10     7.12482842519e-06     4.15055710087e-10     6.90522592482e-06     
4.08991319001         1.30948227982e-11     1.09837645908e-06     1.30948227982e-11     1.09837645908e-06     -2.64705865972e-11    1.1237444021e-06      
4.27070963104         4.07465359666e-08     1.33472481494e-11     4.07465359666e-08     1.33472481494e-11     4.40322193749e-08     1.36002177025e-11     
4.45150607206         3.24164180009e-07     3.31087576472e-10     3.24164180009e-07     3.31087576472e-10     3.7057507567e-07      -7.67775213597e-10    
4.63230251308         3.07066974945e-07     6.50767572824e-10     3.07066974945e-07     6.50767572824e-10     3.70603752573e-07     -2.22849509995e-09    
4.8130989541          1.86633650854e-07     6.83838652859e-10     1.86633650854e-07     6.83838652859e-10     2.37594293554e-07     -2.37473148947e-09    
4.99389539513         8.95398224978e-08     5.10105081333e-10     8.95398224978e-08     5.10105081333e-10     1.20210873217e-07     -1.65213223745e-09    
5.17469183615         3.64207113364e-08     3.00893874866e-10     3.64207113364e-08     3.00893874866e-10     5.15780765285e-08     -8.88162900125e-10    
5.35548827717         1.298900632e-08       1.48162479556e-10     1.298900632e-08       1.48162479556e-10     1.94143937543e-08     -3.96068182531e-10    
5.53628471819         4.13787273544e-09     6.28489681012e-11     4.13787273544e-09     6.28489681012e-11     6.53355670757e-09     -1.52601119322e-10    
5.71708115922         1.19098038236e-09     2.34312352088e-11     1.19098038236e-09     2.34312352088e-11     1.98881673735e-09     -5.17383979494e-11    
5.89787760024         3.12039497904e-10     7.78281372072e-12     3.12039497904e-10     7.78281372072e-12     5.51886087266e-10     -1.57093841539e-11    
6.07867404126         7.48049022871e-11     2.32555046719e-12     7.48049022871e-11     2.32555046719e-12     1.40359739387e-10     -4.30689777625e-12    
6.25947048228         1.646863967e-11       6.29598773789e-13     1.646863967e-11       6.29598773789e-13     3.28480353361e-11     -1.07342010054e-12    
6.44026692331         3.3384759309e-12      1.55276922901e-13     3.3384759309e-12      1.55276922901e-13     7.09493019698e-12     -2.44795910014e-13    
6.62106336433         6.2440704658e-13      3.50354669514e-14     6.2440704658e-13      3.50354669514e-14     1.41760666999e-12     -5.12538525924e-14    
6.80185980535         1.07929367434e-13     7.2582151646e-15      1.07929367434e-13     7.2582151646e-15      2.62565470042e-13     -9.88154677655e-15    
6.98265624637         1.7240774653e-14      1.38295137675e-15     1.7240774653e-14      1.38295137675e-15     4.5101388794e-14      -1.75691869789e-15    
7.1634526874          2.58432383548e-15     2.46460734615e-16     2.58432383548e-15     2.46460734615e-16     7.29931215951e-15     -2.92921103397e-16    
7.34424912842         3.46467517805e-16     3.92155451322e-17     3.46467517805e-16     3.92155451322e-17     1.06155409483e-15     -4.37334111288e-17    
7.52504556944         8.47381924625e-17     1.13807744612e-17     8.47381924625e-17     1.13807744612e-17     2.83198579625e-16     -1.19340061134e-17    
7.70584201046         8.46704208087e-17     1.35119894251e-17     8.46704208087e-17     1.35119894251e-17     3.10670317667e-16     -1.33484122636e-17    
7.88663845149         1.80541233353e-17     3.43426031075e-18     1.80541233353e-17     3.43426031075e-18     7.32954431749e-17     -3.20191885832e-18    
8.06743489251         1.75618949509e-17     4.00298858e-18        1.75618949509e-17     4.00298858e-18        7.96343946503e-17     -3.52808181177e-18    
8.24823133353         1.68154528133e-17     4.62910461517e-18     1.68154528133e-17     4.62910461517e-18     8.61644476425e-17     -3.8626309607e-18     
8.42902777455         1.5805639721e-17      5.31471322938e-18     1.5805639721e-17      5.31471322938e-18     9.28801251201e-17     -4.20437692224e-18    
8.60982421558         1.45240432662e-17     6.06182111521e-18     1.45240432662e-17     6.06182111521e-18     9.97764394534e-17     -4.5531218725e-18     
8.7906206566          1.29629260789e-17     6.87234066893e-18     1.29629260789e-17     6.87234066893e-18     1.06847043506e-16     -4.9073927048e-18     
8.97141709762         1.11151632318e-17     7.74809393076e-18     1.11151632318e-17     7.74809393076e-18     1.14087750597e-16     -5.26564976553e-18    
9.15221353865         8.97418604993e-18     8.69081656606e-18     8.97418604993e-18     8.69081656606e-18     1.21494341659e-16     -5.6268286625e-18     
9.33300997967         6.53393163778e-18     9.70216183036e-18     6.53393163778e-18     9.70216183036e-18     1.2906282741e-16      -5.98989894825e-18    
9.51380642069         3.7887975089e-18      1.07837044756e-17     3.7887975089e-18      1.07837044756e-17     1.36789467206e-16     -6.35386450548e-18    
9.69460286171         7.3360076834e-19      1.19369445654e-17     7.3360076834e-19      1.19369445654e-17     1.44670759618e-16     -6.71776357913e-18    
9.87539930274         -2.63645864351e-18    1.31633111779e-17     -2.63645864351e-18    1.31633111779e-17     1.52703428686e-16     -7.08066852942e-18    
10.0561957438         -6.32583108246e-18    1.44641659781e-17     -6.32583108246e-18    1.44641659781e-17     1.60884410248e-16     -7.4416853671e-18     
10.2369921848         -1.03386470959e-17    1.58408066518e-17     -1.03386470959e-17    1.58408066518e-17     1.69210840211e-16     -7.79995312064e-18    
10.4177886258         -1.46787444269e-17    1.72944701935e-17     -1.46787444269e-17    1.72944701935e-17     1.77680047386e-16     -8.15464307601e-18    
10.5985850668         -1.93496924336e-17    1.88263360457e-17     -1.93496924336e-17    1.88263360457e-17     1.86289560685e-16     -8.50495792221e-18    
10.7793815078         -2.43548141955e-17    2.04375290898e-17     -2.43548141955e-17    2.04375290898e-17     1.9503722759e-16      -8.85013082935e-18    
10.9601779489         -2.96972065485e-17    2.21291224893e-17     -2.96972065485e-17    2.21291224893e-17     2.03920723661e-16     -9.19045924352e-18    
11.1409743899         -3.53797582634e-17    2.39021403888e-17     -3.53797582634e-17    2.39021403888e-17     2.12937033919e-16     -9.52442186023e-18    
11.3217708309         -4.14051665571e-17    2.57575604731e-17     -4.14051665571e-17    2.57575604731e-17     2.22084548809e-16     -9.85120163709e-18    
11.5025672719         -4.77759521083e-17    2.76963163905e-17     -4.77759521083e-17    2.76963163905e-17     2.31361461497e-16     -1.01701436928e-17    
11.683363713          -5.44944727265e-17    2.97193000456e-17     -5.44944727265e-17    2.97193000456e-17     2.4076603632e-16      -1.04806185725e-17    
11.864160154          -6.15629358096e-17    3.18273637673e-17     -6.15629358096e-17    3.18273637673e-17     2.50296625793e-16     -1.07820212617e-17    
12.044956595          -6.89834097097e-17    3.40213223583e-17     -6.89834097097e-17    3.40213223583e-17     2.5995167063e-16      -1.10737702171e-17    
12.225753036          -7.67578341142e-17    3.63019550307e-17     -7.67578341142e-17    3.63019550307e-17     2.69729696138e-16     -1.13553064206e-17    
12.4065494771         -8.48880295372e-17    3.86700072336e-17     -8.48880295372e-17    3.86700072336e-17     2.79629307686e-16     -1.16260924579e-17    
12.5873459181         -9.33757060063e-17    4.11261923798e-17     -9.33757060063e-17    4.11261923798e-17     2.89649186022e-16     -1.18856116248e-17    
12.7681423591         -1.02222471023e-16    4.36711934746e-17     -1.02222471023e-16    4.36711934746e-17     2.99788082721e-16     -1.21333670622e-17    
12.9489388001         -1.1142983686e-16     4.63056646546e-17     -1.1142983686e-16     4.63056646546e-17     3.1004481585e-16      -1.23688809222e-17    
13.1297352411         -1.20999227268e-16    4.90302326393e-17     -1.20999227268e-16    4.90302326393e-17     3.20418265907e-16     -1.25916935635e-17    
13.3105316822         -1.30931983627e-16    5.18454981018e-17     -1.30931983627e-16    5.18454981018e-17     3.30907372021e-16     -1.28013627783e-17    
13.4913281232         -1.4122937062e-16     5.47520369635e-17     -1.4122937062e-16     5.47520369635e-17     3.41511128436e-16     -1.29974630496e-17    
13.6721245642         -1.51892581442e-16    5.77504016152e-17     -1.51892581442e-16    5.77504016152e-17     3.52228581246e-16     -1.31795848389e-17    
13.8529210052         -1.62922742608e-16    6.08411220718e-17     -1.62922742608e-16    6.08411220718e-17     3.63058825413e-16     -1.33473339035e-17    
14.0337174463         -1.74320918392e-16    6.40247070618e-17     -1.74320918392e-16    6.40247070618e-17     3.74001002039e-16     -1.35003306427e-17    
14.2145138873         -1.86088114914e-16    6.73016450572e-17     -1.86088114914e-16    6.73016450572e-17     3.85054295958e-16     -1.36382094729e-17    
14.3953103283         -1.98225283928e-16    7.06724052469e-17     -1.98225283928e-16    7.06724052469e-17     3.96217933674e-16     -1.37606182289e-17    
14.5761067693         -2.10733326319e-16    7.41374384558e-17     -2.10733326319e-16    7.41374384558e-17     4.07491181838e-16     -1.38672175932e-17    
14.7569032103         -2.23613095339e-16    7.7697178015e-17      -2.23613095339e-16    7.7697178015e-17      4.18873346637e-16     -1.39576805493e-17    
14.9376996514         -2.36865399612e-16    8.13520405839e-17     -2.36865399612e-16    8.13520405839e-17     4.30363775332e-16     -1.40316918612e-17    
15.1184960924         -2.50491005912e-16    8.51024269287e-17     -2.50491005912e-16    8.51024269287e-17     4.41961864619e-16     -1.4088947575e-17     
15.2992925334         -2.64490641744e-16    8.89487226577e-17     -2.64490641744e-16    8.89487226577e-17     4.53667111195e-16     -1.41291545441e-17    
15.4800889744         -2.78864997746e-16    9.28912989194e-17     -2.78864997746e-16    9.28912989194e-17     4.65479066504e-16     -1.41525727698e-17    
15.6608854155         -2.93614729911e-16    9.69305130616e-17     -2.93614729911e-16    9.69305130616e-17     4.77396394538e-16     -1.41586612555e-17    
15.8416818565         -3.08740461661e-16    1.01066709257e-16     -3.08740461661e-16    1.01066709257e-16     4.89418832919e-16     -1.41469121033e-17    
16.0224782975         -3.24242785777e-16    1.05300219095e-16     -3.24242785777e-16    1.05300219095e-16     5.01545931791e-16     -1.41170709111e-17    
16.2032747385         -3.40122266193e-16    1.09631362144e-16     -3.40122266193e-16    1.09631362144e-16     5.13777229102e-16     -1.40688920122e-17    
16.3840711795         -3.56379439674e-16    1.14060446482e-16     -3.56379439674e-16    1.14060446482e-16     5.26112273205e-16     -1.40021381168e-17    
16.5648676206         -3.73014817373e-16    1.18587769205e-16     -3.73014817373e-16    1.18587769205e-16     5.38550627795e-16     -1.3916579971e-17     
16.7456640616         -3.9002888629e-16     1.23213616901e-16     -3.9002888629e-16     1.23213616901e-16     5.51091873133e-16     -1.381199603e-17      
16.9264605026         -4.07422110639e-16    1.2793826611e-16      -4.07422110639e-16    1.2793826611e-16      5.6373560611e-16      -1.36881721475e-17    
17.1072569436         -4.25194933112e-16    1.32761983752e-16     -4.25194933112e-16    1.32761983752e-16     5.76481439862e-16     -1.35449012783e-17    
17.2880533847         -4.43347776076e-16    1.3768502754e-16      -4.43347776076e-16    1.3768502754e-16      5.89329003216e-16     -1.33819831948e-17    
17.4688498257         -4.61881042684e-16    1.42707646366e-16     -4.61881042684e-16    1.42707646366e-16     6.02277940051e-16     -1.31992242166e-17    
17.6496462667         -4.80795117919e-16    1.47830080676e-16     -4.80795117919e-16    1.47830080676e-16     6.15327908652e-16     -1.29964369519e-17    
17.8304427077         -5.00090369572e-16    1.53052562818e-16     -5.00090369572e-16    1.53052562818e-16     6.28478581056e-16     -1.27734400504e-17    
18.0112391488         -5.19767149155e-16    1.58375317381e-16     -5.19767149155e-16    1.58375317381e-16     6.41729642429e-16     -1.2530057968e-17     
18.1920355898         -5.39825792768e-16    1.63798561508e-16     -5.39825792768e-16    1.63798561508e-16     6.55080790449e-16     -1.22661207413e-17    
18.3728320308         -5.60266621897e-16    1.69322505206e-16     -5.60266621897e-16    1.69322505206e-16     6.68531734731e-16     -1.19814637724e-17    
18.5536284718         -5.8108994418e-16     1.74947351632e-16     -5.8108994418e-16     1.74947351632e-16     6.82082196267e-16     -1.16759276233e-17    
18.7344249128         -6.02296054117e-16    1.80673297365e-16     -6.02296054117e-16    1.80673297365e-16     6.95731906902e-16     -1.13493578195e-17    
18.9152213539         -6.23885233735e-16    1.86500532675e-16     -6.23885233735e-16    1.86500532675e-16     7.09480608826e-16     -1.10016046614e-17    
19.0960177949         -6.45857753228e-16    1.92429241764e-16     -6.45857753228e-16    1.92429241764e-16     7.23328054104e-16     -1.06325230454e-17    
19.2768142359         -6.6821387154e-16     1.98459603015e-16     -6.6821387154e-16     1.98459603015e-16     7.37274004219e-16     -1.02419722913e-17    
19.4576106769         -6.90953836931e-16    2.04591789208e-16     -6.90953836931e-16    2.04591789208e-16     7.51318229647e-16     -9.82981597816e-18    
19.638407118          -7.14077887503e-16    2.10825967745e-16     -7.14077887503e-16    2.10825967745e-16     7.65460509447e-16     -9.39592178687e-18    
19.819203559          -7.37586251689e-16    2.17162300853e-16     -7.37586251689e-16    2.17162300853e-16     7.79700630879e-16     -8.94016134939e-18    
20                    0                     0                     0                     0                     0                     0                     
