0.0779191396          0                     0                     0                     0                     0                     0                     
0.087577837391        0.613306178378        0.240264136686        0.613306178378        0.240264136686        0.155194890267        0.128915723379        
0.0972365351819       3.11783247461         0.897373837746        3.11783247461         0.897373837746        0.862425785293        0.49521036425         
0.106895232973        6.93886831007         1.31755035611         6.93886831007         1.31755035611         2.05210798647         0.760830598576        
0.116553930764        11.0889037172         0.992262253982        11.0889037172         0.992262253982        3.43597472278         0.648028371399        
0.126212628555        14.6721533049         -0.161386237195       14.6721533049         -0.161386237195       4.65450891879         0.0951789978683       
0.135871326346        17.2026334376         -1.72664051154        17.2026334376         -1.72664051154        5.47662294053         -0.690862482603       
0.145530024137        18.7273089909         -3.2883707437         18.7273089909         -3.2883707437         5.91421578582         -1.49126668723        
0.155188721928        19.4787858299         -4.65068819988        19.4787858299         -4.65068819988        6.06739613522         -2.19856482629        
0.164847419719        19.6758148119         -5.75762499434        19.6758148119         -5.75762499434        6.0283024161          -2.77942714912        
0.17450611751         19.4926577401         -6.61374189383        19.4926577401         -6.61374189383        5.86705533168         -3.23358353806        
0.184164815301        19.0620382726         -7.25010085865        19.0620382726         -7.25010085865        5.63543743886         -3.57493188313        
0.193823513091        18.4701433549         -7.70374656106        18.4701433549         -7.70374656106        5.36440949063         -3.82178565095        
0.203482210882        17.7786529713         -8.00894459227        17.7786529713         -8.00894459227        5.07448945099         -3.99137655352        
0.213140908673        17.0300474711         -8.19203982209        17.0300474711         -8.19203982209        4.77879376275         -4.09718728873        
0.222799606464        16.2580629829         -8.27803190756        16.2580629829         -8.27803190756        4.48761361846         -4.15182599421        
0.232458304255        15.4845158105         -8.28816106618        15.4845158105         -8.28816106618        4.2069312219          -4.16633243467        
0.242117002046        14.7252307958         -8.23850994477        14.7252307958         -8.23850994477        3.94088654303         -4.14895189339        
0.251775699837        13.9879424968         -8.1471020534         13.9879424968         -8.1471020534         3.69012451461         -4.10916460707        
0.261434397628        13.2762055973         -8.02332859937        13.2762055973         -8.02332859937        3.45429788731         -4.05197043048        
0.271093095419        12.5942335955         -7.87690326854        12.5942335955         -7.87690326854        3.23352061409         -3.98236192411        
0.28075179321         11.9400988588         -7.70945063483        11.9400988588         -7.70945063483        3.02578854124         -3.90160007671        
0.290410491001        11.3189926544         -7.52840497723        11.3189926544         -7.52840497723        2.83225929403         -3.81328543662        
0.300069188792        10.7298800576         -7.33768937509        10.7298800576         -7.33768937509        2.65196167361         -3.71944606086        
0.309727886583        10.172886915          -7.14040945582        10.172886915          -7.14040945582        2.48435910065         -3.62177483414        
0.319386584374        9.64711541871         -6.93916390351        9.64711541871         -6.93916390351        2.3287460503          -3.52163582663        
0.329045282165        9.15164871269         -6.73623764448        9.15164871269         -6.73623764448        2.18446955924         -3.42024304994        
0.338703979956        8.68534499862         -6.53320064644        8.68534499862         -6.53320064644        2.05093069819         -3.31845034907        
0.348362677747        8.24761225609         -6.33218091171        8.24761225609         -6.33218091171        1.92780096605         -3.21743601971        
0.358021375538        7.83658028211         -6.13468978281        7.83658028211         -6.13468978281        1.81411210498         -3.11799574365        
0.367680073329        7.44996112235         -5.94218546236        7.44996112235         -5.94218546236        1.70879702488         -3.02091757176        
0.37733877112         7.086512226           -5.755066281          7.086512226           -5.755066281          1.61121405341         -2.92641304092        
0.386997468911        6.74398678422         -5.57346342845        6.74398678422         -5.57346342845        1.52044166043         -2.834574824          
0.396656166702        6.42085993112         -5.39758890944        6.42085993112         -5.39758890944        1.43583403466         -2.74557009234        
0.406314864492        6.11592687994         -5.22759928702        6.11592687994         -5.22759928702        1.35686853201         -2.65947974812        
0.415973562283        5.82791307002         -5.06335603166        5.82791307002         -5.06335603166        1.28302805773         -2.57624107956        
0.425632260074        5.55548904785         -4.90468651418        5.55548904785         -4.90468651418        1.21382667311         -2.49578910395        
0.435290957865        5.29763716716         -4.75155396305        5.29763716716         -4.75155396305        1.14885465387         -2.41811389475        
0.444949655656        5.0539556174          -4.60440313041        5.0539556174          -4.60440313041        1.08801998155         -2.34344212159        
0.454608353447        4.82223426917         -4.46020076451        4.82223426917         -4.46020076451        1.03045038722         -2.2702365511         
0.464267051238        4.60305612554         -4.32201431098        4.60305612554         -4.32201431098        0.97645464762         -2.20008193439        
0.473925749029        4.39501666236         -4.18854051344        4.39501666236         -4.18854051344        0.925478780724        -2.13229065952        
0.48358444682         4.19759048111         -4.05932437149        4.19759048111         -4.05932437149        0.877405757398        -2.06662999687        
0.493243144611        4.00967372437         -3.93377315334        4.00967372437         -3.93377315334        0.831905214844        -2.00287021467        
0.502901842402        3.831543622           -3.81225628206        3.831543622           -3.81225628206        0.789061777172        -1.94114631586        
0.512560540193        3.66282112185         -3.69459441843        3.66282112185         -3.69459441843        0.748829476427        -1.88133486251        
0.522219237984        3.50296759655         -3.58053907655        3.50296759655         -3.58053907655        0.711122663968        -1.82333952556        
0.531877935775        3.35186017242         -3.47086565332        3.35186017242         -3.47086565332        0.675822967644        -1.76755752542        
0.541536633566        3.208226259           -3.36492465964        3.208226259           -3.36492465964        0.642532033648        -1.71365753773        
0.551195331357        3.07173223922         -3.26268086859        3.07173223922         -3.26268086859        0.611135267251        -1.66162236999        
0.560854029148        2.94218584933         -3.16393514142        2.94218584933         -3.16393514142        0.581610092511        -1.61135199884        
0.570512726939        2.81934830831         -3.06806255547        2.81934830831         -3.06806255547        0.554000695506        -1.56253757984        
0.58017142473         2.70237945682         -2.97682461684        2.70237945682         -2.97682461684        0.527730159464        -1.51607774625        
0.589830122521        2.59035259536         -2.88816142992        2.59035259536         -2.88816142992        0.502698573072        -1.47091406953        
0.599488820312        2.48426155397         -2.80262831489        2.48426155397         -2.80262831489        0.47928943436         -1.42733962341        
0.609147518103        2.38321638982         -2.72024032601        2.38321638982         -2.72024032601        0.457150555728        -1.38536691362        
0.618806215893        2.28671123462         -2.64057070338        2.28671123462         -2.64057070338        0.436158700844        -1.34477499149        
0.628464913684        2.19478200357         -2.56384975011        2.19478200357         -2.56384975011        0.416297124456        -1.30568587623        
0.638123611475        2.1069390788          -2.48975737999        2.1069390788          -2.48975737999        0.397415636065        -1.26793601968        
0.647782309266        2.02303756087         -2.41812376761        2.02303756087         -2.41812376761        0.379510890566        -1.23144568252        
0.657441007057        1.94312820969         -2.34910061496        1.94312820969         -2.34910061496        0.362620754395        -1.19629105058        
0.667099704848        1.86660750315         -2.28265997186        1.86660750315         -2.28265997186        0.346485825275        -1.16245934767        
0.676758402639        1.79322671062         -2.2184565875         1.79322671062         -2.2184565875         0.33104657442         -1.12976760235        
0.68641710043         1.72291196577         -2.15642426561        1.72291196577         -2.15642426561        0.316296616435        -1.09818623802        
0.696075798221        1.65546942801         -2.0964279377         1.65546942801         -2.0964279377         0.302181102378        -1.06764634425        
0.705734496012        1.59095987501         -2.0386787239         1.59095987501         -2.0386787239         0.288732550785        -1.03824906603        
0.715393193803        1.52859597001         -1.98224858243        1.52859597001         -1.98224858243        0.275665650104        -1.0095307114         
0.725051891594        1.46863948264         -1.92753177649        1.46863948264         -1.92753177649        0.263120446818        -0.981728039844       
0.734710589385        1.41125590892         -1.87459903058        1.41125590892         -1.87459903058        0.25115611511         -0.954818047032       
0.744369287176        1.35616424404         -1.82320896291        1.35616424404         -1.82320896291        0.239683741726        -0.928683860654       
0.754027984967        1.30332271415         -1.77320576925        1.30332271415         -1.77320576925        0.228737220957        -0.903257796916       
0.763686682758        1.25267749796         -1.72469545236        1.25267749796         -1.72469545236        0.21830715411         -0.878593243849       
0.773345380549        1.20404870778         -1.67764992076        1.20404870778         -1.67764992076        0.208316117248        -0.85467432056        
0.78300407834         1.15730681194         -1.63199188964        1.15730681194         -1.63199188964        0.198749091228        -0.83146077346        
0.792662776131        1.11245262415         -1.58755125521        1.11245262415         -1.58755125521        0.189596674089        -0.808864689084       
0.802321473922        1.06935124519         -1.54447019877        1.06935124519         -1.54447019877        0.180825503978        -0.786958016232       
0.811980171713        1.02793637392         -1.5025469464         1.02793637392         -1.5025469464         0.172438571082        -0.765639304049       
0.821638869504        0.988128525511        -1.46176755271        0.988128525511        -1.46176755271        0.164413789806        -0.744902384242       
0.831297567294        0.94991055022         -1.42212171321        0.94991055022         -1.42212171321        0.156753915985        -0.724739414068       
0.840956265085        0.91314067902         -1.38352325676        0.91314067902         -1.38352325676        0.149409530171        -0.705109038312       
0.850614962876        0.877925950612        -1.34605999812        0.877925950612        -1.34605999812        0.142466502837        -0.686056750119       
0.860273660667        0.844078097124        -1.30964203231        0.844078097124        -1.30964203231        0.135820676032        -0.667536000083       
0.869932358458        0.811460902836        -1.27423466344        0.811460902836        -1.27423466344        0.129436535013        -0.649528047069       
0.879591056249        0.780081786303        -1.23984947196        0.780081786303        -1.23984947196        0.123326334983        -0.632041138132       
0.88924975404         0.749886289739        -1.20638642582        0.749886289739        -1.20638642582        0.117480767264        -0.615022229859       
0.898908451831        0.720798199243        -1.17387178068        0.720798199243        -1.17387178068        0.111869498389        -0.598486847115       
0.908567149622        0.692756876071        -1.14218424781        0.692756876071        -1.14218424781        0.106488491051        -0.582369479134       
0.918225847413        0.6655112247          -1.11122948545        0.6655112247          -1.11122948545        0.101240479948        -0.566642862073       
0.927884545204        0.639485536962        -1.08114031683        0.639485536962        -1.08114031683        0.0962969170413       -0.551351493477       
0.937543242995        0.614278559843        -1.05178702913        0.614278559843        -1.05178702913        0.0915131060746       -0.536433362432       
0.947201940786        0.589919758998        -1.02315732614        0.589919758998        -1.02315732614        0.0868962171871       -0.521882032738       
0.956860638577        0.566387062717        -0.995166725928       0.566387062717        -0.995166725928       0.0824656399517       -0.50765608672        
0.966519336368        0.543534074737        -0.967655808175       0.543534074737        -0.967655808175       0.078166864569        -0.493676137596       
0.976178034159        0.521252058032        -0.940452167013       0.521252058032        -0.940452167013       0.0740006878985       -0.479851568864       
0.98583673195         0.498686578478        -0.911898396942       0.498686578478        -0.911898396942       0.0698536397904       -0.465336755935       
0.995495429741        0.476353387531        -0.883092839458       0.476353387531        -0.883092839458       0.0657777778031       -0.450691851773       
1.00515412753         0.455023398136        -0.85538811455        0.455023398136        -0.85538811455        0.0618864498181       -0.436607446182       
1.01481282532         0.434670001238        -0.828712738077       0.434670001238        -0.828712738077       0.05818130114         -0.423048165812       
1.02447152311         0.415181591777        -0.802975173763       0.415181591777        -0.802975173763       0.0546396964486       -0.409963274001       
1.0341302209          0.396519949603        -0.77811276432        0.396519949603        -0.77811276432        0.0512514561274       -0.397324742217       
1.0437889187          0.378686417192        -0.754136394939       0.378686417192        -0.754136394939       0.0480240151223       -0.385135851427       
1.05344761649         0.361577321565        -0.730882707209       0.361577321565        -0.730882707209       0.0449376824694       -0.37331430925        
1.06310631428         0.345180895766        -0.708415103474       0.345180895766        -0.708415103474       0.0419835006275       -0.361890902854       
1.07276501207         0.329478640154        -0.686662124221       0.329478640154        -0.686662124221       0.0391680494237       -0.350829480293       
1.08242370986         0.314370192786        -0.665574359668       0.314370192786        -0.665574359668       0.0364542632055       -0.340110197459       
1.09208240765         0.299947285018        -0.645168223103       0.299947285018        -0.645168223103       0.0338846915364       -0.329739998749       
1.10174110544         0.286125762892        -0.625362499277       0.286125762892        -0.625362499277       0.0314370485303       -0.319670978522       
1.11139980323         0.27290846626         -0.6062046647         0.27290846626         -0.6062046647         0.0291112263599       -0.309929458397       
1.12105850102         0.260282491533        -0.587616959196       0.260282491533        -0.587616959196       0.0269150926654       -0.300476155177       
1.13071719881         0.248157668937        -0.569695339059       0.248157668937        -0.569695339059       0.0248060528454       -0.291361834539       
1.14037589661         0.236550880926        -0.552295815319       0.236550880926        -0.552295815319       0.0228061876724       -0.282511851001       
1.1500345944          0.225433480441        -0.535461753755       0.225433480441        -0.535461753755       0.0209019129841       -0.273948973539       
1.15969329219         0.214793887023        -0.519193287796       0.214793887023        -0.519193287796       0.0190955034747       -0.265675506537       
1.16935198998         0.204595567917        -0.503388948184       0.204595567917        -0.503388948184       0.0173725581737       -0.25763300721        
1.17901068777         0.194777427406        -0.488088442402       0.194777427406        -0.488088442402       0.0157134923252       -0.249849316878       
1.18866938556         0.185365537899        -0.473240630244       0.185365537899        -0.473240630244       0.0141377033033       -0.242295194117       
1.19832808335         0.176368065292        -0.45894245864        0.176368065292        -0.45894245864        0.0126340434808       -0.235020664023       
1.20798678114         0.167707805427        -0.44503207298        0.167707805427        -0.44503207298        0.0111948647149       -0.227943003286       
1.21764547893         0.159385362062        -0.431553456802       0.159385362062        -0.431553456802       0.00981217178813      -0.221085421428       
1.22730417672         0.151370581093        -0.418457054556       0.151370581093        -0.418457054556       0.00848022388177      -0.214425411458       
1.23696287451         0.143702742556        -0.405793462568       0.143702742556        -0.405793462568       0.00721112307298      -0.207983167931       
1.24662157231         0.136343105139        -0.393433362102       0.136343105139        -0.393433362102       0.00600780000105      -0.201694791224       
1.2562802701          0.129312623526        -0.381502001069       0.129312623526        -0.381502001069       0.00486967749871      -0.195625194963       
1.26593896789         0.122530185914        -0.369869887841       0.122530185914        -0.369869887841       0.00376513476987      -0.189704116556       
1.27559766568         0.116048973138        -0.358606952878       0.116048973138        -0.358606952878       0.0027237214502       -0.183971660222       
1.28525636347         0.109837938717        -0.347692543523       0.109837938717        -0.347692543523       0.00173251530398      -0.178415898248       
1.29491506126         0.103878161129        -0.337073234799       0.103878161129        -0.337073234799       0.000789747700611     -0.173009424926       
1.30457375905         0.0981602638287       -0.326754717059       0.0981602638287       -0.326754717059       -0.000106970620464    -0.167755402807       
1.31423245684         0.0926911323898       -0.31675395113        0.0926911323898       -0.31675395113        -0.000955120536418    -0.162662567044       
1.32389115463         0.0874514365415       -0.307052984413       0.0874514365415       -0.307052984413       -0.00176055290836     -0.157721694424       
1.33354985242         0.0824369962203       -0.297594380339       0.0824369962203       -0.297594380339       -0.00251753905149     -0.152904374757       
1.34320855022         0.0775914837505       -0.288453690438       0.0775914837505       -0.288453690438       -0.00325924283672     -0.148249675353       
1.35286724801         0.072972620198        -0.279542009328       0.072972620198        -0.279542009328       -0.00394840699805     -0.143709777105       
1.3625259458          0.0685618483346       -0.270909084771       0.0685618483346       -0.270909084771       -0.00459670532263     -0.139311161588       
1.37218464359         0.0643370365556       -0.262519926697       0.0643370365556       -0.262519926697       -0.00520930338697     -0.135036249413       
1.38184334138         0.0602903534962       -0.254371158503       0.0602903534962       -0.254371158503       -0.00578829088105     -0.130882955733       
1.39150203917         0.0564190469037       -0.246472257931       0.0564190469037       -0.246472257931       -0.00633434494505     -0.126856651081       
1.40116073696         0.0527101723957       -0.238787492299       0.0527101723957       -0.238787492299       -0.0068506296097      -0.122938570686       
1.41081943475         0.0491574644802       -0.231330474653       0.0491574644802       -0.231330474653       -0.00733892273843     -0.119136173981       
1.42047813254         0.0457540535595       -0.224085472964       0.0457540535595       -0.224085472964       -0.00780051981971     -0.115441307708       
1.43013683033         0.0424802772904       -0.217040368465       0.0424802772904       -0.217040368465       -0.00824216821506     -0.111848926749       
1.43979552812         0.0393554704071       -0.210192510691       0.0393554704071       -0.210192510691       -0.00865593206326     -0.108356748671       
1.44945422592         0.0363716159464       -0.203533246923       0.0363716159464       -0.203533246923       -0.00904200666009     -0.104959596598       
1.45911292371         0.0335189361084       -0.197061876781       0.0335189361084       -0.197061876781       -0.0094038237376      -0.10165757664        
1.4687716215          0.0307954028776       -0.190773255844       0.0307954028776       -0.190773255844       -0.00974113714598     -0.098447866851       
1.47843031929         0.0281943010834       -0.184659229114       0.0281943010834       -0.184659229114       -0.0100551515007      -0.0953265776011      
1.48808901708         0.0257104619208       -0.178710778973       0.0257104619208       -0.178710778973       -0.0103467339154      -0.0922892221079      
1.49774771487         0.0233391076681       -0.172934219006       0.0233391076681       -0.172934219006       -0.0106181339         -0.0893390107248      
1.50740641266         0.0210718478201       -0.167317288208       0.0210718478201       -0.167317288208       -0.010870850995       -0.0864699958613      
1.51706511045         0.0189090934386       -0.161849912378       0.0189090934386       -0.161849912378       -0.0111042374946      -0.0836771450777      
1.52672380824         0.0168531674795       -0.156539819316       0.0168531674795       -0.156539819316       -0.0113166813748      -0.0809636405427      
1.53638250603         0.0148954523512       -0.151377384752       0.0148954523512       -0.151377384752       -0.0115103391664      -0.0783248956359      
1.54604120383         0.013031683232        -0.146361064785       0.013031683232        -0.146361064785       -0.0116869697299      -0.0757601316676      
1.55569990162         0.0112571970269       -0.141486595021       0.0112571970269       -0.141486595021       -0.011847032209       -0.073267288407       
1.56535859941         0.00956987216979      -0.136745261007       0.00956987216979      -0.136745261007       -0.01199077298        -0.0708417848862      
1.5750172972          0.00796022533721      -0.132130490159       0.00796022533721      -0.132130490159       -0.0121206280558      -0.0684808563677      
1.58467599499         0.00643072622436      -0.127642972686       0.00643072622436      -0.127642972686       -0.0122368166202      -0.0661844882069      
1.59433469278         0.00498384402969      -0.123280244698       0.00498384402969      -0.123280244698       -0.0123362963732      -0.0639510782872      
1.60399339057         0.00360813102481      -0.119046647814       0.00360813102481      -0.119046647814       -0.012424877174       -0.0617832600075      
1.61365208836         0.00230783305585      -0.114923307461       0.00230783305585      -0.114923307461       -0.0124974766186      -0.0596710882508      
1.62331078615         0.00107710320031      -0.11092113449        0.00107710320031      -0.11092113449        -0.0125578662479      -0.0576203257038      
1.63296948394         -9.16154490428e-05    -0.107025274449       -9.16154490428e-05    -0.107025274449       -0.0126076720438      -0.0556239001799      
1.64262818173         -0.00119186901033     -0.103238549507       -0.00119186901033     -0.103238549507       -0.0126443022214      -0.0536825103997      
1.65228687953         -0.00222899535644     -0.0995660822672      -0.00222899535644     -0.0995660822672      -0.012669779058       -0.0517990638382      
1.66194557732         -0.00320581282989     -0.0959982960211      -0.00320581282989     -0.0959982960211      -0.012684414973       -0.0499686516601      
1.67160427511         -0.00412705789901     -0.0925425118334      -0.00412705789901     -0.0925425118334      -0.0126903872307      -0.0481951291334      
1.6812629729          -0.00499491510346     -0.0891949571819      -0.00499491510346     -0.0891949571819      -0.0126884542423      -0.0464770270707      
1.69092167069         -0.00581516469268     -0.0860468977745      -0.00581516469268     -0.0860468977745      -0.0126919751311      -0.0448611791274      
1.70058036848         -0.00663706757684     -0.0836154556372      -0.00663706757684     -0.0836154556372      -0.012783156254       -0.0436180049767      
1.71023906627         -0.00741629499011     -0.0811506500769      -0.00741629499011     -0.0811506500769      -0.0128539554717      -0.0423564793339      
1.71989776406         -0.00815498781458     -0.0786773051713      -0.00815498781458     -0.0786773051713      -0.0129084771954      -0.04108964703        
1.72955646185         -0.00884987916551     -0.0762120638626      -0.00884987916551     -0.0762120638626      -0.0129464826612      -0.0398261194542      
1.73921515964         -0.00950359971996     -0.0737516882492      -0.00950359971996     -0.0737516882492      -0.0129695981674      -0.0385638475617      
1.74887385744         -0.0101165382029      -0.0713096429824      -0.0101165382029      -0.0713096429824      -0.0129784340131      -0.0373103269283      
1.75853255523         -0.0106888946376      -0.068886559289       -0.0106888946376      -0.068886559289       -0.0129734372911      -0.0360655578791      
1.76819125302         -0.0112183842454      -0.0664878247307      -0.0112183842454      -0.0664878247307      -0.0129536785348      -0.0348324782058      
1.77784995081         -0.0117081038345      -0.0641127636986      -0.0117081038345      -0.0641127636986      -0.0129206904346      -0.0336107246738      
1.7875086486          -0.0121576917315      -0.061765142025       -0.0121576917315      -0.061765142025       -0.0128744108912      -0.0324022179755      
1.79716734639         -0.0125676096783      -0.0594465294072      -0.0125676096783      -0.0594465294072      -0.0128151446415      -0.0312077604275      
1.80682604418         -0.0129382204208      -0.0571589244803      -0.0129382204208      -0.0571589244803      -0.0127430278849      -0.0300283959968      
1.81648474197         -0.0132705619217      -0.0549037310692      -0.0132705619217      -0.0549037310692      -0.0126586292809      -0.0288649055081      
1.82614343976         -0.013563773479       -0.0526836076266      -0.013563773479       -0.0526836076266      -0.0125614228878      -0.0277187163643      
1.83580213755         -0.0138189229885      -0.0504959003263      -0.0138189229885      -0.0504959003263      -0.0124518841592      -0.0265882820456      
1.84546083534         -0.0140373918323      -0.048346974603       -0.0140373918323      -0.048346974603       -0.0123308638975      -0.0254770441951      
1.85511953314         -0.0142191947471      -0.0462352505152      -0.0142191947471      -0.0462352505152      -0.0121981130786      -0.0243842014683      
1.86477823093         -0.014365072265       -0.0441623234449      -0.014365072265       -0.0441623234449      -0.0120540016802      -0.0233105722777      
1.87443692872         -0.014476088393       -0.0421291267427      -0.014476088393       -0.0421291267427      -0.011898958421       -0.0222566323987      
1.88409562651         -0.014552393997       -0.0401365642416      -0.014552393997       -0.0401365642416      -0.011733000095       -0.0212228786728      
1.8937543243          -0.0145948263557      -0.0381860285068      -0.0145948263557      -0.0381860285068      -0.0115564278807      -0.0202101344148      
1.90341302209         -0.014513756737       -0.0363154660437      -0.014513756737       -0.0363154660437      -0.0113201744034      -0.0192413751308      
1.91307171988         -0.014580282771       -0.0344103820153      -0.014580282771       -0.0344103820153      -0.011172156758       -0.018247014074       
1.92273041767         -0.0145251490616      -0.0325878529906      -0.0145251490616      -0.0325878529906      -0.01096516832        -0.0172981111448      
1.93238911546         -0.0144390463844      -0.0308096829434      -0.0144390463844      -0.0308096829434      -0.010748616533       -0.016371422876       
1.94204781325         -0.0143224173322      -0.0290766909287      -0.0143224173322      -0.0290766909287      -0.0105225870748      -0.0154673803122      
1.95170651105         -0.0141763544012      -0.0273889937409      -0.0141763544012      -0.0273889937409      -0.0102874874006      -0.0145860869149      
1.96136520884         -0.0140013980111      -0.0257471803003      -0.0140013980111      -0.0257471803003      -0.0100434672978      -0.0137278564207      
1.97102390663         -0.0137988202845      -0.0241521608507      -0.0137988202845      -0.0241521608507      -0.00979105873015     -0.0128931889165      
1.98068260442         -0.0135685215874      -0.0226043893863      -0.0135685215874      -0.0226043893863      -0.00953003994214     -0.0120823361306      
1.99034130221         -0.0133210968171      -0.021107613617       -0.0133210968171      -0.021107613617       -0.00926581896355     -0.0112970368809      
2                     -0.0130299257338      -0.0196519865131      -0.0130299257338      -0.0196519865131      -0.0089842814732      -0.0105328918312      
2.3139245849          -0.000421263665123    -7.68296676861e-05    -0.000421263665123    -7.68296676861e-05    -0.00028885360929     -4.60500826914e-05    
2.3309245849          -0.000231430157769    -3.52473439058e-05    -0.000231430157769    -3.52473439058e-05    -0.000160080382371    -2.12197700511e-05    
2.3479245849          -9.70748160646e-05    -9.38404835965e-06    -9.70748160646e-05    -9.38404835965e-06    -6.77500995644e-05    -5.56706358943e-06    
2.3649245849          -1.57901048669e-05    5.41551985458e-06     -1.57901048669e-05    5.41551985458e-06     -1.11632038907e-05    3.53461285189e-06     
2.3819245849          7.95959324927e-07     2.9895343626e-05      7.95959324927e-07     2.9895343626e-05      4.18833036619e-07     2.03781443369e-05     
2.3989245849          1.10622355911e-06     9.22622274739e-05     1.10622355911e-06     9.22622274739e-05     5.79920464727e-07     6.51871819725e-05     
2.4159245849          1.14983530021e-06     0.000164152854142     1.14983530021e-06     0.000164152854142     6.01354877972e-07     0.000117959671225     
2.4329245849          1.03625644986e-06     0.00023696609716      1.03625644986e-06     0.00023696609716      5.40775115227e-07     0.00017247657819      
2.4339245849          1.02637312629e-06     0.000241180249649     1.02637312629e-06     0.000241180249649     5.3554585868e-07      0.000175664911916     
2.6131702524          -5.30913198925e-07    0.00064365854853      -5.30913198925e-07    0.00064365854853      -2.78857522719e-07    0.000515305794384     
2.7924159199          -4.59641453553e-08    0.000496700117989     -4.59641453553e-08    0.000496700117989     -2.35025999571e-08    0.000430424748379     
2.9716615874          1.00396580135e-07     0.000230675047789     1.00396580135e-07     0.000230675047789     5.26329277591e-08     0.00021548656821      
3.1509072549          -1.25774694584e-08    5.49215234595e-05     -1.25774694584e-08    5.49215234595e-05     -6.62540898518e-09    5.52528064125e-05     
3.33015292241         1.49145429123e-06     3.66020720867e-09     1.49145429123e-06     3.66020720867e-09     1.61942666417e-06     1.86531311899e-09     
3.50939858991         2.85976667759e-05     1.84466540714e-07     2.85976667759e-05     1.84466540714e-07     3.35483127677e-05     -1.58879119124e-07    
3.68864425741         3.97600386493e-05     4.92612746338e-07     3.97600386493e-05     4.92612746338e-07     5.01922861289e-05     -5.50139748469e-07    
3.86788992491         3.45839852375e-05     7.07287160108e-07     3.45839852375e-05     7.07287160108e-07     4.69375253514e-05     -7.6922450916e-07     
4.04713559241         2.35300142858e-05     7.25831737137e-07     2.35300142858e-05     7.25831737137e-07     3.4341781768e-05      -7.23049311316e-07    
4.22638125991         1.35055728491e-05     5.92077430686e-07     1.35055728491e-05     5.92077430686e-07     2.12191837821e-05     -5.30079762002e-07    
4.40562692741         6.7742239627e-06      4.04832945868e-07     6.7742239627e-06      4.04832945868e-07     1.14769024307e-05     -3.23642109324e-07    
4.58487259491         3.02746569923e-06     2.39277802403e-07     3.02746569923e-06     2.39277802403e-07     5.54342059257e-06     -1.71064281144e-07    
4.76411826241         1.21974638786e-06     1.24672629706e-07     1.21974638786e-06     1.24672629706e-07     2.42083973278e-06     -7.97486788531e-08    
4.94336392991         4.46377736891e-07     5.8030464677e-08      4.46377736891e-07     5.8030464677e-08      9.63726756229e-07     -3.33363390597e-08    
5.12260959742         1.49121853318e-07     2.43590746998e-08     1.49121853318e-07     2.43590746998e-08     3.51724734199e-07     -1.25941032435e-08    
5.30185526492         4.56261839859e-08     9.28557224235e-09     4.56261839859e-08     9.28557224235e-09     1.18177376597e-07     -4.3287966702e-09     
5.48110093242         1.28120067036e-08     3.23141048551e-09     1.28120067036e-08     3.23141048551e-09     3.66701251022e-08     -1.36114221334e-09    
5.66034659992         3.30535955459e-09     1.03083878828e-09     3.30535955459e-09     1.03083878828e-09     1.05332256849e-08     -3.93174742162e-10    
5.83959226742         7.83605590788e-10     3.02422029702e-10     7.83605590788e-10     3.02422029702e-10     2.80611100594e-09     -1.04553639402e-10    
6.01883793492         1.7057769393e-10      8.18077064292e-11     1.7057769393e-10      8.18077064292e-11     6.94386315562e-10     -2.56536228736e-11    
6.19808360242         3.40299481552e-11     2.04484013469e-11     3.40299481552e-11     2.04484013469e-11     1.59802780153e-10     -5.81811609059e-12    
6.37732926992         6.19987605485e-12     4.73124478662e-12     6.19987605485e-12     4.73124478662e-12     3.42369675198e-11     -1.2213529762e-12     
6.55657493742         1.02529558122e-12     1.01482009732e-12     1.02529558122e-12     1.01482009732e-12     6.8345033825e-12      -2.37675272667e-13    
6.73582060492         1.52260188386e-13     2.02026970233e-13     1.52260188386e-13     2.02026970233e-13     1.27199861228e-12     -4.28974439418e-14    
6.91506627243         1.98940591533e-14     3.73594252012e-14     1.98940591533e-14     3.73594252012e-14     2.20801687455e-13     -7.18255960985e-15    
7.09431193993         2.21592005624e-15     6.50508535739e-15     2.21592005624e-15     6.50508535739e-15     3.62222038575e-14     -1.13032599491e-15    
7.27355760743         1.86097707416e-16     1.07463830554e-15     1.86097707416e-16     1.07463830554e-15     5.65653227047e-15     -1.68367323486e-16    
7.45280327493         5.94066532316e-18     2.27067510844e-16     5.94066532316e-18     2.27067510844e-16     1.13325071539e-15     -3.19809585386e-17    
7.63204894243         -3.22729612956e-18    3.11650653167e-17     -3.22729612956e-18    3.11650653167e-17     1.47885480241e-16     -3.9311292784e-18     
7.81129460993         -7.67105204669e-18    3.50979737053e-17     -7.67105204669e-18    3.50979737053e-17     1.58755738858e-16     -3.94663768539e-18    
7.99054027743         -1.26206580208e-17    3.93197903992e-17     -1.26206580208e-17    3.93197903992e-17     1.69927393185e-16     -3.91884891758e-18    
8.16978594493         -1.80845743864e-17    4.38363122712e-17     -1.80845743864e-17    4.38363122712e-17     1.81396109897e-16     -3.84493806904e-18    
8.34903161243         -2.40705504827e-17    4.86529978363e-17     -2.40705504827e-17    4.86529978363e-17     1.93156964406e-16     -3.72376135475e-18    
8.52827727993         -3.05856948123e-17    5.37749896162e-17     -3.05856948123e-17    5.37749896162e-17     2.05205092917e-16     -3.55139254563e-18    
8.70752294744         -3.7636537378e-17     5.92071350515e-17     -3.7636537378e-17     5.92071350515e-17     2.17537094446e-16     -3.32539277179e-18    
8.88676861494         -4.52290851522e-17    6.49540060189e-17     -4.52290851522e-17    6.49540060189e-17     2.30149522456e-16     -3.04345456374e-18    
9.06601428244         -5.3368871508e-17     7.10199170178e-17     -5.3368871508e-17     7.10199170178e-17     2.43039140917e-16     -2.7033843668e-18     
9.24525994994         -6.20610003369e-17    7.74089420985e-17     -6.20610003369e-17    7.74089420985e-17     2.56202929592e-16     -2.30309673321e-18    
9.42450561744         -7.13101854833e-17    8.4124930606e-17      -7.13101854833e-17    8.4124930606e-17      2.69638072855e-16     -1.84060869909e-18    
9.60375128494         -8.11207860463e-17    9.11715218138e-17     -8.11207860463e-17    9.11715218138e-17     2.833419457e-16       -1.31403437198e-18    
9.78299695244         -9.14968380301e-17    9.85521585206e-17     -9.14968380301e-17    9.85521585206e-17     2.97312099722e-16     -7.21579745021e-19    
9.96224261994         -1.02442082762e-16    1.06270099681e-16     -1.02442082762e-16    1.06270099681e-16     3.11546249874e-16     -6.15377468983e-20    
10.1414882874         -1.13959992446e-16    1.14328432138e-16     -1.13959992446e-16    1.14328432138e-16     3.26042262213e-16     6.67716469269e-19     
10.3207339549         -1.26053793178e-16    1.22730081521e-16     -1.26053793178e-16    1.22730081521e-16     3.40798142702e-16     1.46772999861e-18     
10.4999796224         -1.38726485693e-16    1.31477822375e-16     -1.38726485693e-16    1.31477822375e-16     3.5581202711e-16      2.3399764226e-18      
10.6792252899         -1.51980864112e-16    1.40574287564e-16     -1.51980864112e-16    1.40574287564e-16     3.71082172049e-16     3.28585981846e-18     
10.8584709574         -1.65819532887e-16    1.50021977022e-16     -1.65819532887e-16    1.50021977022e-16     3.86606947368e-16     4.30671854747e-18     
11.0377166249         -1.80244922151e-16    1.59823265887e-16     -1.80244922151e-16    1.59823265887e-16     4.02384830487e-16     5.40382883057e-18     
11.2169622925         -1.95259301634e-16    1.69980412064e-16     -1.95259301634e-16    1.69980412064e-16     4.18414404614e-16     6.57840812062e-18     
11.39620796           -2.10864793298e-16    1.80495563267e-16     -2.10864793298e-16    1.80495563267e-16     4.34694369095e-16     7.83161828094e-18     
11.5754536275         -2.27063382829e-16    1.91370763576e-16     -2.27063382829e-16    1.91370763576e-16     4.51223641261e-16     9.16456857955e-18     
11.754699295          -2.43856930088e-16    2.02607959546e-16     -2.43856930088e-16    2.02607959546e-16     4.68000980516e-16     1.05774145303e-17     
11.9339449625         -2.61247178645e-16    2.14209005893e-16     -2.61247178645e-16    2.14209005893e-16     4.85024393557e-16     1.20718652103e-17     
12.11319063           -2.79235764475e-16    2.26175670809e-16     -2.79235764475e-16    2.26175670809e-16     5.0229316525e-16      1.36490392368e-17     
12.2924362975         -2.97824223899e-16    2.38509640909e-16     -2.97824223899e-16    2.38509640909e-16     5.19806348833e-16     1.53098623021e-17     
12.471681965          -3.17014000853e-16    2.51212525858e-16     -3.17014000853e-16    2.51212525858e-16     5.37563018624e-16     1.70552200622e-17     
12.6509276325         -3.36806453538e-16    2.64285862689e-16     -3.36806453538e-16    2.64285862689e-16     5.55562289762e-16     1.88859602201e-17     
12.8301733            -3.57202860518e-16    2.77731119837e-16     -3.57202860518e-16    2.77731119837e-16     5.73803321228e-16     2.08028944871e-17     
13.0094189675         -3.78204426318e-16    2.91549700917e-16     -3.78204426318e-16    2.91549700917e-16     5.92285315169e-16     2.28068004298e-17     
13.188664635          -3.99812286561e-16    3.05742948253e-16     -3.99812286561e-16    3.05742948253e-16     6.11007515098e-16     2.48984232103e-17     
13.3679103025         -4.22027512697e-16    3.20312146187e-16     -4.22027512697e-16    3.20312146187e-16     6.29969203769e-16     2.70784772244e-17     
13.54715597           -4.44851116349e-16    3.35258524175e-16     -4.44851116349e-16    3.35258524175e-16     6.49169700976e-16     2.93476476465e-17     
13.7264016375         -4.68284053327e-16    3.50583259691e-16     -4.68284053327e-16    3.50583259691e-16     6.68608361408e-16     3.17065918854e-17     
13.905647305          -4.9232722732e-16     3.6628748095e-16      -4.9232722732e-16     3.6628748095e-16      6.8828457259e-16      3.41559409562e-17     
14.0848929725         -5.16981493311e-16    3.82372269464e-16     -5.16981493311e-16    3.82372269464e-16     7.0819775294e-16      3.66963007757e-17     
14.26413864           -5.42247660729e-16    3.98838662442e-16     -5.42247660729e-16    3.98838662442e-16     7.28347349938e-16     3.93282533832e-17     
14.4433843075         -5.68126496366e-16    4.15687655041e-16     -5.68126496366e-16    4.15687655041e-16     7.48732838415e-16     4.20523580933e-17     
14.622629975          -5.94618727073e-16    4.32920202489e-16     -5.94618727073e-16    4.32920202489e-16     7.69353718943e-16     4.48691525842e-17     
14.8018756425         -6.21725042266e-16    4.50537222076e-16     -6.21725042266e-16    4.50537222076e-16     7.9020951634e-16      4.77791539261e-17     
14.98112131           -6.4944609624e-16     4.68539595029e-16     -6.4944609624e-16     4.68539595029e-16     8.11299778267e-16     5.07828595514e-17     
15.1603669775         -6.77782510321e-16    4.86928168279e-16     -6.77782510321e-16    4.86928168279e-16     8.32624073918e-16     5.38807481736e-17     
15.339612645          -7.06734874868e-16    5.05703756125e-16     -7.06734874868e-16    5.05703756125e-16     8.54181992802e-16     5.70732806546e-17     
15.5188583125         -7.36303751126e-16    5.248671418e-16       -7.36303751126e-16    5.248671418e-16       8.75973143593e-16     6.03609008261e-17     
15.69810398           -7.66489672957e-16    5.44419078951e-16     -7.66489672957e-16    5.44419078951e-16     8.97997153068e-16     6.37440362663e-17     
15.8773496475         -7.97293148445e-16    5.64360293035e-16     -7.97293148445e-16    5.64360293035e-16     9.20253665106e-16     6.72230990352e-17     
16.056595315          -8.28714661401e-16    5.84691482637e-16     -8.28714661401e-16    5.84691482637e-16     9.42742339752e-16     7.07984863714e-17     
16.2358409825         -8.60754672752e-16    6.0541332071e-16      -8.60754672752e-16    6.0541332071e-16      9.65462852347e-16     7.44705813516e-17     
16.41508665           -8.93413621849e-16    6.26526455757e-16     -8.93413621849e-16    6.26526455757e-16     9.88414892708e-16     7.82397535161e-17     
16.5943323175         -9.26691927685e-16    6.48031512938e-16     -9.26691927685e-16    6.48031512938e-16     1.01159816436e-15     8.21063594617e-17     
16.773577985          -9.60589990029e-16    6.69929095125e-16     -9.60589990029e-16    6.69929095125e-16     1.03501238383e-15     8.6070743404e-17      
16.9528236525         -9.95108190491e-16    6.92219783894e-16     -9.95108190491e-16    6.92219783894e-16     1.05865727997e-15     9.01332377108e-17     
17.13206932           -1.03024689352e-15    7.1490414047e-16      -1.03024689352e-15    7.1490414047e-16      1.08253259331e-15     9.42941634092e-17     
17.3113149875         -1.06600644731e-15    7.3798270662e-16      -1.06600644731e-15    7.3798270662e-16      1.10663807553e-15     9.85538306658e-17     
17.490560655          -1.10238718473e-15    7.61456005496e-16     -1.10238718473e-15    7.61456005496e-16     1.13097348884e-15     1.02912539244e-16     
17.6698063225         -1.13938942408e-15    7.85324542441e-16     -1.13938942408e-15    7.85324542441e-16     1.15553860554e-15     1.07370578939e-16     
17.84905199           -1.17701346988e-15    8.09588805748e-16     -1.17701346988e-15    8.09588805748e-16     1.18033320751e-15     1.11928229989e-16     
18.0282976575         -1.2152596136e-15     8.34249267385e-16     -1.2152596136e-15     8.34249267385e-16     1.20535708578e-15     1.16585763469e-16     
18.207543325          -1.25412813433e-15    8.59306383674e-16     -1.25412813433e-15    8.59306383674e-16     1.23061004019e-15     1.21343441662e-16     
18.3867889925         -1.29361929941e-15    8.84760595951e-16     -1.29361929941e-15    8.84760595951e-16     1.256091879e-15       1.2620151842e-16      
18.56603466           -1.33373336503e-15    9.10612331181e-16     -1.33373336503e-15    9.10612331181e-16     1.28180241862e-15     1.31160239495e-16     
18.7452803275         -1.3744705768e-15     9.36862002544e-16     -1.3744705768e-15     9.36862002544e-16     1.30774148345e-15     1.36219842868e-16     
18.924525995          -1.41583117025e-15    9.63510009999e-16     -1.41583117025e-15    9.63510009999e-16     1.33390890578e-15     1.41380559052e-16     
19.1037716625         -1.45781537136e-15    9.90556740814e-16     -1.45781537136e-15    9.90556740814e-16     1.36030452598e-15     1.46642611385e-16     
19.28301733           -1.50042339703e-15    1.01800257008e-15     -1.50042339703e-15    1.01800257008e-15     1.38692819314e-15     1.52006216312e-16     
19.4622629975         -1.54365545548e-15    1.04584786117e-15     -1.54365545548e-15    1.04584786117e-15     1.41377976689e-15     1.57471583648e-16     
19.641508665          -1.58751174672e-15    1.07409296623e-15     -1.58751174672e-15    1.07409296623e-15     1.44085912299e-15     1.63038916834e-16     
19.8207543325         -1.63199246292e-15    1.10273822661e-15     -1.63199246292e-15    1.10273822661e-15     1.46816618012e-15     1.68708413177e-16     
20                    0                     0                     0                     0                     0                     0                     
