0.0779191396          0                     0                     0                     0                     0                     0                     
0.087577837391        0.725663183571        0.232360094411        0.725663183571        0.232360094411        0.131937208895        0.165210918212        
0.0972365351819       3.68487630968         0.959663434461        3.68487630968         0.959663434461        0.787180363975        0.715435246727        
0.106895232973        8.20120143928         1.6442502908          8.20120143928         1.6442502908          1.96367503062         1.31472982871         
0.116553930764        13.2476884439         1.87296691195         13.2476884439         1.87296691195         3.45871854495         1.67719446566         
0.126212628555        18.1233447312         1.464986261           18.1233447312         1.464986261           5.06472962553         1.66406867306         
0.135871326346        22.3813619044         0.37799266096         22.3813619044         0.37799266096         6.58848717333         1.22959729479         
0.145530024137        25.6813830847         -1.28678721067        25.6813830847         -1.28678721067        7.82925204895         0.418743074328        
0.155188721928        27.8676259254         -3.22413898394        27.8676259254         -3.22413898394        8.65624701235         -0.597465481661       
0.164847419719        29.0385154648         -5.11424060754        29.0385154648         -5.11424060754        9.07863450551         -1.62865499393        
0.17450611751         29.4238891975         -6.77024338931        29.4238891975         -6.77024338931        9.18770277058         -2.55786640619        
0.184164815301        29.2524395826         -8.13133382885        29.2524395826         -8.13133382885        9.08107394681         -3.34117446333        
0.193823513091        28.7041153007         -9.196194021          28.7041153007         -9.196194021          8.83574856963         -3.97147177957        
0.203482210882        27.9128312787         -10.0035573369        27.9128312787         -10.0035573369        8.50763967504         -4.46454881644        
0.213140908673        26.970138307          -10.5870216347        26.970138307          -10.5870216347        8.13376373767         -4.83638475144        
0.222799606464        25.945945443          -10.9884039406        25.945945443          -10.9884039406        7.74186910956         -5.10774507421        
0.232458304255        24.8814851513         -11.2464965799        24.8814851513         -11.2464965799        7.34642227978         -5.29945546249        
0.242117002046        23.7818979568         -11.1692572508        23.7818979568         -11.1692572508        6.94669634233         -5.30886319065        
0.251775699837        22.7249505562         -11.4376068534        22.7249505562         -11.4376068534        6.57067547465         -5.49943822386        
0.261434397628        21.6681216805         -11.4052671259        21.6681216805         -11.4052671259        6.20050161275         -5.52592431905        
0.271093095419        20.6436618577         -11.3077367243        20.6436618577         -11.3077367243        5.84801513568         -5.51406008824        
0.28075179321         19.6618860315         -11.1605167641        19.6618860315         -11.1605167641        5.51663316481         -5.47226836546        
0.290410491001        18.7246578309         -10.9758871996        18.7246578309         -10.9758871996        5.20636207464         -5.40753030932        
0.300069188792        17.8335932823         -10.7620122445        17.8335932823         -10.7620122445        4.91662875994         -5.32470802667        
0.309727886583        16.9921346161         -10.5335502221        16.9921346161         -10.5335502221        4.64831973703         -5.23153168448        
0.319386584374        16.1944308204         -10.2948820751        16.1944308204         -10.2948820751        4.3979323824          -5.13077751501        
0.329045282165        15.438294843          -10.0502388476        15.438294843          -10.0502388476        4.16369558207         -5.02493854596        
0.338703979956        14.7202608055         -9.80192304783        14.7202608055         -9.80192304783        3.94364201267         -4.91541801829        
0.348362677747        14.0384979157         -9.55162878971        14.0384979157         -9.55162878971        3.7365647433          -4.80323943229        
0.358021375538        13.3908588043         -9.30014127555        13.3908588043         -9.30014127555        3.54133824042         -4.68890214665        
0.367680073329        12.7761981443         -9.048877965          12.7761981443         -9.048877965          3.35737307103         -4.5732474486         
0.37733877112         12.1936662635         -8.79813341849        12.1936662635         -8.79813341849        3.18433277187         -4.45650064978        
0.386997468911        11.6414912367         -8.54907794975        11.6414912367         -8.54907794975        3.02151817128         -4.33936773759        
0.396656166702        11.1189799643         -8.30248099149        11.1189799643         -8.30248099149        2.86874695459         -4.22234374078        
0.406314864492        10.6248897742         -8.05930409812        10.6248897742         -8.05930409812        2.72554356803         -4.10600122589        
0.415973562283        10.1591115475         -7.82062287783        10.1591115475         -7.82062287783        2.59201735305         -3.99099324564        
0.425632260074        9.71697726104         -7.5866129673         9.71697726104         -7.5866129673         2.4662628895          -3.87760653716        
0.435290957865        9.30063825637         -7.3580938193         9.30063825637         -7.3580938193         2.34932118809         -3.76621196811        
0.444949655656        8.90649094649         -7.13635578184        8.90649094649         -7.13635578184        2.23959906884         -3.65769850575        
0.454608353447        8.5352508237          -6.91997257966        8.5352508237          -6.91997257966        2.13772923733         -3.55128154492        
0.464267051238        8.18301186641         -6.71117423628        8.18301186641         -6.71117423628        2.04193331141         -3.44833987593        
0.473925749029        7.85091350787         -6.50929763749        7.85091350787         -6.50929763749        1.95250814977         -3.34844295786        
0.48358444682         7.53601855269         -6.31451412854        7.53601855269         -6.31451412854        1.86852476138         -3.25182065843        
0.493243144611        7.23652988227         -6.12609178449        7.23652988227         -6.12609178449        1.78943716294         -3.15819915185        
0.502901842402        6.95319857651         -5.9450554461         6.95319857651         -5.9450554461         1.7153769053          -3.06802474718        
0.512560540193        6.68403021434         -5.77109697474        6.68403021434         -5.77109697474        1.64553510787         -2.98128565732        
0.522219237984        6.42737864958         -5.60354078208        6.42737864958         -5.60354078208        1.57930040533         -2.89762624992        
0.531877935775        6.18340375337         -5.44283642571        6.18340375337         -5.44283642571        1.51664552015         -2.81729855142        
0.541536633566        5.95018299447         -5.28778049025        5.95018299447         -5.28778049025        1.4569501911          -2.73969510916        
0.551195331357        5.72674934489         -5.13759677636        5.72674934489         -5.13759677636        1.39979733392         -2.66451914477        
0.560854029148        5.51379806665         -4.99299361516        5.51379806665         -4.99299361516        1.34554195868         -2.59203795666        
0.570512726939        5.31018589875         -4.8534565789         5.31018589875         -4.8534565789         1.2938242134          -2.52199900915        
0.58017142473         5.1153552523          -4.71910131974        5.1153552523          -4.71910131974        1.24431962308         -2.45447374018        
0.589830122521        4.92945443986         -4.5893679002         4.92945443986         -4.5893679002         1.19730502111         -2.38918284071        
0.599488820312        4.75026939227         -4.46360055979        4.75026939227         -4.46360055979        1.15177377778         -2.32580574258        
0.609147518103        4.57921375698         -4.34228238898        4.57921375698         -4.34228238898        1.10844471066         -2.26459232377        
0.618806215893        4.41482834599         -4.22444228847        4.41482834599         -4.22444228847        1.06682755578         -2.20504814911        
0.628464913684        4.25734687582         -4.11042972878        4.25734687582         -4.11042972878        1.02695364558         -2.14735168792        
0.638123611475        4.10622016327         -3.99988689627        4.10622016327         -3.99988689627        0.988710043352        -2.09133371823        
0.647782309266        3.96118888074         -3.89269214616        3.96118888074         -3.89269214616        0.952033759167        -2.03693162513        
0.657441007057        3.82199986948         -3.78870780911        3.82199986948         -3.78870780911        0.916855228215        -1.98408146616        
0.667099704848        3.68848153491         -3.68776770481        3.68848153491         -3.68776770481        0.883151142873        -1.93269273112        
0.676758402639        3.5602605946          -3.58963926844        3.5602605946          -3.58963926844        0.85083523884         -1.88266115155        
0.68641710043         3.43712320607         -3.49438660709        3.43712320607         -3.49438660709        0.819860644067        -1.83403110003        
0.696075798221        3.31900753838         -3.40180077435        3.31900753838         -3.40180077435        0.790215099145        -1.78667916978        
0.705734496012        3.20563353275         -3.31188522694        3.20563353275         -3.31188522694        0.761825891538        -1.74063348668        
0.715393193803        3.09678499609         -3.22449665584        3.09678499609         -3.22449665584        0.734664133069        -1.69581437467        
0.725051891594        2.99216784602         -3.13952979783        2.99216784602         -3.13952979783        0.708618513438        -1.65216423529        
0.734710589385        2.89183661606         -3.05694539035        2.89183661606         -3.05694539035        0.683760790736        -1.60968492855        
0.744369287176        2.79552172504         -2.97660773978        2.79552172504         -2.97660773978        0.660026498766        -1.56830292829        
0.754027984967        2.70325987054         -2.89874290285        2.70325987054         -2.89874290285        0.63745439866         -1.52814747273        
0.763686682758        2.61464849226         -2.82322809763        2.61464849226         -2.82322809763        0.615874270169        -1.48916312256        
0.773345380549        2.52932354518         -2.74999497016        2.52932354518         -2.74999497016        0.595163889528        -1.45132691318        
0.78300407834         2.44744891994         -2.67875626273        2.44744891994         -2.67875626273        0.57542091528         -1.41447391013        
0.792662776131        2.3685289956          -2.60977396348        2.3685289956          -2.60977396348        0.556436875112        -1.3787702645         
0.802321473922        2.29274171249         -2.54296231771        2.29274171249         -2.54296231771        0.538286340719        -1.34416052813        
0.811980171713        2.2197035336          -2.47806735181        2.2197035336          -2.47806735181        0.520865769891        -1.31051759241        
0.821638869504        2.14935766113         -2.41506906242        2.14935766113         -2.41506906242        0.504152521832        -1.2778346269         
0.831297567294        2.08144831756         -2.35379921972        2.08144831756         -2.35379921972        0.488047022176        -1.24602261747        
0.840956265085        2.0162445042          -2.29474228607        2.0162445042          -2.29474228607        0.47269867204         -1.2153551964         
0.850614962876        1.95307163802         -2.23715217943        1.95307163802         -2.23715217943        0.45782362639         -1.18542633955        
0.860273660667        1.89206120924         -2.18128572125        1.89206120924         -2.18128572125        0.443469471962        -1.15638240014        
0.869932358458        1.83320464072         -2.12705632547        1.83320464072         -2.12705632547        0.429671159919        -1.12816716743        
0.879591056249        1.77597796269         -2.07416985135        1.77597796269         -2.07416985135        0.416199863174        -1.10066072266        
0.88924975404         1.72076294085         -2.02268753228        1.72076294085         -2.02268753228        0.403245777902        -1.07387863069        
0.898908451831        1.66733556464         -1.97269579817        1.66733556464         -1.97269579817        0.390707633405        -1.04785339575        
0.908567149622        1.61561651465         -1.92401833962        1.61561651465         -1.92401833962        0.378588764213        -1.02249529961        
0.918225847413        1.56557465895         -1.87667659879        1.56557465895         -1.87667659879        0.366868430232        -0.997819559303       
0.927884545204        1.51689660904         -1.83048756505        1.51689660904         -1.83048756505        0.355435081404        -0.973734345317       
0.937543242995        1.46961919974         -1.78538465135        1.46961919974         -1.78538465135        0.344319771797        -0.950198193412       
0.947201940786        1.4237440325          -1.74129426603        1.4237440325          -1.74129426603        0.333530812341        -0.927181663791       
0.956860638577        1.37917412178         -1.69814956086        1.37917412178         -1.69814956086        0.323079510434        -0.904637424952       
0.966519336368        1.3356470022          -1.65587002464        1.3356470022          -1.65587002464        0.312844090157        -0.882540235911       
0.976178034159        1.29275692588         -1.61388957387        1.29275692588         -1.61388957387        0.302726356871        -0.860580642258       
0.98583673195         1.24835035829         -1.56944778306        1.24835035829         -1.56944778306        0.292232393034        -0.837285820849       
0.995495429741        1.20386962149         -1.52432905346        1.20386962149         -1.52432905346        0.281701273239        -0.813607306052       
1.00515412753         1.16116192551         -1.48092690046        1.16116192551         -1.48092690046        0.271552431151        -0.790821455646       
1.01481282532         1.12021116749         -1.43907607454        1.12021116749         -1.43907607454        0.261807823796        -0.768839167687       
1.02447152311         1.08077091124         -1.39868877384        1.08077091124         -1.39868877384        0.252389293459        -0.747618179949       
1.0341302209          1.04286284211         -1.35960500004        1.04286284211         -1.35960500004        0.243322198609        -0.727069473323       
1.0437889187          1.00643839626         -1.32185653396        1.00643839626         -1.32185653396        0.234592020967        -0.707211789359       
1.05344761649         0.971222590716        -1.28518753589        0.971222590716        -1.28518753589        0.226137320751        -0.687914028507       
1.06310631428         0.937356549692        -1.24970804767        0.937356549692        -1.24970804767        0.217995165891        -0.669230684947       
1.07276501207         0.904713435467        -1.21524912596        0.904713435467        -1.21524912596        0.210137737758        -0.651072584972       
1.08242370986         0.873262037045        -1.18185348424        0.873262037045        -1.18185348424        0.202559019693        -0.633464961445       
1.09208240765         0.842993342192        -1.14948065933        0.842993342192        -1.14948065933        0.195264244288        -0.616385119132       
1.10174110544         0.813763475772        -1.11797487345        0.813763475772        -1.11797487345        0.18821194883         -0.599751462215       
1.11139980323         0.785638746479        -1.08742662888        0.785638746479        -1.08742662888        0.181430086185        -0.58361031139        
1.12105850102         0.758577837611        -1.05774445348        0.758577837611        -1.05774445348        0.174922222762        -0.56791735418        
1.13071719881         0.732576462431        -1.028962796          0.732576462431        -1.028962796          0.168694757487        -0.552689879644       
1.14037589661         0.707495910685        -1.00102926171        0.707495910685        -1.00102926171        0.162688866818        -0.537903384658       
1.1500345944          0.683346690443        -0.973948300588       0.683346690443        -0.973948300588       0.156915708499        -0.523560110381       
1.15969329219         0.659951564998        -0.947587249176       0.659951564998        -0.947587249176       0.151290789409        -0.509585104565       
1.16935198998         0.637664607872        -0.922187465901       0.637664607872        -0.922187465901       0.146017982834        -0.496125075182       
1.17901068777         0.615971352992        -0.897361809656       0.615971352992        -0.897361809656       0.140838772386        -0.482963853832       
1.18866938556         0.595258672754        -0.873126105428       0.595258672754        -0.873126105428       0.135982517045        -0.470109588307       
1.19832808335         0.57507317165         -0.849914922828       0.57507317165         -0.849914922828       0.13112680066         -0.457791653829       
1.20798678114         0.555732019303        -0.827215892719       0.555732019303        -0.827215892719       0.126554591094        -0.445736179524       
1.21764547893         0.537160897253        -0.805285535828       0.537160897253        -0.805285535828       0.122184884137        -0.434084920913       
1.22730417672         0.519207830384        -0.783950472655       0.519207830384        -0.783950472655       0.117959826776        -0.422744110408       
1.23696287451         0.501930749248        -0.763322453083       0.501930749248        -0.763322453083       0.113897937206        -0.411776243939       
1.24662157231         0.485236539905        -0.743227263574       0.485236539905        -0.743227263574       0.109991173352        -0.401085436021       
1.2562802701          0.469132667581        -0.723764603274       0.469132667581        -0.723764603274       0.106221112541        -0.390727390976       
1.26593896789         0.453591922307        -0.704864416722       0.453591922307        -0.704864416722       0.102591312013        -0.380665697568       
1.27559766568         0.438625789627        -0.686567883908       0.438625789627        -0.686567883908       0.0991081222763       -0.370922398425       
1.28525636347         0.424186485177        -0.668865309436       0.424186485177        -0.668865309436       0.095746936621        -0.361493368987       
1.29491506126         0.41018682795         -0.651652054593       0.41018682795         -0.651652054593       0.0924833101494       -0.352322847056       
1.30457375905         0.39666021044         -0.634934710924       0.39666021044         -0.634934710924       0.0893318290384       -0.343414064289       
1.31423245684         0.383573418888        -0.618739650295       0.383573418888        -0.618739650295       0.0862741184058       -0.334782738104       
1.32389115463         0.370906626553        -0.603021260341       0.370906626553        -0.603021260341       0.0833082510848       -0.326403723361       
1.33354985242         0.358651126505        -0.587740928373       0.358651126505        -0.587740928373       0.0804345790905       -0.318258866412       
1.34320855022         0.346772642753        -0.572881405167       0.346772642753        -0.572881405167       0.077639693608        -0.310323045084       
1.35286724801         0.335249189657        -0.558483822383       0.335249189657        -0.558483822383       0.0749204377129       -0.302650296759       
1.3625259458          0.324107776159        -0.544482567081       0.324107776159        -0.544482567081       0.0722831974085       -0.29517935684        
1.37218464359         0.313337559392        -0.530898814582       0.313337559392        -0.530898814582       0.0697376748453       -0.287932349014       
1.38184334138         0.302849837621        -0.51758496553        0.302849837621        -0.51758496553        0.0672361093234       -0.280821026137       
1.39150203917         0.292717069375        -0.504659515159       0.292717069375        -0.504659515159       0.0648210507664       -0.273915557169       
1.40116073696         0.282897688968        -0.492102674573       0.282897688968        -0.492102674573       0.0624745373579       -0.267206621938       
1.41081943475         0.273390920339        -0.479882059818       0.273390920339        -0.479882059818       0.0601983611466       -0.260674961939       
1.42047813254         0.264172044174        -0.467973257528       0.264172044174        -0.467973257528       0.0579849404747       -0.254307170246       
1.43013683033         0.255190328599        -0.456324172814       0.255190328599        -0.456324172814       0.0558124862806       -0.248082090946       
1.43979552812         0.246530955835        -0.444991219476       0.246530955835        -0.444991219476       0.0537205592328       -0.242021828058       
1.44945422592         0.238154192801        -0.433944619392       0.238154192801        -0.433944619392       0.0516975040361       -0.236110223319       
1.45911292371         0.230051660073        -0.423181924907       0.230051660073        -0.423181924907       0.0497394215329       -0.230347306076       
1.4687716215          0.222216148762        -0.412695197223       0.222216148762        -0.412695197223       0.0478460184073       -0.224729187806       
1.47843031929         0.214631165439        -0.402463197774       0.214631165439        -0.402463197774       0.0460134226918       -0.219244319411       
1.48808901708         0.207302387153        -0.392475376528       0.207302387153        -0.392475376528       0.0442481862338       -0.213887465162       
1.49774771487         0.200229101016        -0.382761995234       0.200229101016        -0.382761995234       0.042548522847        -0.208675394684       
1.50740641266         0.193387979601        -0.373297548189       0.193387979601        -0.373297548189       0.0409063972836       -0.203594381625       
1.51706511045         0.186766048154        -0.364072022987       0.186766048154        -0.364072022987       0.0393190997735       -0.198639583512       
1.52672380824         0.18036933236         -0.355091996204       0.18036933236         -0.355091996204       0.0377881321289       -0.19381441789        
1.53638250603         0.174118562721        -0.346401684988       0.174118562721        -0.346401684988       0.0362743546331       -0.189142767687       
1.54604120383         0.168231880451        -0.337812107221       0.168231880451        -0.337812107221       0.0349003717988       -0.184522638217       
1.55569990162         0.162439967077        -0.329549169886       0.162439967077        -0.329549169886       0.0335174365794       -0.18007910615        
1.56535859941         0.156846640983        -0.321452888636       0.156846640983        -0.321452888636       0.0321896943055       -0.175720719501       
1.5750172972          0.151440596773        -0.313570989162       0.151440596773        -0.313570989162       0.0309117664059       -0.171476684997       
1.58467599499         0.146215635055        -0.305917561481       0.146215635055        -0.305917561481       0.0296777553802       -0.167355012785       
1.59433469278         0.141150817571        -0.298458750516       0.141150817571        -0.298458750516       0.0284817615609       -0.163336553816       
1.60399339057         0.136266192689        -0.291232453458       0.136266192689        -0.291232453458       0.027329408769        -0.159442757333       
1.61365208836         0.131512411391        -0.284174965624       0.131512411391        -0.284174965624       0.0262058304875       -0.155639175103       
1.62331078615         0.126927971727        -0.277324503831       0.126927971727        -0.277324503831       0.0251239874301       -0.15194569662        
1.63296948394         0.122450462858        -0.270617244125       0.122450462858        -0.270617244125       0.0240600584849       -0.14833172785        
1.64262818173         0.118131237285        -0.264096579501       0.118131237285        -0.264096579501       0.0230358508147       -0.144816705487       
1.65228687953         0.113968628405        -0.257775756164       0.113968628405        -0.257775756164       0.0220508279936       -0.14140798458        
1.66194557732         0.110020853103        -0.251590794762       0.110020853103        -0.251590794762       0.0211396996011       -0.138072843139       
1.67160427511         0.106041086292        -0.245675837149       0.106041086292        -0.245675837149       0.0201690015123       -0.134880121845       
1.6812629729          0.102271631482        -0.239908888389       0.102271631482        -0.239908888389       0.0192691750215       -0.131768054461       
1.69092167069         0.0987470875336       -0.234584256401       0.0987470875336       -0.234584256401       0.0184211484529       -0.12889670187        
1.70058036848         0.0960516436339       -0.231143528258       0.0960516436339       -0.231143528258       0.0177294853616       -0.127058614132       
1.71023906627         0.0933258754495       -0.227561080596       0.0933258754495       -0.227561080596       0.0170336254023       -0.125141364677       
1.71989776406         0.0905960126962       -0.223901285414       0.0905960126962       -0.223901285414       0.0163370205719       -0.123180034946       
1.72955646185         0.0878836144282       -0.220193037249       0.0878836144282       -0.220193037249       0.01564676938         -0.121190450594       
1.73921515964         0.0851865632027       -0.216449645769       0.0851865632027       -0.216449645769       0.0149610663605       -0.119180273615       
1.74887385744         0.0825177636476       -0.212685668961       0.0825177636476       -0.212685668961       0.0142830660999       -0.117156775717       
1.75853255523         0.0798772311626       -0.208904633685       0.0798772311626       -0.208904633685       0.0136134563003       -0.115122283294       
1.76819125302         0.0772710643344       -0.20511326569        0.0772710643344       -0.20511326569        0.0129540688823       -0.113080402624       
1.77784995081         0.0747017704413       -0.20131718137        0.0747017704413       -0.20131718137        0.012305654221        -0.111034303242       
1.7875086486          0.0721708670753       -0.197523305391       0.0721708670753       -0.197523305391       0.0116685772634       -0.108987632325       
1.79716734639         0.0696667137344       -0.193720001238       0.0696667137344       -0.193720001238       0.011037821422        -0.106935799142       
1.80682604418         0.0672141074429       -0.189921530921       0.0672141074429       -0.189921530921       0.0104232716697       -0.104884851434       
1.81648474197         0.0648142895411       -0.186140753312       0.0648142895411       -0.186140753312       0.00982613634612      -0.102841236128       
1.82614343976         0.0624521641626       -0.182385414915       0.0624521641626       -0.182385414915       0.00923823353917      -0.100810078397       
1.83580213755         0.0601539725553       -0.17863263822        0.0601539725553       -0.17863263822        0.00867530274578      -0.0987781164861      
1.84546083534         0.0579010093826       -0.174915854586       0.0579010093826       -0.174915854586       0.00812397922054      -0.0967643596984      
1.85511953314         0.0556870681191       -0.171223175469       0.0556870681191       -0.171223175469       0.00758346052185      -0.0947625810696      
1.86477823093         0.053520187904        -0.167558762997       0.053520187904        -0.167558762997       0.00705669115027      -0.0927747627125      
1.87443692872         0.0514010337938       -0.163925453762       0.0514010337938       -0.163925453762       0.00654424927187      -0.0908026924192      
1.88409562651         0.0493277700592       -0.160325888277       0.0493277700592       -0.160325888277       0.0060446714818       -0.0888476659043      
1.8937543243          0.0472958685364       -0.15675760241        0.0472958685364       -0.15675760241        0.00555591417606      -0.0869086122793      
1.90341302209         0.0453097685339       -0.153225218792       0.0453097685339       -0.153225218792       0.00507990436447      -0.0849879517221      
1.91307171988         0.0433646537545       -0.149726932548       0.0433646537545       -0.149726932548       0.00461414309798      -0.083084752761       
1.92273041767         0.0414664292277       -0.146267508789       0.0414664292277       -0.146267508789       0.0041618413818       -0.0812018309273      
1.93238911546         0.0395989648495       -0.142832730123       0.0395989648495       -0.142832730123       0.00371502230152      -0.0793319543981      
1.94204781325         0.0377819833081       -0.139434173051       0.0377819833081       -0.139434173051       0.0032824677662       -0.0774810436708      
1.95170651105         0.0360125987084       -0.136075051285       0.0360125987084       -0.136075051285       0.00286343613995      -0.0756501378004      
1.96136520884         0.0342910728199       -0.132754209008       0.0342910728199       -0.132754209008       0.00245806541124      -0.0738386661557      
1.97102390663         0.0326132689779       -0.129474640718       0.0326132689779       -0.129474640718       0.0020644853904       -0.0720487425681      
1.98068260442         0.030980954529        -0.126233021422       0.030980954529        -0.126233021422       0.00168366555288      -0.0702782548091      
1.99034130221         0.0293934912064       -0.12303250966        0.0293934912064       -0.12303250966        0.0013153355245       -0.068529085118       
2                     0.0278569929029       -0.119876136923       0.0278569929029       -0.119876136923       0.000962606561724     -0.0668028202978      
2.001                 0.0276956518945       -0.119549988231       0.0276956518945       -0.119549988231       0.00092465181299      -0.066624542729       
2.24302414622         0.00245631331646      -0.0554431257482      0.00245631331646      -0.0554431257482      -0.0041605839135      -0.0313140113705      
2.48504829245         -0.00432316504891     -0.0190491241729      -0.00432316504891     -0.0190491241729      -0.00407103109992     -0.0109507861792      
2.72707243867         -0.0027010382846      -0.00332381287904     -0.0027010382846      -0.00332381287904     -0.00186572629823     -0.00196922999767     
2.9690965849          -0.000107304640806    -2.29096672859e-05    -0.000107304640806    -2.29096672859e-05    -7.54052882696e-05    -1.48811369889e-05    
2.9700965849          -0.000103983189726    -2.19866180155e-05    -0.000103983189726    -2.19866180155e-05    -7.31025207825e-05    -1.42860370796e-05    
2.9870965849          -5.61518040362e-05    -9.65287094372e-06    -5.61518040362e-05    -9.65287094372e-06    -3.97616420199e-05    -6.28490153807e-06    
3.0040965849          -2.31932170952e-05    -2.23380545928e-06    -2.31932170952e-05    -2.23380545928e-06    -1.65334618239e-05    -1.40656104954e-06    
3.0210965849          -3.82139814107e-06    1.88030870523e-06     -3.82139814107e-06    1.88030870523e-06     -2.72542251987e-06    1.34167781266e-06     
3.0380965849          -1.03175351972e-08    7.82474774085e-06     -1.03175351972e-08    7.82474774085e-06     4.2996111598e-07      5.81801963365e-06     
3.0550965849          5.4923301911e-08      2.19462014933e-05     5.4923301911e-08      2.19462014933e-05     4.21856121586e-07     1.61070097358e-05     
3.0720965849          9.36205390261e-08     3.75403886485e-05     9.36205390261e-08     3.75403886485e-05     4.04385996372e-07     2.76886257851e-05     
3.0890965849          1.11641124241e-07     5.26894687125e-05     1.11641124241e-07     5.26894687125e-05     3.78972057578e-07     3.91383056833e-05     
3.0900965849          1.12194893244e-07     5.35465149323e-05     1.12194893244e-07     5.35465149323e-05     3.77297754343e-07     3.97921863974e-05     
3.26998917442         -1.75826708465e-09    0.000116757026445     -1.75826708465e-09    0.000116757026445     1.0038938528e-07      9.34145227129e-05     
3.44988176394         -1.24894654437e-08    7.66815843691e-05     -1.24894654437e-08    7.66815843691e-05     2.79544247925e-08     6.551226232e-05       
3.62977435347         8.2340385932e-10      3.22542989877e-05     8.2340385932e-10      3.22542989877e-05     1.11419694585e-08     2.93286509966e-05     
3.80966694299         7.78890130749e-10     8.73012225085e-06     7.78890130749e-10     8.73012225085e-06     2.47661136333e-09     8.44101685686e-06     
3.98955953251         -1.423267317e-10      8.53776323387e-07     -1.423267317e-10      8.53776323387e-07     9.47455473478e-12     8.78958904057e-07     
4.16945212203         4.05320666757e-07     3.43735845328e-10     4.05320666757e-07     3.43735845328e-10     4.45860277851e-07     -3.25379640208e-09    
4.34934471156         8.7764841299e-07      1.77755161459e-09     8.7764841299e-07      1.77755161459e-09     1.02381448584e-06     -1.61699846834e-08    
4.52923730108         7.2795574485e-07      2.73353634469e-09     7.2795574485e-07      2.73353634469e-09     8.99311300356e-07     -2.09111561356e-08    
4.7091298906          4.29361954726e-07     2.61490551945e-09     4.29361954726e-07     2.61490551945e-09     5.61468756179e-07     -1.68419039401e-08    
4.88902248012         2.06388799888e-07     1.87529037949e-09     2.06388799888e-07     1.87529037949e-09     2.85718481127e-07     -1.03382163775e-08    
5.06891506965         8.53230271166e-08     1.09258369601e-09     8.53230271166e-08     1.09258369601e-09     1.25112523777e-07     -5.23097475032e-09    
5.24880765917         3.11679317546e-08     5.39827539584e-10     3.11679317546e-08     5.39827539584e-10     4.845267992e-08       -2.27810087729e-09    
5.42870024869         1.02182299036e-08     2.32126881917e-10     1.02182299036e-08     2.32126881917e-10     1.6861282229e-08      -8.73228720023e-10    
5.60859283821         3.03612977033e-09     8.83545146421e-11     3.03612977033e-09     8.83545146421e-11     5.32630652283e-09     -2.99201288106e-10    
5.78848542774         8.22952484778e-10     3.01205020777e-11     8.22952484778e-10     3.01205020777e-11     1.53776194432e-09     -9.26508562061e-11    
5.96837801726         2.04410102389e-10     9.27486757692e-12     2.04410102389e-10     9.27486757692e-12     4.07747330994e-10     -2.61006260278e-11    
6.14827060678         4.66763762216e-11     2.59605949699e-12     4.66763762216e-11     2.59605949699e-12     9.9654244223e-11      -6.72533124988e-12    
6.3281631963          9.82106144741e-12     6.6373129463e-13      9.82106144741e-12     6.6373129463e-13      2.2510739348e-11      -1.59151435184e-12    
6.50805578582         1.90720696587e-12     1.55595653549e-13     1.90720696587e-12     1.55595653549e-13     4.70978786415e-12     -3.47032647935e-13    
6.68794837535         3.4223423569e-13      3.35488579954e-14     3.4223423569e-13      3.35488579954e-14     9.14279941621e-13     -6.99070246059e-14    
6.86784096487         5.67951577332e-14     6.67098476325e-15     5.67951577332e-14     6.67098476325e-15     1.64930717384e-13     -1.30358548632e-14    
7.04773355439         8.71826587386e-15     1.22565096301e-15     8.71826587386e-15     1.22565096301e-15     2.76760998593e-14     -2.25366630631e-15    
7.22762614391         1.21521786436e-15     2.04631351681e-16     1.21521786436e-15     2.04631351681e-16     4.24542837034e-15     -3.5513173028e-16     
7.40751873344         2.05067805066e-16     4.14747930023e-17     2.05067805066e-16     4.14747930023e-17     7.9478537808e-16      -6.81226794695e-17    
7.58741132296         1.68825881419e-17     4.12178111594e-18     1.68825881419e-17     4.12178111594e-18     7.33050484576e-17     -6.42346331613e-18    
7.76730391248         1.62305683286e-17     4.82130900817e-18     1.62305683286e-17     4.82130900817e-18     7.99209001506e-17     -7.14525188243e-18    
7.947196502           1.52958894012e-17     5.59287870234e-18     1.52958894012e-17     5.59287870234e-18     8.6749183108e-17      -7.89913090124e-18    
8.12708909153         1.40680964007e-17     6.43915018836e-18     1.40680964007e-17     6.43915018836e-18     9.37829567417e-17     -8.68411948199e-18    
8.30698168105         1.25375962698e-17     7.362653241e-18       1.25375962698e-17     7.362653241e-18       1.01016563069e-16     -9.49843537564e-18    
8.48687427057         1.06955760851e-17     8.36579290519e-18     1.06955760851e-17     8.36579290519e-18     1.08444726578e-16     -1.03408097991e-17    
8.66676686009         8.53392977017e-18     9.4508550946e-18      8.53392977017e-18     9.4508550946e-18      1.16062481843e-16     -1.1210002737e-17     
8.84665944961         6.04519238908e-18     1.06200122033e-17     6.04519238908e-18     1.06200122033e-17     1.23865189373e-16     -1.21048060316e-17    
9.02655203914         3.22248120456e-18     1.18753286553e-17     3.22248120456e-18     1.18753286553e-17     1.31848518306e-16     -1.30240455636e-17    
9.20644462866         5.9442767015e-20      1.32187663372e-17     5.9442767015e-20      1.32187663372e-17     1.40008425601e-16     -1.39665827024e-17    
9.38633721818         -3.44979462146e-18    1.46521898738e-17     -3.44979462146e-18    1.46521898738e-17     1.48341135525e-16     -1.49313151676e-17    
9.5662298077          -7.3106636535e-18     1.617737172e-17       -7.3106636535e-18     1.617737172e-17       1.56843120337e-16     -1.59171774214e-17    
9.74612239723         -1.15281964942e-17    1.77959970502e-17     -1.15281964942e-17    1.77959970502e-17     1.65511082434e-16     -1.69231406881e-17    
9.92601498675         -1.61070594525e-17    1.95096684351e-17     -1.61070594525e-17    1.95096684351e-17     1.74341938104e-16     -1.79482126785e-17    
10.1059075763         -2.1051584257e-17     2.13199102999e-17     -2.1051584257e-17     2.13199102999e-17     1.83332803135e-16     -1.89914370853e-17    
10.2858001658         -2.63657963005e-17    2.32281731637e-17     -2.63657963005e-17    2.32281731637e-17     1.92480981036e-16     -2.00518929009e-17    
10.4656927553         -3.20534401752e-17    2.52358376616e-17     -3.20534401752e-17    2.52358376616e-17     2.01783956764e-16     -2.11286936019e-17    
10.6455853448         -3.8118002786e-17     2.73442183542e-17     -3.8118002786e-17     2.73442183542e-17     2.11239414488e-16     -2.22209862331e-17    
10.8254779344         -4.45627342947e-17    2.95545673305e-17     -4.45627342947e-17    2.95545673305e-17     2.20845310332e-16     -2.3328277511e-17     
11.0053705239         -5.1390667122e-17     3.18680776114e-17     -5.1390667122e-17     3.18680776114e-17     2.30598880662e-16     -2.44497984262e-17    
11.1852631134         -5.86046332053e-17    3.42858863629e-17     -5.86046332053e-17    3.42858863629e-17     2.40498310096e-16     -2.55844925802e-17    
11.3651557029         -6.62072796917e-17    3.68090779252e-17     -6.62072796917e-17    3.68090779252e-17     2.50541786376e-16     -2.67316311461e-17    
11.5450482924         -7.42010832245e-17    3.94386866693e-17     -7.42010832245e-17    3.94386866693e-17     2.60727570962e-16     -2.78905135828e-17    
11.724940882          -8.25883629621e-17    4.21756996875e-17     -8.25883629621e-17    4.21756996875e-17     2.71054016844e-16     -2.90604665642e-17    
11.9048334715         -9.13712924567e-17    4.50210593284e-17     -9.13712924567e-17    4.50210593284e-17     2.81519567302e-16     -3.02408429232e-17    
12.084726061          -1.00551910504e-16    4.79756655836e-17     -1.00551910504e-16    4.79756655836e-17     2.92122751552e-16     -3.14310206146e-17    
12.2646186505         -1.10132131064e-16    5.1040378335e-17      -1.10132131064e-16    5.1040378335e-17      3.02862179765e-16     -3.26304017019e-17    
12.4445112401         -1.2011375234e-16     5.42160194715e-17     -1.2011375234e-16     5.42160194715e-17     3.13736538099e-16     -3.38384113718e-17    
12.6244038296         -1.30498465098e-16    5.75033748808e-17     -1.30498465098e-16    5.75033748808e-17     3.24744583931e-16     -3.50544969782e-17    
12.8042964191         -1.412878603e-16      6.09031963256e-17     -1.412878603e-16      6.09031963256e-17     3.35885141378e-16     -3.62781271166e-17    
12.9841890086         -1.52483436108e-16    6.44162032108e-17     -1.52483436108e-16    6.44162032108e-17     3.47157097088e-16     -3.75087907319e-17    
13.1640815982         -1.64086604327e-16    6.80430842471e-17     -1.64086604327e-16    6.80430842471e-17     3.58559396331e-16     -3.87459962581e-17    
13.3439741877         -1.76098696325e-16    7.17844990186e-17     -1.76098696325e-16    7.17844990186e-17     3.70091039347e-16     -3.99892707911e-17    
13.5238667772         -1.88520968489e-16    7.56410794604e-17     -1.88520968489e-16    7.56410794604e-17     3.81751077954e-16     -4.12381592948e-17    
13.7037593667         -2.01354607255e-16    7.96134312499e-17     -2.01354607255e-16    7.96134312499e-17     3.93538612391e-16     -4.24922238385e-17    
13.8836519562         -2.14600733742e-16    8.37021351199e-17     -2.14600733742e-16    8.37021351199e-17     4.05452788383e-16     -4.37510428671e-17    
14.0635445458         -2.2826040804e-16     8.79077480958e-17     -2.2826040804e-16     8.79077480958e-17     4.17492794407e-16     -4.50142105017e-17    
14.2434371353         -2.42334633164e-16    9.22308046631e-17     -2.42334633164e-16    9.22308046631e-17     4.29657859147e-16     -4.62813358708e-17    
14.4233297248         -2.56824358719e-16    9.66718178693e-17     -2.56824358719e-16    9.66718178693e-17     4.4194724913e-16      -4.75520424704e-17    
14.6032223143         -2.71730484288e-16    1.01231280363e-16     -2.71730484288e-16    1.01231280363e-16     4.54360266513e-16     -4.88259675527e-17    
14.7831149039         -2.8705386257e-16     1.05909665376e-16     -2.8705386257e-16     1.05909665376e-16     4.66896247033e-16     -5.0102761542e-17     
14.9630074934         -3.02795302298e-16    1.1070742765e-16      -3.02795302298e-16    1.1070742765e-16      4.79554558087e-16     -5.13820874769e-17    
15.1429000829         -3.1895557094e-16     1.15625004316e-16     -3.1895557094e-16     1.15625004316e-16     4.92334596948e-16     -5.26636204775e-17    
15.3227926724         -3.35535397206e-16    1.20662815717e-16     -3.35535397206e-16    1.20662815717e-16     5.05235789098e-16     -5.39470472375e-17    
15.5026852619         -3.5253547339e-16     1.25821266196e-16     -3.5253547339e-16     1.25821266196e-16     5.18257586679e-16     -5.52320655382e-17    
15.6825778515         -3.6995645753e-16     1.31100744835e-16     -3.6995645753e-16     1.31100744835e-16     5.31399467053e-16     -5.65183837864e-17    
15.862470441          -3.87798975439e-16    1.36501626154e-16     -3.87798975439e-16    1.36501626154e-16     5.44660931455e-16     -5.78057205716e-17    
16.0423630305         -4.06063622582e-16    1.4202427078e-16      -4.06063622582e-16    1.4202427078e-16      5.58041503767e-16     -5.90938042451e-17    
16.22225562           -4.24750965835e-16    1.4766902607e-16      -4.24750965835e-16    1.4766902607e-16      5.71540729376e-16     -6.03823725175e-17    
16.4021482096         -4.43861545117e-16    1.53436226708e-16     -4.43861545117e-16    1.53436226708e-16     5.85158174156e-16     -6.16711720748e-17    
16.5820407991         -4.63395874925e-16    1.59326195272e-16     -4.63395874925e-16    1.59326195272e-16     5.98893423588e-16     -6.29599582119e-17    
16.7619333886         -4.83354445759e-16    1.65339242764e-16     -4.83354445759e-16    1.65339242764e-16     6.12746082061e-16     -6.42484944837e-17    
16.9418259781         -5.03737725458e-16    1.71475669124e-16     -5.03737725458e-16    1.71475669124e-16     6.267157725e-16       -6.55365523708e-17    
17.1217185676         -5.24546160449e-16    1.77735763702e-16     -5.24546160449e-16    1.77735763702e-16     6.40802136682e-16     -6.68239109613e-17    
17.3016111572         -5.45780176914e-16    1.84119805726e-16     -5.45780176914e-16    1.84119805726e-16     6.55004837513e-16     -6.81103566473e-17    
17.4815037467         -5.6744018189e-16     1.90628064726e-16     -5.6744018189e-16     1.90628064726e-16     6.69323570276e-16     -6.93956828338e-17    
17.6613963362         -5.89526564291e-16    1.97260800952e-16     -5.89526564291e-16    1.97260800952e-16     6.8375814273e-16      -7.06798115905e-17    
17.8412889257         -6.12039695872e-16    2.04018265764e-16     -6.12039695872e-16    2.04018265764e-16     6.98307890292e-16     -7.19626707737e-17    
18.0211815153         -6.34979932131e-16    2.10900702002e-16     -6.34979932131e-16    2.10900702002e-16     7.1297257531e-16      -7.32438412998e-17    
18.2010741048         -6.5834761316e-16     2.17908344344e-16     -6.5834761316e-16     2.17908344344e-16     7.27751956037e-16     -7.45231419383e-17    
18.3809666943         -6.82143064438e-16    2.2504141964e-16      -6.82143064438e-16    2.2504141964e-16      7.42645773604e-16     -7.58003972046e-17    
18.5608592838         -7.06366597582e-16    2.32300147233e-16     -7.06366597582e-16    2.32300147233e-16     7.5765377286e-16      -7.70754371389e-17    
18.7407518733         -7.31018511049e-16    2.39684739261e-16     -7.31018511049e-16    2.39684739261e-16     7.72775706044e-16     -7.83480970962e-17    
18.9206444629         -7.56099090804e-16    2.47195400954e-16     -7.56099090804e-16    2.47195400954e-16     7.88011333735e-16     -7.96182175442e-17    
19.1005370524         -7.81608610937e-16    2.54832330905e-16     -7.81608610937e-16    2.54832330905e-16     8.03360425011e-16     -8.08856438711e-17    
19.2804296419         -8.07547334255e-16    2.62595721335e-16     -8.07547334255e-16    2.62595721335e-16     8.18822757338e-16     -8.21502262011e-17    
19.4603222314         -8.33915512836e-16    2.70485758345e-16     -8.33915512836e-16    2.70485758345e-16     8.34398116331e-16     -8.34118192179e-17    
19.640214821          -8.60713388548e-16    2.78502622155e-16     -8.60713388548e-16    2.78502622155e-16     8.50086295477e-16     -8.46702819963e-17    
19.8201074105         -8.87941193546e-16    2.86646487332e-16     -8.87941193546e-16    2.86646487332e-16     8.6588709583e-16      -8.59254778406e-17    
20                    0                     0                     0                     0                     0                     0                     
