0.0779191396          0                     0                     0                     0                     0                     0                     
0.087577837391        0.620976057988        0.25616811538         0.620976057988        0.25616811538         0.132356663483        0.146452361895        
0.0972365351819       3.18543378752         1.01634960169         3.18543378752         1.01634960169         0.772094779366        0.600548108924        
0.106895232973        7.12851473321         1.67336856357         7.12851473321         1.67336856357         1.89031229873         1.03676894892         
0.116553930764        11.5333822984         1.73882385388         11.5333822984         1.73882385388         3.2704332085          1.1770427095          
0.126212628555        15.6559737483         0.990745684731        15.6559737483         0.990745684731        4.65305485548         0.883305851264        
0.135871326346        18.8956825625         -0.450395904566       18.8956825625         -0.450395904566       5.75948057864         0.200860352898        
0.145530024137        21.0332624422         -2.17165952452        21.0332624422         -2.17165952452        6.45795421204         -0.65770865992        
0.155188721928        22.2060986345         -3.82333445589        22.2060986345         -3.82333445589        6.79205668223         -1.50332103385        
0.164847419719        22.6598210696         -5.2469960518         22.6598210696         -5.2469960518         6.86263818205         -2.24555173062        
0.17450611751         22.6100912029         -6.39579439428        22.6100912029         -6.39579439428        6.7584519805          -2.85473347722        
0.184164815301        22.2285259556         -7.28991207901        22.2285259556         -7.28991207901        6.54849376704         -3.33650182932        
0.193823513091        21.6260899834         -7.96165923217        21.6260899834         -7.96165923217        6.27477279364         -3.70550682332        
0.203482210882        20.884652297          -8.44393475006        20.884652297          -8.44393475006        5.96670952835         -3.97726777116        
0.213140908673        20.0639028887         -8.76858001458        20.0639028887         -8.76858001458        5.6451544204          -4.16726203219        
0.222799606464        19.2071471655         -8.96815994128        19.2071471655         -8.96815994128        5.32448847969         -4.29172476826        
0.232458304255        18.338823812          -9.0707305706         18.338823812          -9.0707305706         5.01153424136         -4.36504730467        
0.242117002046        17.4733767794         -9.09580592463        17.4733767794         -9.09580592463        4.70897139463         -4.39739174623        
0.251775699837        16.6304323101         -9.06239600139        16.6304323101         -9.06239600139        4.42211291799         -4.39825939115        
0.261434397628        15.8068568823         -8.97808650735        15.8068568823         -8.97808650735        4.1478486378          -4.37184507594        
0.271093095419        15.0125281616         -8.85168732315        15.0125281616         -8.85168732315        3.88871962961         -4.32282538874        
0.28075179321         14.2579797955         -8.69563256387        14.2579797955         -8.69563256387        3.64773215312         -4.25703272684        
0.290410491001        13.5406490408         -8.51679143517        13.5406490408         -8.51679143517        3.42342277445         -4.17831787722        
0.300069188792        12.8631804208         -8.32250899758        12.8631804208         -8.32250899758        3.21606426995         -4.09054989028        
0.309727886583        12.2236324359         -8.11842897935        12.2236324359         -8.11842897935        3.02415144613         -3.99674914594        
0.319386584374        11.6205605925         -7.90944157071        11.6205605925         -7.90944157071        2.84667396499         -3.89954464292        
0.329045282165        11.0518400368         -7.69842588971        11.0518400368         -7.69842588971        2.68217497581         -3.80052228856        
0.338703979956        10.5153794996         -7.4876750109         10.5153794996         -7.4876750109         2.52946857581         -3.70095815889        
0.348362677747        10.0087345088         -7.27868478872        10.0087345088         -7.27868478872        2.38721589857         -3.60170045261        
0.358021375538        9.5293234825          -7.07224135872        9.5293234825          -7.07224135872        2.25420824667         -3.50322280278        
0.367680073329        9.07660418555         -6.8691647631         9.07660418555         -6.8691647631         2.12997962611         -3.40595761269        
0.37733877112         8.64783055391         -6.66936598702        8.64783055391         -6.66936598702        2.01348034266         -3.30992965977        
0.386997468911        8.24222251513         -6.4735795848         8.24222251513         -6.4735795848         1.90426083057         -3.21554004594        
0.396656166702        7.85804217603         -6.28165449804        7.85804217603         -6.28165449804        1.8016817406          -3.12273836633        
0.406314864492        7.49496432485         -6.09389069248        7.49496432485         -6.09389069248        1.70561182411         -3.0316934816         
0.415973562283        7.15138635986         -5.91039718228        7.15138635986         -5.91039718228        1.61547449294         -2.94248733277        
0.425632260074        6.82640695919         -5.73134135652        6.82640695919         -5.73134135652        1.53098623488         -2.85522487129        
0.435290957865        6.51916899171         -5.55699087097        6.51916899171         -5.55699087097        1.45184807408         -2.77005430066        
0.444949655656        6.22877659049         -5.38709376821        6.22877659049         -5.38709376821        1.37774862217         -2.68687501173        
0.454608353447        5.95379816795         -5.22238229474        5.95379816795         -5.22238229474        1.30831765342         -2.60610839225        
0.464267051238        5.69395335291         -5.06252661988        5.69395335291         -5.06252661988        1.24334186219         -2.52756835672        
0.473925749029        5.44799279215         -4.90775564088        5.44799279215         -4.90775564088        1.18242500724         -2.45139250876        
0.48358444682         5.21470242868         -4.75688495095        5.21470242868         -4.75688495095        1.12522209156         -2.37710107304        
0.493243144611        4.9944983717          -4.61093384583        4.9944983717          -4.61093384583        1.07193046073         -2.30515398829        
0.502901842402        4.78635857182         -4.47093911936        4.78635857182         -4.47093911936        1.02215408798         -2.23607156636        
0.512560540193        4.58920032844         -4.33593356818        4.58920032844         -4.33593356818        0.975449035898        -2.16936138122        
0.522219237984        4.40162716427         -4.20562665543        4.40162716427         -4.20562665543        0.931388849185        -2.10491604637        
0.531877935775        4.2242421514          -4.08078512261        4.2242421514          -4.08078512261        0.890154948802        -2.04313013294        
0.541536633566        4.05519004622         -3.96027255079        4.05519004622         -3.96027255079        0.851129791623        -1.9834540152         
0.551195331357        3.89513972661         -3.84462348376        3.89513972661         -3.84462348376        0.814590782693        -1.92614327272        
0.560854029148        3.74123070355         -3.73261839311        3.74123070355         -3.73261839311        0.779400166888        -1.87064066456        
0.570512726939        3.59502681946         -3.62496004077        3.59502681946         -3.62496004077        0.746286534841        -1.81725498575        
0.58017142473         3.4555607732          -3.5213854805         3.4555607732          -3.5213854805         0.714835222383        -1.76587547655        
0.589830122521        3.32244270389         -3.4214962183         3.32244270389         -3.4214962183         0.684951687513        -1.71630612712        
0.599488820312        3.19497685699         -3.32511140755        3.19497685699         -3.32511140755        0.656412277224        -1.66846848466        
0.609147518103        3.07315615223         -3.23219176146        3.07315615223         -3.23219176146        0.629199382092        -1.62233381794        
0.618806215893        2.9564370692          -3.1423152011         2.9564370692          -3.1423152011         0.603209967423        -1.57769914518        
0.628464913684        2.84461057063         -3.05530399062        2.84461057063         -3.05530399062        0.578336157073        -1.53446406718        
0.638123611475        2.73741677086         -2.97123999858        2.73741677086         -2.97123999858        0.554532858312        -1.49268710796        
0.647782309266        2.63468258907         -2.88975790959        2.63468258907         -2.88975790959        0.531747813356        -1.45217271455        
0.657441007057        2.53611871375         -2.81082684668        2.53611871375         -2.81082684668        0.509916847441        -1.41290751854        
0.667099704848        2.44170052442         -2.73415601874        2.44170052442         -2.73415601874        0.489077128418        -1.37476237324        
0.676758402639        2.35132287166         -2.65992275726        2.35132287166         -2.65992275726        0.469233777612        -1.33781382021        
0.68641710043         2.26472083406         -2.58807727451        2.26472083406         -2.58807727451        0.450264101029        -1.30204022765        
0.696075798221        2.1814045871          -2.51833857144        2.1814045871          -2.51833857144        0.432025704311        -1.2673028196         
0.705734496012        2.10153517788         -2.45075817312        2.10153517788         -2.45075817312        0.41458193747         -1.23362392342        
0.715393193803        2.02486357383         -2.3851285911         2.02486357383         -2.3851285911         0.397890251577        -1.20090183478        
0.725051891594        1.95120954825         -2.32138622975        1.95120954825         -2.32138622975        0.381891008596        -1.16910631719        
0.734710589385        1.88052291599         -2.25950720015        1.88052291599         -2.25950720015        0.366593309692        -1.13822385574        
0.744369287176        1.81263651404         -2.19945314253        1.81263651404         -2.19945314253        0.351943774826        -1.10823592229        
0.754027984967        1.74708010523         -2.14080742256        1.74708010523         -2.14080742256        0.337793291805        -1.07897058041        
0.763686682758        1.6843421523          -2.08381759916        1.6843421523          -2.08381759916        0.32434574331         -1.05051142948        
0.773345380549        1.62418434806         -2.02852734105        1.62418434806         -2.02852734105        0.311524888698        -1.02287946296        
0.78300407834         1.56650257763         -1.97483118327        1.56650257763         -1.97483118327        0.299313490925        -0.996026748345       
0.792662776131        1.510926015           -1.9225864701         1.510926015           -1.9225864701         0.287590514252        -0.969891378641       
0.802321473922        1.45767745154         -1.87191776931        1.45767745154         -1.87191776931        0.276429462161        -0.944529566905       
0.811980171713        1.40652241467         -1.82263229071        1.40652241467         -1.82263229071        0.265786210151        -0.919852438377       
0.821638869504        1.35741303055         -1.77474951933        1.35741303055         -1.77474951933        0.255655534817        -0.89587298055        
0.831297567294        1.31024629933         -1.72839089864        1.31024629933         -1.72839089864        0.245994242851        -0.872651775379       
0.840956265085        1.26481348882         -1.68343984077        1.26481348882         -1.68343984077        0.236716284745        -0.850130419795       
0.850614962876        1.22095811209         -1.63969814614        1.22095811209         -1.63969814614        0.227794857901        -0.828212099524       
0.860273660667        1.17881047496         -1.59733692555        1.17881047496         -1.59733692555        0.219262017014        -0.806979091533       
0.869932358458        1.13810137424         -1.55612466727        1.13810137424         -1.55612466727        0.211038973386        -0.78632010074        
0.879591056249        1.09878515385         -1.51610418209        1.09878515385         -1.51610418209        0.203113337556        -0.766257396189       
0.88924975404         1.0608194368          -1.47720294194        1.0608194368          -1.47720294194        0.19547360063         -0.746753349771       
0.898908451831        1.0241475015          -1.43936918229        1.0241475015          -1.43936918229        0.188104747236        -0.727782913982       
0.908567149622        0.98864142047         -1.40251061841        0.98864142047         -1.40251061841        0.18097215952         -0.709298294021       
0.918225847413        0.954285181644        -1.36663416013        0.954285181644        -1.36663416013        0.174072215018        -0.691306696314       
0.927884545204        0.92099203498         -1.33161662024        0.92099203498         -1.33161662024        0.167382841548        -0.673740933622       
0.937543242995        0.888718935334        -1.29736343287        0.888718935334        -1.29736343287        0.160903491665        -0.656559044866       
0.947201940786        0.85755056625         -1.26396143306        0.85755056625         -1.26396143306        0.154667917997        -0.639801351695       
0.956860638577        0.827205311319        -1.23127830862        0.827205311319        -1.23127830862        0.148592370119        -0.623404650619       
0.966519336368        0.797708642674        -1.19917490099        0.797708642674        -1.19917490099        0.142689190242        -0.607294366799       
0.976178034159        0.768717598289        -1.16735453796        0.768717598289        -1.16735453796        0.136867635136        -0.591322783857       
0.98583673195         0.739025935533        -1.13377240183        0.739025935533        -1.13377240183        0.130946937095        -0.574449170703       
0.995495429741        0.709307666631        -1.09957489581        0.709307666631        -1.09957489581        0.125003290422        -0.557274837843       
1.00515412753         0.680973389669        -1.06667748391        0.680973389669        -1.06667748391        0.1193485658          -0.540745157834       
1.01481282532         0.653888022339        -1.03498448936        0.653888022339        -1.03498448936        0.113946034251        -0.524813345194       
1.02447152311         0.627927630631        -1.00435500415        0.627927630631        -1.00435500415        0.10877305028         -0.509411514675       
1.0341302209          0.603021833847        -0.974715144706       0.603021833847        -0.974715144706       0.103814057997        -0.494502053962       
1.0437889187          0.579208209649        -0.946062096972       0.579208209649        -0.946062096972       0.0990942154668       -0.480087114801       
1.05344761649         0.556345536185        -0.918287051188       0.556345536185        -0.918287051188       0.0945813146071       -0.466110010995       
1.06310631428         0.534419819224        -0.891430219218       0.534419819224        -0.891430219218       0.0902589466072       -0.452590591338       
1.07276501207         0.513344694185        -0.865404654522       0.513344694185        -0.865404654522       0.0861167580251       -0.439486657814       
1.08242370986         0.493143367937        -0.840215177049       0.493143367937        -0.840215177049       0.0821597766227       -0.426799906565       
1.09208240765         0.473759630103        -0.815829556076       0.473759630103        -0.815829556076       0.0783746484041       -0.414514412658       
1.10174110544         0.45512754725         -0.792156854198       0.45512754725         -0.792156854198       0.0747521858557       -0.402584138818       
1.11139980323         0.437253673938        -0.769275062598       0.437253673938        -0.769275062598       0.0712889264119       -0.391050156837       
1.12105850102         0.420081995703        -0.747066697556       0.420081995703        -0.747066697556       0.0679734281988       -0.379851943101       
1.13071719881         0.403606270569        -0.725543740348       0.403606270569        -0.725543740348       0.0648118413242       -0.368998053431       
1.14037589661         0.387786404699        -0.704716526979       0.387786404699        -0.704716526979       0.0617938520796       -0.358492709735       
1.1500345944          0.372591319197        -0.684562329418       0.372591319197        -0.684562329418       0.0589014341929       -0.348324945679       
1.15969329219         0.35798464249         -0.66504652544        0.35798464249         -0.66504652544        0.056131625494        -0.338477634691       
1.16935198998         0.343931127099        -0.646142485789       0.343931127099        -0.646142485789       0.05347358527         -0.328937499798       
1.17901068777         0.330404913462        -0.627838531799       0.330404913462        -0.627838531799       0.0509170026454       -0.319698975608       
1.18866938556         0.317333745938        -0.610044264864       0.317333745938        -0.610044264864       0.0484465599048       -0.31071638203        
1.19832808335         0.3047673653          -0.592842759513       0.3047673653          -0.592842759513       0.0460656401464       -0.302040571236       
1.20798678114         0.292687512461        -0.576115011562       0.292687512461        -0.576115011562       0.0437931299389       -0.293599155041       
1.21764547893         0.28106679806         -0.559935019332       0.28106679806         -0.559935019332       0.0416067647913       -0.285431587053       
1.22730417672         0.269887207917        -0.544257779248       0.269887207917        -0.544257779248       0.0395125694186       -0.277516163831       
1.23696287451         0.259093712061        -0.529053933147       0.259093712061        -0.529053933147       0.0374776096827       -0.269839507702       
1.24662157231         0.248679286882        -0.514256036793       0.248679286882        -0.514256036793       0.035522608813        -0.262366126239       
1.2562802701          0.238657513904        -0.499893567169       0.238657513904        -0.499893567169       0.0336407644094       -0.255111116795       
1.26593896789         0.228994205462        -0.485983537657       0.228994205462        -0.485983537657       0.0318261689476       -0.248084199168       
1.27559766568         0.219701123567        -0.472503272681       0.219701123567        -0.472503272681       0.0300825210634       -0.241272891926       
1.28525636347         0.210706990224        -0.459378740918       0.210706990224        -0.459378740918       0.028389874128        -0.234640472754       
1.29491506126         0.202052699887        -0.446622547927       0.202052699887        -0.446622547927       0.0267649003449       -0.228192337372       
1.30457375905         0.193691898126        -0.434212931204       0.193691898126        -0.434212931204       0.025193805079        -0.221918403782       
1.31423245684         0.185656007291        -0.422174769298       0.185656007291        -0.422174769298       0.0236889613218       -0.215830601377       
1.32389115463         0.177905469702        -0.410476934912       0.177905469702        -0.410476934912       0.0222365403555       -0.209913395715       
1.33354985242         0.170438943918        -0.399100898823       0.170438943918        -0.399100898823       0.0208411037503       -0.204157558057       
1.34320855022         0.163250045889        -0.388045288288       0.163250045889        -0.388045288288       0.0195009591549       -0.198562309695       
1.35286724801         0.15631120862         -0.377279650557       0.15631120862         -0.377279650557       0.0182099870771       -0.193112048655       
1.3625259458          0.149603292021        -0.366803308656       0.149603292021        -0.366803308656       0.0169576665609       -0.187811332704       
1.37218464359         0.143166821608        -0.356611224288       0.143166821608        -0.356611224288       0.0157657399159       -0.182651512588       
1.38184334138         0.136980849746        -0.346702215282       0.136980849746        -0.346702215282       0.0146277798136       -0.177632592614       
1.39150203917         0.131041694789        -0.337037545822       0.131041694789        -0.337037545822       0.0135451895561       -0.17273467107        
1.40116073696         0.125311447142        -0.327711014353       0.125311447142        -0.327711014353       0.0124989450848       -0.168008692762       
1.41081943475         0.119802210046        -0.318615633473       0.119802210046        -0.318615633473       0.0115018989701       -0.163397825044       
1.42047813254         0.114497736691        -0.30977280522        0.114497736691        -0.30977280522        0.0105464486423       -0.158913893985       
1.43013683033         0.109391115303        -0.301183717869       0.109391115303        -0.301183717869       0.00963053283463      -0.154557540728       
1.43979552812         0.104476672872        -0.292840066356       0.104476672872        -0.292840066356       0.00875349941437      -0.150324715521       
1.44945422592         0.0997340020587       -0.284723690039       0.0997340020587       -0.284723690039       0.0079089728103       -0.146206211696       
1.45911292371         0.0951670139633       -0.276837254285       0.0951670139633       -0.276837254285       0.00709919005076      -0.142203872093       
1.4687716215          0.090764295504        -0.269171606585       0.090764295504        -0.269171606585       0.00631992380119      -0.138312801362       
1.47843031929         0.0865148034661       -0.26172100754        0.0865148034661       -0.26172100754        0.00556875431628      -0.134530220781       
1.48808901708         0.0824151327501       -0.25445593664        0.0824151327501       -0.25445593664        0.00484585493605      -0.130840546201       
1.49774771487         0.0784407699594       -0.247387947137       0.0784407699594       -0.247387947137       0.00414073393826      -0.127252420537       
1.50740641266         0.0746217405883       -0.240502510479       0.0746217405883       -0.240502510479       0.00346739796064      -0.123756120814       
1.51706511045         0.0709422428701       -0.233801111662       0.0709422428701       -0.233801111662       0.00282105735026      -0.120351698435       
1.52672380824         0.0674012205923       -0.227281039041       0.0674012205923       -0.227281039041       0.00220137742471      -0.117038368119       
1.53638250603         0.063988286502        -0.220927317546       0.063988286502        -0.220927317546       0.00160706841688      -0.113808555682       
1.54604120383         0.0607033881762       -0.214749159573       0.0607033881762       -0.214749159573       0.00103707022812      -0.110667107005       
1.55569990162         0.0575392793623       -0.208727459553       0.0575392793623       -0.208727459553       0.000490945769373     -0.107604256149       
1.56535859941         0.0544949319792       -0.202864538892       0.0544949319792       -0.202864538892       -3.05114404669e-05    -0.104621276981       
1.5750172972          0.051562755973        -0.19714510881        0.051562755973        -0.19714510881        -0.000529304107215    -0.101710314895       
1.58467599499         0.0487440343638       -0.19158323555        0.0487440343638       -0.19158323555        -0.00100559626508     -0.0988787429227      
1.59433469278         0.0460299683943       -0.186165079581       0.0460299683943       -0.186165079581       -0.00146121530228     -0.0961194984154      
1.60399339057         0.043425723731        -0.18091062746        0.043425723731        -0.18091062746        -0.00189559342248     -0.0934427398318      
1.61365208836         0.0409031512197       -0.175762837182       0.0409031512197       -0.175762837182       -0.00231534705808     -0.0908210632413      
1.62331078615         0.0384896722714       -0.170766715667       0.0384896722714       -0.170766715667       -0.0027124187373      -0.0882753230861      
1.63296948394         0.0361715173998       -0.16589870536        0.0361715173998       -0.16589870536        -0.0030891617763      -0.085793749388       
1.64262818173         0.0339452007103       -0.161165487174       0.0339452007103       -0.161165487174       -0.00344757786665     -0.0833801948997      
1.65228687953         0.0318084432482       -0.156569866438       0.0318084432482       -0.156569866438       -0.00378876550185     -0.0810361774657      
1.66194557732         0.0297545820211       -0.152103990927       0.0297545820211       -0.152103990927       -0.00411457152346     -0.0787576902843      
1.67160427511         0.0277829782185       -0.147771078948       0.0277829782185       -0.147771078948       -0.00442502970815     -0.0765465568167      
1.6812629729          0.0258922991163       -0.14357351506        0.0258922991163       -0.14357351506        -0.00472131109932     -0.0744039588209      
1.69092167069         0.0241036543781       -0.139664853881       0.0241036543781       -0.139664853881       -0.00501077538299     -0.0724097307285      
1.70058036848         0.0225471615438       -0.13689059165        0.0225471615438       -0.13689059165        -0.00532983957533     -0.0710026038239      
1.71023906627         0.0210056207539       -0.134030458043       0.0210056207539       -0.134030458043       -0.00563839931768     -0.0695510844281      
1.71989776406         0.0195007875173       -0.131139894122       0.0195007875173       -0.131139894122       -0.00593184761135     -0.0680821833798      
1.72955646185         0.0180302541483       -0.128229578639       0.0180302541483       -0.128229578639       -0.00621267943912     -0.0666019170191      
1.73921515964         0.0165955527789       -0.125315102065       0.0165955527789       -0.125315102065       -0.00648137797023     -0.0651184260352      
1.74887385744         0.0151991212613       -0.122399046454       0.0151991212613       -0.122399046454       -0.00673725622654     -0.0636329771445      
1.75853255523         0.0138414210657       -0.119488279727       0.0138414210657       -0.119488279727       -0.00698056279863     -0.0621491795449      
1.76819125302         0.0125224760193       -0.1165870356         0.0125224760193       -0.1165870356         -0.00721177739807     -0.0606692237481      
1.77784995081         0.0112448291007       -0.113692549401       0.0112448291007       -0.113692549401       -0.00742965366571     -0.059191503107       
1.7875086486          0.00999794523135      -0.110819267211       0.00999794523135      -0.110819267211       -0.00763959890171     -0.057724788191       
1.79716734639         0.00879772669324      -0.107961536059       0.00879772669324      -0.107961536059       -0.00783466626561     -0.0562644653853      
1.80682604418         0.00763912210067      -0.105125263137       0.00763912210067      -0.105125263137       -0.00801691684367     -0.0548141266412      
1.81648474197         0.00652063571147      -0.102310710681       0.00652063571147      -0.102310710681       -0.00818720686876     -0.0533739901833      
1.82614343976         0.00544215619643      -0.0995220494241      0.00544215619643      -0.0995220494241      -0.00834578353403     -0.051946204193       
1.83580213755         0.00440702852099      -0.0967615950328      0.00440702852099      -0.0967615950328      -0.00849138897979     -0.0505318990093      
1.84546083534         0.00340351393044      -0.0940287307691      0.00340351393044      -0.0940287307691      -0.00862858821615     -0.0491311625463      
1.85511953314         0.00243992094031      -0.0913182824352      0.00243992094031      -0.0913182824352      -0.00875453198588     -0.0477412761241      
1.86477823093         0.00151865079749      -0.0886410575222      0.00151865079749      -0.0886410575222      -0.00886796019141     -0.0463673039733      
1.87443692872         0.00063743090499      -0.0859959656634      0.00063743090499      -0.0859959656634      -0.00896972820009     -0.0450089671111      
1.88409562651         -0.000203531583793    -0.0833831050104      -0.000203531583793    -0.0833831050104      -0.00905967686247     -0.0436662783079      
1.8937543243          -0.00100561054234     -0.0808062381918      -0.00100561054234     -0.0808062381918      -0.00913851546134     -0.0423412097121      
1.90341302209         -0.00177286869589     -0.0782617040026      -0.00177286869589     -0.0782617040026      -0.00920791663427     -0.0410321371701      
1.91307171988         -0.00249957469907     -0.0757526186939      -0.00249957469907     -0.0757526186939      -0.00926541313191     -0.0397404458491      
1.92273041767         -0.003187936683       -0.0732813556854      -0.003187936683       -0.0732813556854      -0.00931188816322     -0.0384672967769      
1.93238911546         -0.00383861065042     -0.0708491250577      -0.00383861065042     -0.0708491250577      -0.00934755776879     -0.0372134293109      
1.94204781325         -0.00445318816147     -0.0684542012592      -0.00445318816147     -0.0684542012592      -0.00937309826571     -0.0359779143381      
1.95170651105         -0.00503384554566     -0.066098369777       -0.00503384554566     -0.066098369777       -0.00938942106488     -0.0347620223426      
1.96136520884         -0.00557618920309     -0.0637822214015      -0.00557618920309     -0.0637822214015      -0.00939449918566     -0.0335656610872      
1.97102390663         -0.00608453057445     -0.0615063590942      -0.00608453057445     -0.0615063590942      -0.0093902540206      -0.0323893035665      
1.98068260442         -0.00655929738413     -0.0592725908157      -0.00655929738413     -0.0592725908157      -0.00937687606262     -0.0312339248725      
1.99034130221         -0.00699967366554     -0.0570771167498      -0.00699967366554     -0.0570771167498      -0.00935350921281     -0.0300976003021      
2                     -0.0074071667412      -0.0549251654745      -0.0074071667412      -0.0549251654745      -0.00932126730682     -0.0289830012633      
2.01                  -0.00779346444819     -0.052739961949       -0.00779346444819     -0.052739961949       -0.00927757744016     -0.0278502913591      
2.31489669245         -0.00694372437441     -0.00804631511477     -0.00694372437441     -0.00804631511477     -0.0045659413285      -0.00440203274233     
2.6197933849          -6.40280442477e-06    4.82657447442e-06     -6.40280442477e-06    4.82657447442e-06     -4.43040192998e-06    3.16394588854e-06     
2.6297933849          1.85523937255e-07     1.11304640278e-05     1.85523937255e-07     1.11304640278e-05     2.83239685784e-06     7.54584807785e-06     
2.63001560712         1.89609302593e-07     1.14545568174e-05     1.89609302593e-07     1.14545568174e-05     2.82964883696e-06     7.76664443881e-06     
2.63023782934         1.93664879993e-07     1.17846208167e-05     1.93664879993e-07     1.17846208167e-05     2.82696178199e-06     7.99179588554e-06     
2.63046005157         1.97690539864e-07     1.21204407649e-05     1.97690539864e-07     1.21204407649e-05     2.82433004362e-06     8.22114742655e-06     
2.63068227379         2.01686160691e-07     1.24618158647e-05     2.01686160691e-07     1.24618158647e-05     2.8217486342e-06      8.45455481174e-06     
2.63090449601         2.05651657677e-07     1.28085616517e-05     2.05651657677e-07     1.28085616517e-05     2.819213139e-06       8.69188552726e-06     
2.63112671823         2.09586998389e-07     1.31605116731e-05     2.09586998389e-07     1.31605116731e-05     2.8167196405e-06      8.93301974101e-06     
2.63134894046         2.1349216527e-07      1.35175102792e-05     2.1349216527e-07      1.35175102792e-05     2.81426463159e-06     9.17784555274e-06     
2.63157116268         2.1736714661e-07      1.38794122758e-05     2.1736714661e-07      1.38794122758e-05     2.8118449547e-06      9.42625867297e-06     
2.6317933849          2.21211936969e-07     1.42460812237e-05     2.21211936969e-07     1.42460812237e-05     2.80945775589e-06     9.67816120784e-06     
2.6417933849          3.63874784822e-07     3.42598219078e-05     3.63874784822e-07     3.42598219078e-05     2.71445637925e-06     2.36156467761e-05     
2.82260803714         -1.12836788504e-07    0.000356107829231     -1.12836788504e-07    0.000356107829231     9.00506974523e-07     0.000273464627545     
3.00342268938         -8.84644669732e-08    0.000303901790859     -8.84644669732e-08    0.000303901790859     3.11291058984e-07     0.000252428571103     
3.18423734162         3.1800499794e-08      0.000151649935679     3.1800499794e-08      0.000151649935679     1.30670979829e-07     0.000135586445807     
3.36505199386         6.94799264355e-09     4.58296359906e-05     6.94799264355e-09     4.58296359906e-05     2.80024816191e-08     4.40624722853e-05     
3.5458666461          -2.96154732942e-09    3.61147237188e-06     -2.96154732942e-09    3.61147237188e-06     -2.73969460579e-10    3.74408507503e-06     
3.72668129834         5.09211238556e-06     1.4693822173e-08      5.09211238556e-06     1.4693822173e-08      5.70549863278e-06     -6.92940949483e-08    
3.90749595058         1.00542753005e-05     6.20505009779e-08     1.00542753005e-05     6.20505009779e-08     1.20614284957e-05     -2.68131843445e-07    
4.08831060282         9.18427988815e-06     9.91296479665e-08     9.18427988815e-06     9.91296479665e-08     1.17826982832e-05     -3.64079028854e-07    
4.26912525507         6.13573539259e-06     1.03547299468e-07     6.13573539259e-06     1.03547299468e-07     8.41725725469e-06     -3.24574840502e-07    
4.44993990731         3.36826842998e-06     8.27478052084e-08     3.36826842998e-06     8.27478052084e-08     4.94400765531e-06     -2.24048520944e-07    
4.63075455955         1.59460358007e-06     5.42899457712e-08     1.59460358007e-06     5.42899457712e-08     2.50723048676e-06     -1.2873940207e-07     
4.81156921179         6.67452671144e-07     3.03948939432e-08     6.67452671144e-07     3.03948939432e-08     1.12607666494e-06     -6.38385882312e-08    
4.99238386403         2.50621282387e-07     1.48689870134e-08     2.50621282387e-07     1.48689870134e-08     4.54711894066e-07     -2.79513159776e-08    
5.17319851627         8.51959291161e-08     6.45588676403e-09     8.51959291161e-08     6.45588676403e-09     1.66678264726e-07     -1.09565011196e-08    
5.35401316851         2.63783881049e-08     2.5151407823e-09      2.63783881049e-08     2.5151407823e-09      5.58310059338e-08     -3.88172538041e-09    
5.53482782075         7.46933116738e-09     8.86220333827e-10     7.46933116738e-09     8.86220333827e-10     1.71704421963e-08     -1.25164947788e-09    
5.71564247299         1.93961762455e-09     2.84101956191e-10     1.93961762455e-09     2.84101956191e-10     4.86541202164e-09     -3.6929897124e-10     
5.89645712523         4.62722791171e-10     8.32424009381e-11     4.62722791171e-10     8.32424009381e-11     1.27360990374e-09     -1.00077939333e-10    
6.07727177747         1.0151232515e-10      2.23723889678e-11     1.0151232515e-10      2.23723889678e-11     3.08630304681e-10     -2.49820031704e-11    
6.25808642971         2.04842039445e-11     5.53128375132e-12     2.04842039445e-11     5.53128375132e-12     6.93497720108e-11     -5.75819524828e-12    
6.43890108195         3.80018353242e-12     1.26094731267e-12     3.80018353242e-12     1.26094731267e-12     1.44688440593e-11     -1.22786738713e-12    
6.61971573419         6.47297564616e-13     2.6557381882e-13      6.47297564616e-13     2.6557381882e-13      2.80611663228e-12     -2.42622947636e-13    
6.80053038643         1.0094679625e-13      5.17448736632e-14     1.0094679625e-13      5.17448736632e-14     5.06217224554e-13     -4.44707500086e-14    
6.98134503868         1.43655978028e-14     9.34868674407e-15     1.43655978028e-14     9.34868674407e-15     8.5090540095e-14      -7.57726231607e-15    
7.16215969092         1.89366978656e-15     1.60317672176e-15     1.89366978656e-15     1.60317672176e-15     1.36352703307e-14     -1.22820372008e-15    
7.34297434316         2.08201424351e-16     2.38214340113e-16     2.08201424351e-16     2.38214340113e-16     1.90067663429e-15     -1.72844361472e-16    
7.5237889954          4.03133537233e-17     6.64357099891e-17     4.03133537233e-17     6.64357099891e-17     4.99051888453e-16     -4.57386062205e-17    
7.70460364764         2.83744242239e-17     7.60709138342e-17     2.83744242239e-17     7.60709138342e-17     5.39725006135e-16     -4.97763556553e-17    
7.88541829988         3.12956819995e-18     1.87046951803e-17     3.12956819995e-18     1.87046951803e-17     1.25718130098e-16     -1.165059327e-17      
8.06623295212         -3.07458808067e-19    2.11495407911e-17     -3.07458808067e-19    2.11495407911e-17     1.35026019554e-16     -1.25576444855e-17    
8.24704760436         -4.18706737251e-18    2.37822621928e-17     -4.18706737251e-18    2.37822621928e-17     1.44583777922e-16     -1.34784409485e-17    
8.4278622566          -8.51780563014e-18    2.66070616489e-17     -8.51780563014e-18    2.66070616489e-17     1.54386478127e-16     -1.44108416268e-17    
8.60867690884         -1.33075234249e-17    2.96279062289e-17     -1.33075234249e-17    2.96279062289e-17     1.64429551021e-16     -1.53527921156e-17    
8.78949156108         -1.85634390583e-17    3.28485422282e-17     -1.85634390583e-17    3.28485422282e-17     1.7470875874e-16      -1.63023232039e-17    
8.97030621332         -2.42921988603e-17    3.62725088002e-17     -2.42921988603e-17    3.62725088002e-17     1.8522017317e-16      -1.7257548911e-17     
9.15112086556         -3.04999304197e-17    3.99031508028e-17     -3.04999304197e-17    3.99031508028e-17     1.95960167322e-16     -1.82166641437e-17    
9.3319355178          -3.71922902088e-17    4.37436308755e-17     -3.71922902088e-17    4.37436308755e-17     2.06925552802e-16     -1.91779670626e-17    
9.51275017004         -4.43745062496e-17    4.77969407694e-17     -4.43745062496e-17    4.77969407694e-17     2.18112760452e-16     -2.01404917459e-17    
9.69356482228         -5.20514163889e-17    5.20659119629e-17     -5.20514163889e-17    5.20659119629e-17     2.29518574418e-16     -2.11020149041e-17    
9.87437947452         -6.02275026801e-17    5.65532255938e-17     -6.02275026801e-17    5.65532255938e-17     2.41140367573e-16     -2.20610278258e-17    
10.0551941268         -6.89069223105e-17    6.12614217449e-17     -6.89069223105e-17    6.12614217449e-17     2.52975577006e-16     -2.30160884447e-17    
10.236008779          -7.8093535458e-17     6.61929081196e-17     -7.8093535458e-17     6.61929081196e-17     2.65021790706e-16     -2.39658184301e-17    
10.4168234312         -8.77909304163e-17    7.13499681428e-17     -8.77909304163e-17    7.13499681428e-17     2.7727674635e-16      -2.49089003296e-17    
10.5976380835         -9.80024462861e-17    7.67347685232e-17     -9.80024462861e-17    7.67347685232e-17     2.89738322993e-16     -2.58440747797e-17    
10.7784527357         -1.08731193497e-16    8.23493663122e-17     -1.08731193497e-16    8.23493663122e-17     3.02404531677e-16     -2.67701378e-17       
10.959267388          -1.19980072386e-16    8.81957154911e-17     -1.19980072386e-16    8.81957154911e-17     3.15273506225e-16     -2.76859381776e-17    
11.1400820402         -1.31751790052e-16    9.42756731201e-17     -1.31751790052e-16    9.42756731201e-17     3.28343494543e-16     -2.85903749507e-17    
11.3208966925         -1.44048875642e-16    1.00591005077e-16     -1.44048875642e-16    1.00591005077e-16     3.41612850524e-16     -2.94823949918e-17    
11.5017113447         -1.5687369426e-16     1.07143391415e-16     -1.5687369426e-16     1.07143391415e-16     3.55080026557e-16     -3.03609906953e-17    
11.6825259969         -1.70228459616e-16    1.13934431366e-16     -1.70228459616e-16    1.13934431366e-16     3.68743566613e-16     -3.12251977672e-17    
11.8633406492         -1.84115245554e-16    1.20965648015e-16     -1.84115245554e-16    1.20965648015e-16     3.82602099865e-16     -3.20740931169e-17    
12.0441553014         -1.98535996571e-16    1.28238492667e-16     -1.98535996571e-16    1.28238492667e-16     3.96654334815e-16     -3.29067928495e-17    
12.2249699537         -2.13492537415e-16    1.35754348925e-16     -2.13492537415e-16    1.35754348925e-16     4.1089905387e-16      -3.37224503548e-17    
12.4057846059         -2.28986581874e-16    1.43514536511e-16     -2.28986581874e-16    1.43514536511e-16     4.25335108355e-16     -3.45202544918e-17    
12.5865992581         -2.45019740809e-16    1.51520314836e-16     -2.45019740809e-16    1.51520314836e-16     4.39961413899e-16     -3.52994278638e-17    
12.7674139104         -2.61593529521e-16    1.59772886336e-16     -2.61593529521e-16    1.59772886336e-16     4.54776946187e-16     -3.60592251812e-17    
12.9482285626         -2.78709374506e-16    1.68273399608e-16     -2.78709374506e-16    1.68273399608e-16     4.69780737033e-16     -3.67989317084e-17    
13.1290432149         -2.96368619662e-16    1.77022952334e-16     -2.96368619662e-16    1.77022952334e-16     4.84971870762e-16     -3.75178617907e-17    
13.3098578671         -3.1457253199e-16     1.86022594031e-16     -3.1457253199e-16     1.86022594031e-16     5.00349480865e-16     -3.82153574579e-17    
13.4906725193         -3.3332230684e-16     1.95273328622e-16     -3.3332230684e-16     1.95273328622e-16     5.15912746915e-16     -3.88907871009e-17    
13.6714871716         -3.52619072748e-16    2.04776116856e-16     -3.52619072748e-16    2.04776116856e-16     5.31660891726e-16     -3.9543544217e-17     
13.8523018238         -3.72463895889e-16    2.1453187857e-16      -3.72463895889e-16    2.1453187857e-16      5.47593178753e-16     -4.01730462213e-17    
14.0331164761         -3.92857784187e-16    2.24541494822e-16     -3.92857784187e-16    2.24541494822e-16     5.6370890971e-16      -4.07787333205e-17    
14.2139311283         -4.13801691117e-16    2.34805809887e-16     -4.13801691117e-16    2.34805809887e-16     5.80007422449e-16     -4.13600674449e-17    
14.3947457805         -4.35296519212e-16    2.45325633137e-16     -4.35296519212e-16    2.45325633137e-16     5.96488089109e-16     -4.19165312377e-17    
14.5755604328         -4.57343123313e-16    2.56101740812e-16     -4.57343123313e-16    2.56101740812e-16     6.13150314677e-16     -4.24476270956e-17    
14.756375085          -4.79942313577e-16    2.67134877676e-16     -4.79942313577e-16    2.67134877676e-16     6.29993536265e-16     -4.29528762604e-17    
14.9371897373         -5.03094858267e-16    2.7842575859e-16      -5.03094858267e-16    2.7842575859e-16      6.47017224171e-16     -4.3431817958e-17     
15.1180043895         -5.26801486334e-16    2.8997506998e-16      -5.26801486334e-16    2.8997506998e-16      6.64220889805e-16     -4.38840085808e-17    
15.2988190417         -5.51062889826e-16    3.01783471232e-16     -5.51062889826e-16    3.01783471232e-16     6.81604186729e-16     -4.43090668131e-17    
15.479633694          -5.75879726109e-16    3.13851595995e-16     -5.75879726109e-16    3.13851595995e-16     6.99166345359e-16     -4.47069033001e-17    
15.6604483462         -6.01252619953e-16    3.26180053422e-16     -6.01252619953e-16    3.26180053422e-16     7.16906862687e-16     -4.50767686969e-17    
15.8412629985         -6.27182165452e-16    3.38769429331e-16     -6.27182165452e-16    3.38769429331e-16     7.34825386352e-16     -4.541828066e-17      
16.0220776507         -6.53668927831e-16    3.5162028731e-16      -6.53668927831e-16    3.5162028731e-16      7.52921528737e-16     -4.57310705151e-17    
16.2028923029         -6.80713445114e-16    3.64733169753e-16     -6.80713445114e-16    3.64733169753e-16     7.71194910423e-16     -4.60147826614e-17    
16.3837069552         -7.08316229693e-16    3.78108598842e-16     -7.08316229693e-16    3.78108598842e-16     7.89645165573e-16     -4.62690740054e-17    
16.5645216074         -7.36477769783e-16    3.91747077477e-16     -7.36477769783e-16    3.91747077477e-16     8.08271942994e-16     -4.64936134232e-17    
16.7453362597         -7.65198530784e-16    4.05649090158e-16     -7.65198530784e-16    4.05649090158e-16     8.2707490609e-16      -4.66880812498e-17    
16.9261509119         -7.94478956555e-16    4.19815103807e-16     -7.94478956555e-16    4.19815103807e-16     8.46053732443e-16     -4.68521687933e-17    
17.1069655642         -8.24319470605e-16    4.34245568564e-16     -8.24319470605e-16    4.34245568564e-16     8.65208113264e-16     -4.69855778732e-17    
17.2877802164         -8.54720477208e-16    4.48940918529e-16     -8.54720477208e-16    4.48940918529e-16     8.84537752791e-16     -4.70880203814e-17    
17.4685948686         -8.8568236244e-16     4.63901572465e-16     -8.8568236244e-16     4.63901572465e-16     9.04042367691e-16     -4.7159217864e-17     
17.6494095209         -9.17205495166e-16    4.79127934474e-16     -9.17205495166e-16    4.79127934474e-16     9.23721686467e-16     -4.71989011243e-17    
17.8302241731         -9.4929022795e-16     4.94620394628e-16     -9.4929022795e-16     4.94620394628e-16     9.43575448889e-16     -4.72068098438e-17    
18.0110388254         -9.81936897915e-16    5.1037932957e-16      -9.81936897915e-16    5.1037932957e-16      9.63603405452e-16     -4.7182692222e-17     
18.1918534776         -1.01514582755e-15    5.26405103091e-16     -1.01514582755e-15    5.26405103091e-16     9.83805316856e-16     -4.71263046331e-17    
18.3726681298         -1.04891732548e-15    5.42698066669e-16     -1.04891732548e-15    5.42698066669e-16     1.00418095351e-15     -4.70374112988e-17    
18.5534827821         -1.08325168716e-15    5.59258559987e-16     -1.08325168716e-15    5.59258559987e-16     1.02473009508e-15     -4.69157839767e-17    
18.7342974343         -1.11814919554e-15    5.76086911421e-16     -1.11814919554e-15    5.76086911421e-16     1.04545253002e-15     -4.67612016628e-17    
18.9151120866         -1.15361012174e-15    5.9318343851e-16      -1.15361012174e-15    5.9318343851e-16      1.06634805519e-15     -4.65734503081e-17    
19.0959267388         -1.18963472557e-15    6.10548448395e-16     -1.18963472557e-15    6.10548448395e-16     1.08741647541e-15     -4.63523225484e-17    
19.276741391          -1.22622325618e-15    6.28182238245e-16     -1.22622325618e-15    6.28182238245e-16     1.10865760314e-15     -4.60976174458e-17    
19.4575560433         -1.26337595249e-15    6.46085095657e-16     -1.26337595249e-15    6.46085095657e-16     1.1300712581e-15      -4.58091402425e-17    
19.6383706955         -1.30109304377e-15    6.64257299036e-16     -1.30109304377e-15    6.64257299036e-16     1.15165726692e-15     -4.54867021259e-17    
19.8191853478         -1.33937475004e-15    6.82699117963e-16     -1.33937475004e-15    6.82699117963e-16     1.17341546284e-15     -4.51301200032e-17    
20                    0                     0                     0                     0                     0                     0                     
