0.0779191396          0                     0                     0                     0                     0                     0                     
0.0876558150718       0.581905354955        -0.0238013948849      0.581905354955        -0.0238013948849      0.126614860209        -0.0029377197219      
0.0973924905436       2.68092150579         -0.566506205286       2.68092150579         -0.566506205286       0.59336602912         -0.164380036944       
0.107129166015        5.08526015364         -1.82504190082        5.08526015364         -1.82504190082        1.09385465671         -0.566652844712       
0.116865841487        6.98126816985         -3.26831296882        6.98126816985         -3.26831296882        1.43317405036         -1.04084066769        
0.126602516959        8.25779964043         -4.55672813785        8.25779964043         -4.55672813785        1.61015217206         -1.4710969676         
0.136339192431        9.00860857119         -5.57900543692        9.00860857119         -5.57900543692        1.66720775226         -1.81664168129        
0.146075867903        9.36161502097         -6.32982117198        9.36161502097         -6.32982117198        1.64553195207         -2.07328087386        
0.155812543374        9.42945857278         -6.84298323457        9.42945857278         -6.84298323457        1.57596888672         -2.25094320751        
0.165549218846        9.30147508995         -7.16235112062        9.30147508995         -7.16235112062        1.47994608239         -2.36358585365        
0.175285894318        9.04299283754         -7.33016732436        9.04299283754         -7.33016732436        1.37121791982         -2.42495987519        
0.18502256979         8.70235784877         -7.38242441824        8.70235784877         -7.38242441824        1.25877096113         -2.44695221466        
0.194759245262        8.30874747202         -7.3463786357         8.30874747202         -7.3463786357         1.1468281023          -2.43878890177        
0.204495920734        7.89125787685         -7.24630231623        7.89125787685         -7.24630231623        1.03994204279         -2.40853492845        
0.214232596205        7.46514965111         -7.09986701382        7.46514965111         -7.09986701382        0.939555430923        -2.36215349824        
0.223969271677        7.04154904506         -6.92093730973        7.04154904506         -6.92093730973        0.846548492458        -2.30443350471        
0.233705947149        6.62748809971         -6.72038753366        6.62748809971         -6.72038753366        0.760977985954        -2.23905113434        
0.243442622621        6.2279408239          -6.50613880079        6.2279408239          -6.50613880079        0.6827503278          -2.16869837167        
0.253179298093        5.84543342213         -6.28405742722        5.84543342213         -6.28405742722        0.611486857381        -2.09550201853        
0.262915973564        5.48160636538         -6.05875478087        5.48160636538         -6.05875478087        0.546698993992        -2.02099093763        
0.272652649036        5.13710811206         -5.83340488533        5.13710811206         -5.83340488533        0.487884617921        -1.94627279307        
0.282389324508        4.81213174489         -5.61040601656        4.81213174489         -5.61040601656        0.434560160366        -1.87219055681        
0.29212599998         4.50652221256         -5.39160254779        4.50652221256         -5.39160254779        0.386295335535        -1.79939578293        
0.301862675452        4.21933952881         -5.17803220923        4.21933952881         -5.17803220923        0.342529980241        -1.7282533424         
0.311599350923        3.95005702717         -4.9705173704         3.95005702717         -4.9705173704         0.302905301209        -1.6590572941         
0.321336026395        3.69777926107         -4.76992658039        3.69777926107         -4.76992658039        0.267023478767        -1.59212240894        
0.331072701867        3.46185390956         -4.57647314953        3.46185390956         -4.57647314953        0.234552560082        -1.52750533555        
0.340809377339        3.24019438132         -4.38991771955        3.24019438132         -4.38991771955        0.204944560206        -1.46520568708        
0.350546052811        3.03321580689         -4.2105778185         3.03321580689         -4.2105778185         0.178164025737        -1.40524981356        
0.360282728283        2.83981024805         -4.03844474179        2.83981024805         -4.03844474179        0.153957503929        -1.34770781414        
0.370019403754        2.65896195755         -3.87348558009        2.65896195755         -3.87348558009        0.132034072662        -1.29254319842        
0.379756079226        2.48984251175         -3.71556358393        2.48984251175         -3.71556358393        0.112166954796        -1.23971979484        
0.389492754698        2.33172861845         -3.56448200137        2.33172861845         -3.56448200137        0.094182403124        -1.1891857526         
0.39922943017         2.18352885359         -3.41989005536        2.18352885359         -3.41989005536        0.0778037742487       -1.14082017097        
0.408966105642        2.04477976728         -3.28169314498        2.04477976728         -3.28169314498        0.0629285606262       -1.09459575618        
0.418702781113        1.9148079808          -3.14950651988        1.9148079808          -3.14950651988        0.0494033887041       -1.05037714432        
0.428439456585        1.79294327232         -3.02308229033        1.79294327232         -3.02308229033        0.0371035782825       -1.00809711839        
0.438176132057        1.67945108565         -2.90209385938        1.67945108565         -2.90209385938        0.0261405374576       -0.967665352488       
0.447912807529        1.5716611182          -2.78665373299        1.5716611182          -2.78665373299        0.0157733769314       -0.929048843172       
0.457649483001        1.47075572117         -2.67601233667        1.47075572117         -2.67601233667        0.00641769436878      -0.892067630134       
0.467386158472        1.37616597742         -2.56990977995        1.37616597742         -2.56990977995        -0.00206168343856     -0.856618612066       
0.477122833944        1.2874456303          -2.46833670255        1.2874456303          -2.46833670255        -0.00973827528006     -0.822686939673       
0.486859509416        1.20424019206         -2.37107617153        1.20424019206         -2.37107617153        -0.0166700338709      -0.790201375383       
0.496596184888        1.12615707702         -2.27791429012        1.12615707702         -2.27791429012        -0.0229270922437      -0.759091533234       
0.50633286036         1.05280974409         -2.18875695837        1.05280974409         -2.18875695837        -0.0285904660426      -0.729322756652       
0.516069535832        0.983872899005        -2.10336854957        0.983872899005        -2.10336854957        -0.0337061670794      -0.700821761138       
0.525806211303        0.919081748013        -2.02154244851        0.919081748013        -2.02154244851        -0.0383167908018      -0.673517306579       
0.535542886775        0.858166182115        -1.94321976897        0.858166182115        -1.94321976897        -0.0424760727801      -0.647383555158       
0.545279562247        0.800845817208        -1.86813082958        0.800845817208        -1.86813082958        -0.0462184162973      -0.622345248577       
0.555016237719        0.746688536183        -1.79619776063        0.746688536183        -1.79619776063        -0.0496413120153      -0.598366061348       
0.564752913191        0.695685198099        -1.72708341717        0.695685198099        -1.72708341717        -0.0527374469553      -0.575339939174       
0.574489588662        0.647658416963        -1.66055201607        0.647658416963        -1.66055201607        -0.0554846476619      -0.553175068302       
0.584226264134        0.602798331192        -1.59687891747        0.602798331192        -1.59687891747        -0.0578504251439      -0.531968059637       
0.593962939606        0.560008527422        -1.53549227334        0.560008527422        -1.53549227334        -0.0600863377086      -0.511532831054       
0.603699615078        0.520165902233        -1.47679902317        0.520165902233        -1.47679902317        -0.0619271506897      -0.492007447728       
0.61343629055         0.4822361606          -1.420066971          0.4822361606          -1.420066971          -0.0636771156344      -0.473117812786       
0.623172966021        0.446702380612        -1.36571278686        0.446702380612        -1.36571278686        -0.0651418089299      -0.455037915526       
0.632909641493        0.413215866922        -1.31346248843        0.413215866922        -1.31346248843        -0.0664108689494      -0.437661016129       
0.642646316965        0.381506975146        -1.26316291974        0.381506975146        -1.26316291974        -0.0675367052694      -0.420941897778       
0.652382992437        0.351702825019        -1.21465915463        0.351702825019        -1.21465915463        -0.0684657207932      -0.404821680148       
0.662119667909        0.32367584521         -1.16809931583        0.32367584521         -1.16809931583        -0.0692409453338      -0.389349508632       
0.671856343381        0.297285089209        -1.12323168913        0.297285089209        -1.12323168913        -0.0698553844428      -0.374445391859       
0.681593018852        0.272432280718        -1.08010047249        0.272432280718        -1.08010047249        -0.0703361984849      -0.360119010812       
0.691329694324        0.248980786236        -1.03844253061        0.248980786236        -1.03844253061        -0.0706979758634      -0.346289376664       
0.701066369796        0.226923126462        -0.998350325797       0.226923126462        -0.998350325797       -0.0709384182836      -0.332979528816       
0.710803045268        0.206073142606        -0.95976872278        0.206073142606        -0.95976872278        -0.071104478245       -0.320177137992       
0.72053972074         0.18645800714         -0.922531230428       0.18645800714         -0.922531230428       -0.0711634532195      -0.307822796921       
0.730276396211        0.168000883976        -0.886602965912       0.168000883976        -0.886602965912       -0.0711291420417      -0.295904307369       
0.740013071683        0.150668238077        -0.851971766329       0.150668238077        -0.851971766329       -0.0710008765895      -0.284417593489       
0.749749747155        0.134323097264        -0.818576758786       0.134323097264        -0.818576758786       -0.070813807124       -0.273341021692       
0.759486422627        0.119037003827        -0.78635682568        0.119037003827        -0.78635682568        -0.0705192069711      -0.26265940883        
0.769223098099        0.104579253072        -0.755252981391       0.104579253072        -0.755252981391       -0.0701883981704      -0.252348893877       
0.77895977357         0.0910466459149       -0.725168824618       0.0910466459149       -0.725168824618       -0.0697807467186      -0.242376703055       
0.788696449042        0.0783345156893       -0.696210654201       0.0783345156893       -0.696210654201       -0.069321850795       -0.23277858742        
0.798433124514        0.0664339444749       -0.668214342426       0.0664339444749       -0.668214342426       -0.0687984646389      -0.223499429633       
0.808169799986        0.0552893207625       -0.641192804593       0.0552893207625       -0.641192804593       -0.0682243814862      -0.21454463482        
0.817906475458        0.0448231675491       -0.615089996677       0.0448231675491       -0.615089996677       -0.0676122400964      -0.205895362985       
0.82764315093         0.0350417396228       -0.589867379155       0.0350417396228       -0.589867379155       -0.0669544478802      -0.197537792022       
0.837379826401        0.0259226419944       -0.565507163182       0.0259226419944       -0.565507163182       -0.0662505086139      -0.189465308448       
0.847116501873        0.0174076491186       -0.541944242321       0.0174076491186       -0.541944242321       -0.0655062267218      -0.181656869187       
0.856853177345        0.0094578454595       -0.519200656008       0.0094578454595       -0.519200656008       -0.064734478604       -0.174120247765       
0.866589852817        0.00207121710711      -0.497202643372       0.00207121710711      -0.497202643372       -0.0639256493266      -0.166830239637       
0.876326528289        -0.00478162255178     -0.475933517377       -0.00478162255178     -0.475933517377       -0.0630822082907      -0.159781163803       
0.88606320376         -0.0111422631855      -0.455393413806       -0.0111422631855      -0.455393413806       -0.0622131276614      -0.152972713661       
0.895799879232        -0.0170118166167      -0.435505347028       -0.0170118166167      -0.435505347028       -0.0613109695872      -0.146379421277       
0.905536554704        -0.0224161170593      -0.416273975725       -0.0224161170593      -0.416273975725       -0.0603782197285      -0.140002998065       
0.915273230176        -0.0274100538         -0.397681238829       -0.0274100538         -0.397681238829       -0.0594287551187      -0.133837287182       
0.925009905648        -0.0319757988907      -0.379699347966       -0.0319757988907      -0.379699347966       -0.0584514727389      -0.127872579838       
0.934746581119        -0.0361437213474      -0.36230164348        -0.0361437213474      -0.36230164348        -0.0574502083759      -0.122099949922       
0.944483256591        -0.0399355598314      -0.34547555194        -0.0399355598314      -0.34547555194        -0.0564277845783      -0.116515199278       
0.954219932063        -0.0433683393192      -0.329167018733       -0.0433683393192      -0.329167018733       -0.0553810866056      -0.11110026626        
0.963956607535        -0.0464361152283      -0.313356586939       -0.0464361152283      -0.313356586939       -0.0543059375424      -0.105849058958       
0.973693283007        -0.0491639730792      -0.297991729546       -0.0491639730792      -0.297991729546       -0.0531993023248      -0.100743145023       
0.983429958479        -0.0514960843794      -0.282735707748       -0.0514960843794      -0.282735707748       -0.0520006315901      -0.0956688970606      
0.99316663395         -0.0534005542308      -0.267409768378       -0.0534005542308      -0.267409768378       -0.0506750487094      -0.0905651953412      
1.00290330942         -0.0550316799946      -0.252807863739       -0.0550316799946      -0.252807863739       -0.0493703664998      -0.0857007809905      
1.01263998489         -0.0563988932837      -0.238865280568       -0.0563988932837      -0.238865280568       -0.0480794574461      -0.0810539189382      
1.02237666037         -0.0575208245109      -0.225536073826       -0.0575208245109      -0.225536073826       -0.0468006761098      -0.0766093130075      
1.03211333584         -0.0584079786976      -0.212773132013       -0.0584079786976      -0.212773132013       -0.0455308761193      -0.0723513290574      
1.04185001131         -0.059075452632       -0.200573287326       -0.059075452632       -0.200573287326       -0.0442725361726      -0.0682791230633      
1.05158668678         -0.0595297654141      -0.188880621187       -0.0595297654141      -0.188880621187       -0.0430198168681      -0.064373600982       
1.06132336225         -0.0597935443492      -0.177705953379       -0.0597935443492      -0.177705953379       -0.0417791219509      -0.0606385550574      
1.07106003772         -0.0598686523817      -0.167003029624       -0.0598686523817      -0.167003029624       -0.0405451920415      -0.0570586510808      
1.0807967132          -0.0597721953835      -0.156764666505       -0.0597721953835      -0.156764666505       -0.0393208092232      -0.0536315133193      
1.09053338867         -0.0595139781154      -0.146975245963       -0.0595139781154      -0.146975245963       -0.0381062940936      -0.0503520750723      
1.10027006414         -0.0590989404785      -0.137606643069       -0.0590989404785      -0.137606643069       -0.0368987805386      -0.0472109776367      
1.11000673961         -0.05852906452        -0.128642550623       -0.05852906452        -0.128642550623       -0.0356963089665      -0.0442028958288      
1.11974341508         -0.0578429365086      -0.120091676282       -0.0578429365086      -0.120091676282       -0.0345099532298      -0.0413301864102      
1.12948009056         -0.0570199681848      -0.111918876569       -0.0570199681848      -0.111918876569       -0.0333288473191      -0.0385818021393      
1.13921676603         -0.0560764981963      -0.104115767206       -0.0560764981963      -0.104115767206       -0.0321563131821      -0.0359549473136      
1.1489534415          -0.0550189373447      -0.0966691089459      -0.0550189373447      -0.0966691089459      -0.0309917417902      -0.0334451167636      
1.15869011697         -0.0538564602712      -0.0895717859702      -0.0538564602712      -0.0895717859702      -0.0298361587969      -0.0310499584902      
1.16842679244         -0.0525896363697      -0.0828049508698      -0.0525896363697      -0.0828049508698      -0.0286870217377      -0.0287632890363      
1.17816346791         -0.0512313313046      -0.0763686905872      -0.0512313313046      -0.0763686905872      -0.027547045744       -0.0265851813697      
1.18790014339         -0.0497863514482      -0.0702499632974      -0.0497863514482      -0.0702499632974      -0.0264156522279      -0.024511379627       
1.19763681886         -0.0482557242789      -0.0644351812749      -0.0482557242789      -0.0644351812749      -0.025290488856       -0.0225372852163      
1.20737349433         -0.0466493999139      -0.0589225689552      -0.0466493999139      -0.0589225689552      -0.0241737709048      -0.0206624413155      
1.2171101698          -0.0449740302918      -0.053705777954       -0.0449740302918      -0.053705777954       -0.023065929577       -0.0188848723967      
1.22684684527         -0.0432305340685      -0.0487732183189      -0.0432305340685      -0.0487732183189      -0.0219650276512      -0.0172006825912      
1.23658352075         -0.0414242039775      -0.0441196581972      -0.0414242039775      -0.0441196581972      -0.0208709523236      -0.0156081683903      
1.24632019622         -0.039572118599       -0.0397510776815      -0.039572118599       -0.0397510776815      -0.0197895746697      -0.0141096629796      
1.25605687169         -0.0376689277071      -0.0356510083756      -0.0376689277071      -0.0356510083756      -0.0187157146368      -0.0126995766833      
1.26579354716         -0.0357255072613      -0.0318201932193      -0.0357255072613      -0.0318201932193      -0.0176521514881      -0.0113783298499      
1.27553022263         -0.0337502277279      -0.0282556322599      -0.0337502277279      -0.0282556322599      -0.0166002951025      -0.0101451213292      
1.2852668981          -0.0317526041819      -0.0249560527734      -0.0317526041819      -0.0249560527734      -0.0155622411763      -0.00899975969737     
1.29500357358         -0.0297396674236      -0.0219132915433      -0.0297396674236      -0.0219132915433      -0.0145384224006      -0.00793960316147     
1.30474024905         -0.0277238663076      -0.019127845798       -0.0277238663076      -0.019127845798       -0.0135321044682      -0.00696519022301     
1.31447692452         -0.0257196398035      -0.0165964391083      -0.0257196398035      -0.0165964391083      -0.0125473260155      -0.00607576802894     
1.32421359999         -0.0237388015597      -0.0143120162343      -0.0237388015597      -0.0143120162343      -0.0115866777411      -0.00526925111361     
1.33395027546         -0.0217962847757      -0.012267718198       -0.0217962847757      -0.012267718198       -0.0106543222636      -0.00454374202279     
1.34368695094         -0.0199066400123      -0.0104539248254      -0.0199066400123      -0.0104539248254      -0.00975431361604     -0.00389641440849     
1.35342362641         -0.0180832043523      -0.00885765501313     -0.0180832043523      -0.00885765501313     -0.0088903165106      -0.00332321541541     
1.36316030188         -0.0163396827418      -0.0074656412911      -0.0163396827418      -0.0074656412911      -0.00806647930848     -0.00282013737819     
1.37289697735         -0.0146862020311      -0.00626070454741     -0.0146862020311      -0.00626070454741     -0.00728562736634     -0.00238166827483     
1.38263365282         -0.0131315443914      -0.00522570788906     -0.0131315443914      -0.00522570788906     -0.00655042611865     -0.00200232339138     
1.39237032829         -0.0116793457351      -0.00434155935738     -0.0116793457351      -0.00434155935738     -0.00586146894412     -0.00167581843536     
1.40210700377         -0.0103339577434      -0.00359112015631     -0.0103339577434      -0.00359112015631     -0.00522022592576     -0.00139653302939     
1.41184367924         -0.00909469422677     -0.00295690461219     -0.00909469422677     -0.00295690461219     -0.00462604233202     -0.00115860368418     
1.42158035471         -0.00795919093151     -0.00242298592375     -0.00795919093151     -0.00242298592375     -0.00407777123922     -0.000956649908364    
1.43131703018         -0.00692510529639     -0.00197544039331     -0.00692510529639     -0.00197544039331     -0.00357453531915     -0.000785946386344    
1.44105370565         -0.00598678696975     -0.00160130944024     -0.00598678696975     -0.00160130944024     -0.00311394021367     -0.000642020391383    
1.45079038113         -0.00513935970602     -0.00128958530156     -0.00513935970602     -0.00128958530156     -0.00269410254286     -0.000521052688109    
1.4605270566          -0.00437756580095     -0.00103086497715     -0.00437756580095     -0.00103086497715     -0.00231300849809     -0.000419763762997    
1.47026373207         -0.00369537120609     -0.000816860934317    -0.00369537120609     -0.000816860934317    -0.00196824772985     -0.000335225574667    
1.48000040754         -0.00308772124926     -0.000640669069881    -0.00308772124926     -0.000640669069881    -0.00165792820027     -0.000264983946582    
1.48973708301         -0.00254846662442     -0.000496183801245    -0.00254846662442     -0.000496183801245    -0.00137953820268     -0.000206839942913    
1.49947375848         -0.00207282128226     -0.000378435572782    -0.00207282128226     -0.000378435572782    -0.00113125289475     -0.000158999888124    
1.50921043396         -0.00165585538561     -0.000283111819277    -0.00165585538561     -0.000283111819277    -0.000911121329196    -0.000119887428674    
1.51894710943         -0.00129304122812     -0.000206570422418    -0.00129304122812     -0.000206570422418    -0.000717355807981    -8.81607437397e-05    
1.5286837849          -0.000980268042646    -0.000145726389496    -0.000980268042646    -0.000145726389496    -0.00054834287658     -6.26726994664e-05    
1.5296837849          -0.00095082905125     -0.000140259043803    -0.00095082905125     -0.000140259043803    -0.000532328076262    -6.03680310339e-05    
1.5466837849          -0.000521876694596    -6.60535132936e-05    -0.000521876694596    -6.60535132936e-05    -0.000296488569603    -2.87771248296e-05    
1.5636837849          -0.00021838562471     -2.02287655535e-05    -0.00021838562471     -2.02287655535e-05    -0.000126063297412    -8.83775867757e-06    
1.5806837849          -3.44051609618e-05    5.43534814431e-06     -3.44051609618e-05    5.43534814431e-06     -2.06077571263e-05    2.63041682574e-06     
1.5976837849          3.96425371608e-06     5.58433640606e-05     3.96425371608e-06     5.58433640606e-05     3.86932012562e-05     2.1054275741e-06      
1.6146837849          4.76006757506e-06     0.000194108910083     4.76006757506e-06     0.000194108910083     3.53668681451e-05     8.68731485554e-05     
1.6316837849          4.41819819511e-06     0.000356582412716     4.41819819511e-06     0.000356582412716     3.23835570859e-05     0.000189826599239     
1.6486837849          3.49669217411e-06     0.000523687486353     3.49669217411e-06     0.000523687486353     2.9590293731e-05      0.00029893700167      
1.6496837849          3.43246807108e-06     0.000533446092931     3.43246807108e-06     0.000533446092931     2.94322881097e-05     0.000305409321286     
1.65683309541         2.95385635176e-06     0.000602531065141     2.95385635176e-06     0.000602531065141     2.83179259502e-05     0.000351566662115     
1.66398240592         2.45365601929e-06     0.000670305651918     2.45365601929e-06     0.000670305651918     2.72398690628e-05     0.000397425300621     
1.67113171644         1.94554217427e-06     0.000736443257555     1.94554217427e-06     0.000736443257555     2.61983954346e-05     0.000442755203566     
1.67828102695         1.44056417175e-06     0.000800666568205     1.44056417175e-06     0.000800666568205     2.5193171528e-05      0.000487355074824     
1.68543033746         9.47868001921e-07     0.000862961820148     9.47868001921e-07     0.000862961820148     2.42298414173e-05     0.000531184336824     
1.69257964797         4.75359378693e-07     0.000925415625894     4.75359378693e-07     0.000925415625894     2.3363587964e-05      0.000575512755654     
1.69972895849         2.50747117216e-08     0.000989474185698     2.50747117216e-08     0.000989474185698     2.2612914377e-05      0.000621260468728     
1.706878269           -4.01618830709e-07    0.00105125747856      -4.01618830709e-07    0.00105125747856      2.1876869982e-05      0.000666003996311     
1.71402757951         -8.00556709542e-07    0.00111070596429      -8.00556709542e-07    0.00111070596429      2.11594160914e-05     0.000709673327461     
1.72117689002         -1.16866817832e-06    0.0011677344435       -1.16866817832e-06    0.0011677344435       2.04624889466e-05     0.000752182872422     
1.72832620053         -1.50377074999e-06    0.00122226084536      -1.50377074999e-06    0.00122226084536      1.97871398781e-05     0.000793448971866     
1.73547551105         -1.8044298898e-06     0.00127421342203      -1.8044298898e-06     0.00127421342203      1.9133922722e-05      0.000833394351839     
1.74262482156         -2.06984764025e-06    0.00132353267306      -2.06984764025e-06    0.00132353267306      1.85030636578e-05     0.000871949470634     
1.74977413207         -2.29977011463e-06    0.00137017153185      -2.29977011463e-06    0.00137017153185      1.78945510516e-05     0.000909052748569     
1.75692344258         -2.49440995607e-06    0.00141409458337      -2.49440995607e-06    0.00141409458337      1.73081900021e-05     0.000944650109938     
1.7640727531          -2.65437591646e-06    0.00145527699396      -2.65437591646e-06    0.00145527699396      1.67436405976e-05     0.000978694376319     
1.77122206361         -2.78060660751e-06    0.00149370390092      -2.78060660751e-06    0.00149370390092      1.62004478748e-05     0.0010111450975       
1.77837137412         -2.87431855281e-06    0.00152936962713      -2.87431855281e-06    0.00152936962713      1.56780634171e-05     0.00104196810345      
1.78552068463         -2.93695755916e-06    0.0015622766786       -2.93695755916e-06    0.0015622766786       1.51758638585e-05     0.00107113493698      
1.79266999514         -2.97015414731e-06    0.00159243490833      -2.97015414731e-06    0.00159243490833      1.46931669095e-05     0.00109862240341      
1.79981930566         -2.97568436255e-06    0.00161986113834      -2.97568436255e-06    0.00161986113834      1.42292449461e-05     0.00112441239176      
1.80696861617         -2.95543518522e-06    0.00164457848407      -2.95543518522e-06    0.00164457848407      1.37833367053e-05     0.0011484914949       
1.81411792668         -2.91137474456e-06    0.00166661557583      -2.91137474456e-06    0.00166661557583      1.33546571652e-05     0.00117085057505      
1.82126723719         -2.84552555732e-06    0.00168600610386      -2.84552555732e-06    0.00168600610386      1.29424063101e-05     0.00119148452787      
1.82841654771         -2.75994019915e-06    0.00170278853242      -2.75994019915e-06    0.00170278853242      1.25457770062e-05     0.00121039213762      
1.83556585822         -2.65667917041e-06    0.00171700554301      -2.65667917041e-06    0.00171700554301      1.21639621374e-05     0.00122757577299      
1.84271516873         -2.53779308808e-06    0.00172870350739      -2.53779308808e-06    0.00172870350739      1.17961602888e-05     0.00124304105482      
1.84986447924         -2.40530759459e-06    0.00173793223699      -2.40530759459e-06    0.00173793223699      1.14415805408e-05     0.00125679670439      
1.85701378976         -2.2612070304e-06     0.00174474471607      -2.2612070304e-06     0.00174474471607      1.10994476741e-05     0.00126885444045      
1.86416310027         -2.10742201512e-06    0.00174919667643      -2.10742201512e-06    0.00174919667643      1.07690061052e-05     0.00127922872621      
1.87131241078         -1.94582032658e-06    0.00175134629469      -1.94582032658e-06    0.00175134629469      1.04495227371e-05     0.00128793656999      
1.87846172129         -1.77819870718e-06    0.00175125395229      -1.77819870718e-06    0.00175125395229      1.01402895215e-05     0.00129499736749      
1.8856110318          -1.60627371616e-06    0.00174898198192      -1.60627371616e-06    0.00174898198192      9.84062635623e-06     0.00130043277703      
1.89276034232         -1.43167525654e-06    0.0017445944041       -1.43167525654e-06    0.0017445944041       9.54988311162e-06     0.00130426657171      
1.89990965283         -1.25594240561e-06    0.00173815676487      -1.25594240561e-06    0.00173815676487      9.26744090624e-06     0.00130652452268      
1.90705896334         -1.08051945953e-06    0.00172973589339      -1.08051945953e-06    0.00172973589339      8.99271332446e-06     0.00130723422466      
1.91420827385         -9.0675294751e-07     0.00171939964953      -9.0675294751e-07     0.00171939964953      8.72514732893e-06     0.00130642494867      
1.92135758437         -7.35888972358e-07    0.00170721681809      -7.35888972358e-07    0.00170721681809      8.46422407516e-06     0.00130412759681      
1.92850689488         -5.69072052211e-07    0.00169325697765      -5.69072052211e-07    0.00169325697765      8.20945923666e-06     0.00130037460402      
1.93565620539         -4.073447114e-07      0.00167759030283      -4.073447114e-07      0.00167759030283      7.96040308988e-06     0.00129519980165      
1.9428055159          -2.5164802466e-07     0.00166028731883      -2.5164802466e-07     0.00166028731883      7.7166402988e-06      0.00128863822997      
1.94995482641         -1.02821724665e-07    0.00164141887858      -1.02821724665e-07    0.00164141887858      7.47778984125e-06     0.00128072614349      
1.95710413693         3.83947554371e-08     0.00162105605305      3.83947554371e-08     0.00162105605305      7.2435046397e-06      0.00127150093878      
1.96425344744         1.71360267991e-07     0.0015992699678       1.71360267991e-07     0.0015992699678       7.01347087296e-06     0.0012610010353       
1.97140275795         2.95529574058e-07     0.00157613163314      2.95529574058e-07     0.00157613163314      6.78740717269e-06     0.00124926573589      
1.97855206846         4.10451463738e-07     0.00155171191285      4.10451463738e-07     0.00155171191285      6.56506398875e-06     0.00123633519633      
1.98570137898         5.15765910013e-07     0.00152608143843      5.15765910013e-07     0.00152608143843      6.34622263965e-06     0.00122225037257      
1.99285068949         6.11200541135e-07     0.00149931047223      6.11200541135e-07     0.00149931047223      6.13069414061e-06     0.00120705291863      
2                     6.965672083e-07       0.00147146881694      6.965672083e-07       0.00147146881694      5.91831806569e-06     0.00119078510763      
2.001                 7.07698095472e-07     0.00146749309714      7.07698095472e-07     0.00146749309714      5.88885567819e-06     0.00118842677256      
2.18280808081         2.28790788323e-07     0.000596425621226     2.28790788323e-07     0.000596425621226     1.52337017471e-06     0.00055024856928      
2.36461616162         -1.16408988813e-08    2.92885932562e-06     -1.16408988813e-08    2.92885932562e-06     1.28438804526e-09     3.12313872798e-06     
2.54642424242         0.000419735635697     5.58301596523e-06     0.000419735635697     5.58301596523e-06     0.000503625413408     -2.23632264899e-05    
2.72823232323         0.000906498182086     2.54509677143e-05     0.000906498182086     2.54509677143e-05     0.00120900836861      -7.86535464871e-05    
2.91004040404         0.00114318122297      5.57906278948e-05     0.00114318122297      5.57906278948e-05     0.00168974197839      -0.000139028297869    
3.09184848485         0.0011053286243       8.41304593311e-05     0.0011053286243       8.41304593311e-05     0.00180872895519      -0.000175313942774    
3.27365656566         0.000892097805354     9.88789677901e-05     0.000892097805354     9.88789677901e-05     0.00161650310276      -0.000176950105385    
3.45546464646         0.000624266014486     9.61889140312e-05     0.000624266014486     9.61889140312e-05     0.00125438309932      -0.00015086994273     
3.63727272727         0.000386574565778     8.01460273375e-05     0.000386574565778     8.01460273375e-05     0.000863444629678     -0.000111957795854    
3.81908080808         0.000214459250289     5.84506700069e-05     0.000214459250289     5.84506700069e-05     0.000534302013203     -7.36428689825e-05    
4.00088888889         0.000107430020454     3.78662529592e-05     0.000107430020454     3.78662529592e-05     0.000299917705143     -4.34739729464e-05    
4.1826969697          4.88420271669e-05     2.20212602454e-05     4.88420271669e-05     2.20212602454e-05     0.000153698119288     -2.32363322415e-05    
4.36450505051         2.02165907344e-05     1.15859291529e-05     2.02165907344e-05     1.15859291529e-05     7.22485649711e-05     -1.13181663313e-05    
4.54631313131         7.63012314552e-06     5.5470970593e-06      7.63012314552e-06     5.5470970593e-06      3.12625661923e-05     -5.04766116772e-06    
4.72812121212         2.62589053187e-06     2.4277800835e-06      2.62589053187e-06     2.4277800835e-06      1.2486419673e-05      -2.06874293652e-06    
4.90992929293         8.22685787034e-07     9.74765439331e-07     8.22685787034e-07     9.74765439331e-07     4.61306993791e-06     -7.81388604659e-07    
5.09173737374         2.33742864627e-07     3.60050824298e-07     2.33742864627e-07     3.60050824298e-07     1.57910129414e-06     -2.7261773426e-07     
5.27354545455         5.97888722334e-08     1.22628514696e-07     5.97888722334e-08     1.22628514696e-07     5.01515060969e-07     -8.80149613998e-08    
5.45535353535         1.35808991731e-08     3.85829323195e-08     1.35808991731e-08     3.85829323195e-08     1.47941559212e-07     -2.63339946891e-08    
5.63716161616         2.66411414144e-09     1.12317801218e-08     2.66411414144e-09     1.12317801218e-08     4.05717719756e-08     -7.31079534251e-09    
5.81896969697         4.21500983567e-10     3.02911673727e-09     4.21500983567e-10     3.02911673727e-09     1.03517838983e-08     -1.88518088607e-09    
6.00077777778         4.14948336924e-11     7.57661234106e-10     4.14948336924e-11     7.57661234106e-10     2.45889726877e-09     -4.51902056477e-10    
6.18258585859         -3.23095106365e-12    1.7592734766e-10      -3.23095106365e-12    1.7592734766e-10      5.44048703463e-10     -1.00774917367e-10    
6.36439393939         -3.1177898933e-12     3.7952625219e-11      -3.1177898933e-12     3.7952625219e-11      1.12179075196e-10     -2.09193714193e-11    
6.5462020202          -1.05125033551e-12    7.61206655435e-12     -1.05125033551e-12    7.61206655435e-12     2.15644152931e-11     -4.04450176868e-12    
6.72801010101         -2.66256653525e-13    1.42042797666e-12     -2.66256653525e-13    1.42042797666e-12     3.86641173013e-12     -7.28691291376e-13    
6.90981818182         -5.71080690155e-14    2.47031019741e-13     -5.71080690155e-14    2.47031019741e-13     6.47568546751e-13     -1.22543248204e-13    
7.09162626263         -1.07144179171e-14    3.96675405102e-14     -1.07144179171e-14    3.96675405102e-14     1.00350833968e-13     -1.90541552079e-14    
7.27343434343         -1.7547536452e-15     5.75511950276e-15     -1.7547536452e-15     5.75511950276e-15     1.40773834327e-14     -2.68030873039e-15    
7.45524242424         -4.31522918551e-16    1.28380061745e-15     -4.31522918551e-16    1.28380061745e-15     3.04165717985e-15     -5.80396279064e-16    
7.63705050505         -6.23757485167e-17    1.71243694405e-16     -6.23757485167e-17    1.71243694405e-16     3.93618608459e-16     -7.52356319483e-17    
7.81885858586         -7.31775082713e-17    1.87796879181e-16     -7.31775082713e-17    1.87796879181e-16     4.19418277926e-16     -8.02662420537e-17    
8.00066666667         -8.46990618987e-17    2.05232702848e-16     -8.46990618987e-17    2.05232702848e-16     4.45969236459e-16     -8.54184216536e-17    
8.18247474747         -9.69439755298e-17    2.23559175721e-16     -9.69439755298e-17    2.23559175721e-16     4.73269128233e-16     -9.06894066229e-17    
8.36428282828         -1.09915439172e-16    2.42783761868e-16     -1.09915439172e-16    2.42783761868e-16     5.01315806917e-16     -9.60765880736e-17    
8.54609090909         -1.23616310003e-16    2.62913423708e-16     -1.23616310003e-16    2.62913423708e-16     5.30107316139e-16     -1.01577503014e-16    
8.7278989899          -1.3804915013e-16     2.83954662455e-16     -1.3804915013e-16     2.83954662455e-16     5.59641873015e-16     -1.07189825454e-16    
8.90970707071         -1.53216259609e-16    3.0591355484e-16      -1.53216259609e-16    3.0591355484e-16      5.89917856053e-16     -1.12911357976e-16    
9.09151515152         -1.69119705364e-16    3.28795786481e-16     -1.69119705364e-16    3.28795786481e-16     6.2093380469e-16      -1.18740023777e-16    
9.27332323232         -1.85761346571e-16    3.52606682247e-16     -1.85761346571e-16    3.52606682247e-16     6.52688554625e-16     -1.24673927056e-16    
9.45513131313         -2.0314285699e-16     3.773512339e-16       -2.0314285699e-16     3.773512339e-16       6.85180417037e-16     -1.30711675194e-16    
9.63693939394         -2.21265744638e-16    4.03034125294e-16     -2.21265744638e-16    4.03034125294e-16     7.18408147699e-16     -1.36851018286e-16    
9.81874747475         -2.40131369157e-16    4.29659755377e-16     -2.40131369157e-16    4.29659755377e-16     7.52370780359e-16     -1.43090291583e-16    
10.0005555556         -2.59740957181e-16    4.5723225919e-16      -2.59740957181e-16    4.5723225919e-16      7.87067359339e-16     -1.49427917863e-16    
10.1823636364         -2.80095615942e-16    4.85755527087e-16     -2.80095615942e-16    4.85755527087e-16     8.22496993243e-16     -1.5586240203e-16     
10.3641717172         -3.01196345349e-16    5.15233222311e-16     -3.01196345349e-16    5.15233222311e-16     8.58658856826e-16     -1.62392326087e-16    
10.545979798          -3.23044048723e-16    5.45668797119e-16     -3.23044048723e-16    5.45668797119e-16     8.95552187518e-16     -1.69016344429e-16    
10.7277878788         -3.45639542357e-16    5.77065507557e-16     -3.45639542357e-16    5.77065507557e-16     9.3317628095e-16      -1.75733179457e-16    
10.9095959596         -3.68983564036e-16    6.09426427044e-16     -3.68983564036e-16    6.09426427044e-16     9.71530486447e-16     -1.82541617486e-16    
11.0914040404         -3.9307678065e-16     6.42754458844e-16     -3.9307678065e-16     6.42754458844e-16     1.01061420274e-15     -1.8944050492e-16     
11.2732121212         -4.17919794995e-16    6.77052347556e-16     -4.17919794995e-16    6.77052347556e-16     1.05042687399e-15     -1.96428744691e-16    
11.455020202          -4.43513151873e-16    7.12322689683e-16     -4.43513151873e-16    7.12322689683e-16     1.09096798614e-15     -2.0350529293e-16     
11.6368282828         -4.69857343554e-16    7.48567943394e-16     -4.69857343554e-16    7.48567943394e-16     1.13223706355e-15     -2.10669155857e-16    
11.8186363636         -4.96952814679e-16    7.85790437513e-16     -4.96952814679e-16    7.85790437513e-16     1.17423366596e-15     -2.17919386884e-16    
12.0004444444         -5.2479996668e-16     8.2399237984e-16      -5.2479996668e-16     8.2399237984e-16      1.21695738567e-15     -2.25255083898e-16    
12.1822525253         -5.5339916174e-16     8.63175864835e-16     -5.5339916174e-16     8.63175864835e-16     1.26040784496e-15     -2.32675386737e-16    
12.3640606061         -5.82750726381e-16    9.03342880732e-16     -5.82750726381e-16    9.03342880732e-16     1.30458469383e-15     -2.40179474814e-16    
12.5458686869         -6.12854954684e-16    9.44495316126e-16     -6.12854954684e-16    9.44495316126e-16     1.34948760778e-15     -2.47766564907e-16    
12.7276767677         -6.4371211121e-16     9.86634966088e-16     -6.4371211121e-16     9.86634966088e-16     1.39511628591e-15     -2.55435909086e-16    
12.9094848485         -6.75322433632e-16    1.02976353783e-15     -6.75322433632e-16    1.02976353783e-15     1.44147044911e-15     -2.63186792774e-16    
13.0912929293         -7.07686135125e-16    1.07388265596e-15     -7.07686135125e-16    1.07388265596e-15     1.4885498384e-15      -2.71018532928e-16    
13.2731010101         -7.40803406525e-16    1.11899386741e-15     -7.40803406525e-16    1.11899386741e-15     1.53635421348e-15     -2.78930476342e-16    
13.4549090909         -7.7467441829e-16     1.16509864593e-15     -7.7467441829e-16     1.16509864593e-15     1.58488335129e-15     -2.86921998046e-16    
13.6367171717         -8.09299322281e-16    1.2121983964e-15      -8.09299322281e-16    1.2121983964e-15      1.63413704478e-15     -2.94992499815e-16    
13.8185252525         -8.44678253375e-16    1.2602944587e-15      -8.44678253375e-16    1.2602944587e-15      1.68411510173e-15     -3.03141408762e-16    
14.0003333333         -8.80811330942e-16    1.30938811145e-15     -8.80811330942e-16    1.30938811145e-15     1.7348173437e-15      -3.1136817602e-16     
14.1821414141         -9.17698660174e-16    1.35948057544e-15     -9.17698660174e-16    1.35948057544e-15     1.78624360498e-15     -3.19672275505e-16    
14.3639494949         -9.55340333313e-16    1.4105730168e-15      -9.55340333313e-16    1.4105730168e-15      1.83839373177e-15     -3.28053202753e-16    
14.5457575758         -9.93736430755e-16    1.46266655004e-15     -9.93736430755e-16    1.46266655004e-15     1.89126758127e-15     -3.36510473825e-16    
14.7275656566         -1.03288702207e-15    1.51576224084e-15     -1.03288702207e-15    1.51576224084e-15     1.94486502094e-15     -3.45043624277e-16    
14.9093737374         -1.07279216691e-15    1.56986110868e-15     -1.07279216691e-15    1.56986110868e-15     1.99918592777e-15     -3.53652208193e-16    
15.0911818182         -1.11345191589e-15    1.62496412927e-15     -1.11345191589e-15    1.62496412927e-15     2.05423018764e-15     -3.62335797271e-16    
15.272989899          -1.15486631133e-15    1.68107223691e-15     -1.15486631133e-15    1.68107223691e-15     2.10999769468e-15     -3.71093979968e-16    
15.4547979798         -1.19703538796e-15    1.73818632658e-15     -1.19703538796e-15    1.73818632658e-15     2.16648835073e-15     -3.79926360684e-16    
15.6366060606         -1.23995917358e-15    1.79630725605e-15     -1.23995917358e-15    1.79630725605e-15     2.2237020648e-15      -3.88832558999e-16    
15.8184141414         -1.28363768967e-15    1.8554358477e-15      -1.28363768967e-15    1.8554358477e-15      2.28163875262e-15     -3.97812208958e-16    
16.0002222222         -1.32807095189e-15    1.91557289036e-15     -1.32807095189e-15    1.91557289036e-15     2.34029833613e-15     -4.06864958383e-16    
16.182030303          -1.37325897061e-15    1.97671914099e-15     -1.37325897061e-15    1.97671914099e-15     2.39968074312e-15     -4.15990468234e-16    
16.3638383838         -1.41920175135e-15    2.03887532624e-15     -1.41920175135e-15    2.03887532624e-15     2.45978590681e-15     -4.25188412001e-16    
16.5456464646         -1.46589929523e-15    2.10204214396e-15     -1.46589929523e-15    2.10204214396e-15     2.5206137655e-15      -4.34458475129e-16    
16.7274545455         -1.51335159932e-15    2.16622026459e-15     -1.51335159932e-15    2.16622026459e-15     2.58216426225e-15     -4.43800354476e-16    
16.9092626263         -1.56155865698e-15    2.23141033247e-15     -1.56155865698e-15    2.23141033247e-15     2.64443734455e-15     -4.53213757798e-16    
17.0910707071         -1.61052045826e-15    2.29761296714e-15     -1.61052045826e-15    2.29761296714e-15     2.70743296405e-15     -4.62698403264e-16    
17.2728787879         -1.66023699011e-15    2.36482876443e-15     -1.66023699011e-15    2.36482876443e-15     2.77115107625e-15     -4.72254018992e-16    
17.4546868687         -1.71070823671e-15    2.43305829767e-15     -1.71070823671e-15    2.43305829767e-15     2.83559164033e-15     -4.81880342616e-16    
17.6364949495         -1.76193417971e-15    2.50230211864e-15     -1.76193417971e-15    2.50230211864e-15     2.90075461882e-15     -4.91577120869e-16    
17.8183030303         -1.81391479846e-15    2.57256075864e-15     -1.81391479846e-15    2.57256075864e-15     2.96663997747e-15     -5.01344109192e-16    
18.0001111111         -1.86665007021e-15    2.64383472938e-15     -1.86665007021e-15    2.64383472938e-15     3.033247685e-15       -5.11181071361e-16    
18.1819191919         -1.92013997034e-15    2.71612452389e-15     -1.92013997034e-15    2.71612452389e-15     3.1005777129e-15      -5.21087779134e-16    
18.3637272727         -1.97438447251e-15    2.78943061734e-15     -1.97438447251e-15    2.78943061734e-15     3.16863003532e-15     -5.31064011913e-16    
18.5455353535         -2.02938354886e-15    2.86375346784e-15     -2.02938354886e-15    2.86375346784e-15     3.23740462884e-15     -5.41109556428e-16    
18.7273434343         -2.08513717012e-15    2.93909351721e-15     -2.08513717012e-15    2.93909351721e-15     3.30690147236e-15     -5.51224206431e-16    
18.9091515152         -2.1416453058e-15     3.01545119167e-15     -2.1416453058e-15     3.01545119167e-15     3.37712054691e-15     -5.61407762409e-16    
19.090959596          -2.19890792428e-15    3.09282690253e-15     -2.19890792428e-15    3.09282690253e-15     3.44806183561e-15     -5.71660031311e-16    
19.2727676768         -2.25692499296e-15    3.17122104681e-15     -2.25692499296e-15    3.17122104681e-15     3.51972532346e-15     -5.81980826283e-16    
19.4545757576         -2.31569647836e-15    3.25063400789e-15     -2.31569647836e-15    3.25063400789e-15     3.59211099727e-15     -5.92369966424e-16    
19.6363838384         -2.37522234622e-15    3.33106615603e-15     -2.37522234622e-15    3.33106615603e-15     3.66521884559e-15     -6.02827276549e-16    
19.8181919192         -2.43550256159e-15    3.41251784899e-15     -2.43550256159e-15    3.41251784899e-15     3.73904885854e-15     -6.13352586958e-16    
20                    0                     0                     0                     0                     0                     0                     
