0.0779191396          0                     0                     0                     0                     0                     0                     
0.087577837391        1.74789555119         0.893519377032        1.74789555119         0.893519377032        0.447888178146        0.394210451644        
0.0972365351819       8.47807937628         3.98936708601         8.47807937628         3.98936708601         2.30263778446         1.73698659354         
0.106895232973        18.2770393898         7.87910623531         18.2770393898         7.87910623531         5.23811564695         3.37982745848         
0.116553930764        28.8103157605         11.3344997124         28.8103157605         11.3344997124         8.65776680615         4.7716978595          
0.126212628555        38.6625775587         13.8060793508         38.6625775587         13.8060793508         12.1107927923         5.67102605956         
0.135871326346        47.1703350663         15.2097971057         47.1703350663         15.2097971057         15.3215585052         6.04753769701         
0.145530024137        54.154690289          15.6360314483         54.154690289          15.6360314483         18.1645215089         5.94750924343         
0.155188721928        59.636278202          15.2138890533         59.636278202          15.2138890533         20.5809616779         5.43071572317         
0.164847419719        63.7143080456         14.0759045142         63.7143080456         14.0759045142         22.5401520494         4.55186172021         
0.17450611751         66.4746418435         12.3945210744         66.4746418435         12.3945210744         24.0048537821         3.39391554714         
0.184164815301        68.0348133353         10.3430957083         68.0348133353         10.3430957083         24.9631933324         2.04864026531         
0.193823513091        68.511161189          8.14113817963         68.511161189          8.14113817963         25.4204547157         0.64491312018         
0.203482210882        68.0955973558         5.98789272063         68.0955973558         5.98789272063         25.4450313188         -0.696707662488       
0.213140908673        66.9971966534         4.01574848331         66.9971966534         4.01574848331         25.1317074669         -1.89695423986        
0.222799606464        65.4381676872         2.27793943459         65.4381676872         2.27793943459         24.590694139          -2.92678372825        
0.232458304255        63.571064898          0.76874548556         63.571064898          0.76874548556         23.8981904455         -3.79339830648        
0.242117002046        61.5043862588         -0.526216364097       61.5043862588         -0.526216364097       23.1067566796         -4.51042615422        
0.251775699837        59.3217177897         -1.6196241805         59.3217177897         -1.6196241805         22.2562671723         -5.08990169411        
0.261434397628        57.0863353596         -2.53411035615        57.0863353596         -2.53411035615        21.3782699319         -5.54727445178        
0.271093095419        54.8537015997         -3.29187858035        54.8537015997         -3.29187858035        20.5008322699         -5.90039219907        
0.28075179321         52.6476997224         -3.91971338096        52.6476997224         -3.91971338096        19.6359944773         -6.16870896421        
0.290410491001        50.4963020203         -4.44440104396        50.4963020203         -4.44440104396        18.7956480064         -6.37134611498        
0.300069188792        48.4022225747         -4.88362021913        48.4022225747         -4.88362021913        17.979026554          -6.52105017684        
0.309727886583        46.3691442728         -5.24754444961        46.3691442728         -5.24754444961        17.1860290578         -6.6252790003         
0.319386584374        44.3958281707         -5.53382573322        44.3958281707         -5.53382573322        16.4149919679         -6.68345458535        
0.329045282165        42.5022116029         -5.75557304553        42.5022116029         -5.75557304553        15.6759676675         -6.7039101769         
0.338703979956        40.6941978866         -5.91168518462        40.6941978866         -5.91168518462        14.9743219686         -6.68599302539        
0.348362677747        38.9486815554         -6.02982497233        38.9486815554         -6.02982497233        14.2937155504         -6.646932331          
0.358021375538        37.2986078851         -6.0982932364         37.2986078851         -6.0982932364         13.6565110303         -6.57995512085        
0.367680073329        35.7333970243         -6.13285663998        35.7333970243         -6.13285663998        13.0560090724         -6.49514708275        
0.37733877112         34.2510291469         -6.14135837676        34.2510291469         -6.14135837676        12.4916201338         -6.39755606096        
0.386997468911        32.8460605736         -6.13034416917        32.8460605736         -6.13034416917        11.9603945718         -6.29155499364        
0.396656166702        31.5152110056         -6.10554387413        31.5152110056         -6.10554387413        11.4606956026         -6.18078274028        
0.406314864492        30.2532466878         -6.07059454163        30.2532466878         -6.07059454163        10.9897026862         -6.06759573049        
0.415973562283        29.0535140094         -6.02945514694        29.0535140094         -6.02945514694        10.5438306087         -5.95448604057        
0.425632260074        27.9123444963         -5.98227368501        27.9123444963         -5.98227368501        10.1212054454         -5.84142916688        
0.435290957865        26.8252995283         -5.93063128169        26.8252995283         -5.93063128169        9.71944825311         -5.72932615594        
0.444949655656        25.7880023229         -5.87477054319        25.7880023229         -5.87477054319        9.3365604582          -5.61814282092        
0.454608353447        24.7971817982         -5.81504324896        24.7971817982         -5.81504324896        8.97069297574         -5.50798180028        
0.464267051238        23.8505229218         -5.75134625715        23.8505229218         -5.75134625715        8.62110447805         -5.39856203218        
0.473925749029        22.9456969959         -5.68380783154        22.9456969959         -5.68380783154        8.28678205212         -5.28982031718        
0.48358444682         22.0796834045         -5.6121152412         22.0796834045         -5.6121152412         7.96641543796         -5.18136163418        
0.493243144611        21.250930684          -5.53632001447        21.250930684          -5.53632001447        7.65961098918         -5.07301655508        
0.502901842402        20.4584809634         -5.45668682432        20.4584809634         -5.45668682432        7.36611523533         -4.96485790116        
0.512560540193        19.7008030117         -5.37373093574        19.7008030117         -5.37373093574        7.08540438375         -4.85705381255        
0.522219237984        18.9752687953         -5.28722135318        18.9752687953         -5.28722135318        6.81665154131         -4.74923700175        
0.531877935775        18.2833171819         -5.19845552917        18.2833171819         -5.19845552917        6.5604557186          -4.64230145985        
0.541536633566        17.6212073978         -5.10693046812        17.6212073978         -5.10693046812        6.31558633246         -4.53564110215        
0.551195331357        16.9888608287         -5.01366255694        16.9888608287         -5.01366255694        6.08211653488         -4.42986987991        
0.560854029148        16.3845821543         -4.91905026996        16.3845821543         -4.91905026996        5.85941130438         -4.32510776907        
0.570512726939        15.8068343274         -4.82328969899        15.8068343274         -4.82328969899        5.64696539381         -4.22137149485        
0.58017142473         15.2554073825         -4.72695763839        15.2554073825         -4.72695763839        5.44475399893         -4.11906277435        
0.589830122521        14.7289206322         -4.6310894474         14.7289206322         -4.6310894474         5.25230157876         -4.01856677053        
0.599488820312        14.2262224072         -4.53621487274        14.2262224072         -4.53621487274        5.06927354798         -3.92018241692        
0.609147518103        13.7450797195         -4.44161465386        13.7450797195         -4.44161465386        4.89448031608         -3.82356083873        
0.618806215893        13.2839891555         -4.34726890118        13.2839891555         -4.34726890118        4.72756670311         -3.72852922329        
0.628464913684        12.8445709823         -4.25462626681        12.8445709823         -4.25462626681        4.56929036051         -3.63598328735        
0.638123611475        12.424202082          -4.16405783146        12.424202082          -4.16405783146        4.41841324763         -3.54607926678        
0.647782309266        12.0219622295         -4.07545810491        12.0219622295         -4.07545810491        4.27459828202         -3.4586926861         
0.657441007057        11.6369854898         -3.98907408854        11.6369854898         -3.98907408854        4.13743938728         -3.37394844416        
0.667099704848        11.2683307616         -3.90482206479        11.2683307616         -3.90482206479        4.00657026426         -3.29174010611        
0.676758402639        10.9144999298         -3.82280366596        10.9144999298         -3.82280366596        3.88130600043         -3.21205766015        
0.68641710043         10.5752335653         -3.74313689091        10.5752335653         -3.74313689091        3.76158269534         -3.13496350219        
0.696075798221        10.2494314305         -3.665652143          10.2494314305         -3.665652143          3.64689695802         -3.06027940295        
0.705734496012        9.93675463968         -3.5905950336         9.93675463968         -3.5905950336         3.53708736757         -2.98815175488        
0.715393193803        9.63577763681         -3.51769019506        9.63577763681         -3.51769019506        3.43155943377         -2.91832884634        
0.725051891594        9.3462941331          -3.4469608629         9.3462941331          -3.4469608629         3.33023092758         -2.85079961392        
0.734710589385        9.06765400225         -3.3784328343         9.06765400225         -3.3784328343         3.23283967935         -2.78554734572        
0.744369287176        8.7992042415          -3.3119002352         8.7992042415          -3.3119002352         3.13905895186         -2.72240252201        
0.754027984967        8.54049826389         -3.24744044138        8.54049826389         -3.24744044138        3.04878745818         -2.66137129178        
0.763686682758        8.29066684917         -3.18473353613        8.29066684917         -3.18473353613        2.96159148872         -2.60220483801        
0.773345380549        8.04964783584         -3.12381695375        8.04964783584         -3.12381695375        2.87747827816         -2.54491312956        
0.78300407834         7.81680154119         -3.0646292499         7.81680154119         -3.0646292499         2.7961732743          -2.48942234276        
0.792662776131        7.59147009087         -3.00696729413        7.59147009087         -3.00696729413        2.71746436898         -2.43554699189        
0.802321473922        7.37408479886         -2.95096095649        7.37408479886         -2.95096095649        2.64145396525         -2.38339303569        
0.811980171713        7.16353866556         -2.89632013725        7.16353866556         -2.89632013725        2.56775907937         -2.33270196793        
0.821638869504        6.95948156407         -2.84296927455        6.95948156407         -2.84296927455        2.4962247936          -2.28340534771        
0.831297567294        6.76223789197         -2.79089020043        6.76223789197         -2.79089020043        2.42703286921         -2.23547045421        
0.840956265085        6.57103471571         -2.73997811908        6.57103471571         -2.73997811908        2.35983447889         -2.18881690158        
0.850614962876        6.38535605307         -2.69001885279        6.38535605307         -2.69001885279        2.29447003639         -2.14324548328        
0.860273660667        6.20555452844         -2.64118069542        6.20555452844         -2.64118069542        2.23106787158         -2.09888886522        
0.869932358458        6.03096438548         -2.59316470608        6.03096438548         -2.59316470608        2.16940014976         -2.05550047539        
0.879591056249        5.8615458849          -2.54604317921        5.8615458849          -2.54604317921        2.10944442832         -2.01312051437        
0.88924975404         5.69706581272         -2.49972827911        5.69706581272         -2.49972827911        2.0511390171          -1.97166944893        
0.898908451831        5.5373609284          -2.45412444588        5.5373609284          -2.45412444588        1.99442198686         -1.93106952667        
0.908567149622        5.3818685018          -2.4090631234         5.3818685018          -2.4090631234         1.93907575389         -1.89118095578        
0.918225847413        5.23097094172         -2.36479478567        5.23097094172         -2.36479478567        1.88532205699         -1.85216250019        
0.927884545204        5.08417449152         -2.32101927438        5.08417449152         -2.32101927438        1.83294756619         -1.81378670682        
0.937543242995        4.94108044626         -2.27770739421        4.94108044626         -2.27770739421        1.78179130385         -1.77602618307        
0.947201940786        4.80190977315         -2.23468658308        4.80190977315         -2.23468658308        1.73198586724         -1.73875589119        
0.956860638577        4.66595700128         -2.19194751498        4.66595700128         -2.19194751498        1.6832575274          -1.70193101903        
0.966519336368        4.53291973822         -2.14938227607        4.53291973822         -2.14938227607        1.63550894165         -1.6654591073         
0.976178034159        4.40164484004         -2.10631063289        4.40164484004         -2.10631063289        1.58834594708         -1.62882262557        
0.98583673195         4.26460278805         -2.05910657142        4.26460278805         -2.05910657142        1.53906231081         -1.58922644747        
0.995495429741        4.12677268398         -2.01023750559        4.12677268398         -2.01023750559        1.48947614579         -1.54852599586        
1.00515412753         3.99469506773         -1.96298053704        3.99469506773         -1.96298053704        1.44196106967         -1.50923351856        
1.01481282532         3.86791109259         -1.91715061646        3.86791109259         -1.91715061646        1.3963246545          -1.47123061182        
1.02447152311         3.74592991663         -1.87252858902        3.74592991663         -1.87252858902        1.35240433442         -1.43434243565        
1.0341302209          3.62846941447         -1.82905539298        3.62846941447         -1.82905539298        1.31010735015         -1.39851016761        
1.0437889187          3.51554978588         -1.78676905159        3.51554978588         -1.78676905159        1.26944054039         -1.36375701871        
1.05344761649         3.40650795855         -1.74538832253        3.40650795855         -1.74538832253        1.23017715288         -1.32985571716        
1.06310631428         3.3015021257          -1.7050664238         3.3015021257          -1.7050664238         1.192373288           -1.29691542253        
1.07276501207         3.20019447617         -1.66567854463        3.20019447617         -1.66567854463        1.15591313641         -1.26483043368        
1.08242370986         3.10259033419         -1.62728593783        3.10259033419         -1.62728593783        1.12080370292         -1.2336375989         
1.09208240765         3.00843479535         -1.58979676526        3.00843479535         -1.58979676526        1.08693299579         -1.20326691967        
1.10174110544         2.91753196257         -1.55322564848        2.91753196257         -1.55322564848        1.0542754873          -1.17370208647        
1.11139980323         2.82969346192         -1.517318389          2.82969346192         -1.517318389          1.02268774028         -1.1448080576         
1.12105850102         2.7450304983          -1.48225187506        2.7450304983          -1.48225187506        0.99229617971         -1.11667323947        
1.13071719881         2.66345154834         -1.44811300148        2.66345154834         -1.44811300148        0.963053344973        -1.08932843406        
1.14037589661         2.584725923           -1.41479573072        2.584725923           -1.41479573072        0.934868604428        -1.06270342405        
1.1500345944          2.50876255156         -1.38238116042        2.50876255156         -1.38238116042        0.907700341163        -1.03684537201        
1.15969329219         2.43563257741         -1.35086542803        2.43563257741         -1.35086542803        0.881591078878        -1.01174526567        
1.16935198998         2.36504384684         -1.31994148817        2.36504384684         -1.31994148817        0.856450493365        -0.987190521895       
1.17901068777         2.29674193723         -1.29012048691        2.29674193723         -1.29012048691        0.832092183348        -0.963519410595       
1.18866938556         2.23066321997         -1.26087572563        2.23066321997         -1.26087572563        0.808576006013        -0.940362708812       
1.19832808335         2.16727988334         -1.23264591505        2.16727988334         -1.23264591505        0.786047707797        -0.918037529369       
1.20798678114         2.10573385589         -1.20499970487        2.10573385589         -1.20499970487        0.764195470466        -0.896216283699       
1.21764547893         2.04638694344         -1.17817700775        2.04638694344         -1.17817700775        0.74314449661         -0.875073906747       
1.22730417672         1.98896773952         -1.15205035812        1.98896773952         -1.15205035812        0.722796731747        -0.85451210286        
1.23696287451         1.9336365823          -1.12674427307        1.9336365823          -1.12674427307        0.703205798335        -0.834620401751       
1.24662157231         1.87983950809         -1.10195225245        1.87983950809         -1.10195225245        0.684172715797        -0.815168900649       
1.2562802701          1.82792570926         -1.07792109102        1.82792570926         -1.07792109102        0.665816225336        -0.796339415796       
1.26593896789         1.777744894           -1.05456837464        1.777744894           -1.05456837464        0.648088956474        -0.778063382004       
1.27559766568         1.72916124372         -1.03186945322        1.72916124372         -1.03186945322        0.630927171959        -0.760322211535       
1.28525636347         1.68224175238         -1.0098501449         1.68224175238         -1.0098501449         0.614363653972        -0.743133838342       
1.29491506126         1.63667329822         -0.988374539661       1.63667329822         -0.988374539661       0.598273779594        -0.726394231928       
1.30457375905         1.59251505747         -0.967472418642       1.59251505747         -0.967472418642       0.582686298975        -0.710123569899       
1.31423245684         1.54979435572         -0.947176239638       1.54979435572         -0.947176239638       0.567601523647        -0.694345930886       
1.32389115463         1.50839122695         -0.927465381366       1.50839122695         -0.927465381366       0.552978389767        -0.679040216188       
1.33354985242         1.46838726312         -0.908372721473       1.46838726312         -0.908372721473       0.53887295086         -0.664226755937       
1.34320855022         1.42943357539         -0.88957352714        1.42943357539         -0.88957352714        0.52508378121         -0.649688506489       
1.35286724801         1.39168838019         -0.871405404412       1.39168838019         -0.871405404412       0.511740994928        -0.635621070979       
1.3625259458          1.35516372814         -0.853813216027       1.35516372814         -0.853813216027       0.498823719853        -0.622009230003       
1.37218464359         1.31965459505         -0.836688175675       1.31965459505         -0.836688175675       0.486251418092        -0.608773502422       
1.38184334138         1.28515838384         -0.820013793995       1.28515838384         -0.820013793995       0.474021575216        -0.595903418895       
1.39150203917         1.25167042717         -0.803801445355       1.25167042717         -0.803801445355       0.462134495355        -0.583404397082       
1.40116073696         1.21914273059         -0.788008558199       1.21914273059         -0.788008558199       0.450572682319        -0.571246262319       
1.41081943475         1.18747725805         -0.772649663084       1.18747725805         -0.772649663084       0.439283794397        -0.559436153857       
1.42047813254         1.15680767011         -0.757640066231       1.15680767011         -0.757640066231       0.428366886854        -0.547913069064       
1.43013683033         1.12691245492         -0.74303311716        1.12691245492         -0.74303311716        0.417682250428        -0.536714518151       
1.43979552812         1.09788951298         -0.728803268283       1.09788951298         -0.728803268283       0.407296031562        -0.525820525233       
1.44945422592         1.06961809177         -0.71490230797        1.06961809177         -0.71490230797        0.397154600643        -0.515194798804       
1.45911292371         1.0421418334          -0.70134197036        1.0421418334          -0.70134197036        0.387281860969        -0.504845420361       
1.4687716215          1.01540434102         -0.688105719086       1.01540434102         -0.688105719086       0.377651043796        -0.494759011721       
1.47843031929         0.989377648928        -0.675169146946       0.989377648928        -0.675169146946       0.368257971042        -0.484916973761       
1.48808901708         0.964045570699        -0.662519839168       0.964045570699        -0.662519839168       0.359098767385        -0.475308892928       
1.49774771487         0.939400701386        -0.650163484649       0.939400701386        -0.650163484649       0.350164917386        -0.465939054179       
1.50740641266         0.915408104965        -0.63807690482        0.915408104965        -0.63807690482        0.341449973369        -0.456789092417       
1.51706511045         0.892035094121        -0.626240178429       0.892035094121        -0.626240178429       0.332939694355        -0.447843888976       
1.52672380824         0.869305346424        -0.614672583538       0.869305346424        -0.614672583538       0.32464762743         -0.43911598796        
1.53638250603         0.847173320097        -0.603332398223       0.847173320097        -0.603332398223       0.316557093453        -0.430575442488       
1.54604120383         0.825644438132        -0.592260594538       0.825644438132        -0.592260594538       0.308670635455        -0.422249053738       
1.55569990162         0.804682378265        -0.581397736812       0.804682378265        -0.581397736812       0.300974843932        -0.414094655853       
1.56535859941         0.784268054933        -0.570731952393       0.784268054933        -0.570731952393       0.293471356099        -0.406103296704       
1.5750172972          0.764319876568        -0.560254786824       0.764319876568        -0.560254786824       0.286117282745        -0.398266679991       
1.58467599499         0.744990113482        -0.550014117706       0.744990113482        -0.550014117706       0.278984169408        -0.390619122322       
1.59433469278         0.726064474346        -0.539883497717       0.726064474346        -0.539883497717       0.271975890958        -0.3830788383         
1.60399339057         0.707752705091        -0.52998697065        0.707752705091        -0.52998697065        0.265191083366        -0.375727154333       
1.61365208836         0.689978515167        -0.520285404624       0.689978515167        -0.520285404624       0.258615027984        -0.368527599383       
1.62331078615         0.672605211334        -0.510722837368       0.672605211334        -0.510722837368       0.25215524825         -0.361448996089       
1.63296948394         0.65577675072         -0.501366556801       0.65577675072         -0.501366556801       0.245907609446        -0.354531053882       
1.64262818173         0.63945821801         -0.492211797727       0.63945821801         -0.492211797727       0.239849011709        -0.347768996323       
1.65228687953         0.623646807763        -0.48329233113        0.623646807763        -0.48329233113        0.233978245767        -0.34118110069        
1.66194557732         0.608300371156        -0.474583425218       0.608300371156        -0.474583425218       0.228276154535        -0.334755243118       
1.67160427511         0.593432077082        -0.466113578754       0.593432077082        -0.466113578754       0.22274798505         -0.328511663036       
1.6812629729          0.57907853649         -0.457854370793       0.57907853649         -0.457854370793       0.21741628799         -0.322428964707       
1.69092167069         0.5658515553          -0.450338693155       0.5658515553          -0.450338693155       0.212502596561        -0.316883490897       
1.70058036848         0.557192691969        -0.446360893186       0.557192691969        -0.446360893186       0.209301960215        -0.31383649644        
1.71023906627         0.548242579383        -0.442039487864       0.548242579383        -0.442039487864       0.20599252101         -0.310555915002       
1.71989776406         0.539162167216        -0.43751617789        0.539162167216        -0.43751617789        0.202635738913        -0.307141137419       
1.72955646185         0.530056292692        -0.432853188945       0.530056292692        -0.432853188945       0.199277265073        -0.30363484584        
1.73921515964         0.520841929371        -0.428035015575       0.520841929371        -0.428035015575       0.195864515442        -0.300029940666       
1.74887385744         0.511659112524        -0.423124829014       0.511659112524        -0.423124829014       0.192471858484        -0.296367155694       
1.75853255523         0.502499443524        -0.418134572529       0.502499443524        -0.418134572529       0.189090925287        -0.292655583449       
1.76819125302         0.493370511747        -0.413069192404       0.493370511747        -0.413069192404       0.185723586253        -0.288899162875       
1.77784995081         0.484277385779        -0.407935974146       0.484277385779        -0.407935974146       0.182370989981        -0.285102585084       
1.7875086486          0.47521195516         -0.40280215591        0.47521195516         -0.40280215591        0.179023394394        -0.281312319847       
1.79716734639         0.466254806623        -0.397527518257       0.466254806623        -0.397527518257       0.175735147362        -0.277432572026       
1.80682604418         0.457337827231        -0.392268236677       0.457337827231        -0.392268236677       0.172454762465        -0.273569683096       
1.81648474197         0.448492255718        -0.386978589999       0.448492255718        -0.386978589999       0.169203347711        -0.269693029516       
1.82614343976         0.439698320993        -0.381645699574       0.439698320993        -0.381645699574       0.165967473522        -0.26579127553        
1.83580213755         0.431019424701        -0.376348191454       0.431019424701        -0.376348191454       0.162784328596        -0.261924598499       
1.84546083534         0.422405234107        -0.371015322593       0.422405234107        -0.371015322593       0.159622154472        -0.258038285455       
1.85511953314         0.413872329533        -0.365677953753       0.413872329533        -0.365677953753       0.156489960577        -0.254156124487       
1.86477823093         0.405426150481        -0.360343025305       0.405426150481        -0.360343025305       0.153389752851        -0.250282078406       
1.87443692872         0.397070405093        -0.35501075778        0.397070405093        -0.35501075778        0.15032300183         -0.246417085391       
1.88409562651         0.388795437877        -0.349668542001       0.388795437877        -0.349668542001       0.147282716489        -0.242553052421       
1.8937543243          0.380659250925        -0.344400364973       0.380659250925        -0.344400364973       0.144303785072        -0.238739019615       
1.90341302209         0.372576598027        -0.339113189648       0.372576598027        -0.339113189648       0.141334947057        -0.234919336064       
1.91307171988         0.364586361739        -0.333866640973       0.364586361739        -0.333866640973       0.138399494315        -0.231133203875       
1.92273041767         0.356685909621        -0.328641845082       0.356685909621        -0.328641845082       0.135494088072        -0.227368368904       
1.93238911546         0.348870259544        -0.323445540087       0.348870259544        -0.323445540087       0.132615275669        -0.223629281817       
1.94204781325         0.341151619673        -0.318278943694       0.341151619673        -0.318278943694       0.129771016664        -0.219917008134       
1.95170651105         0.333519110046        -0.31313777497        0.333519110046        -0.31313777497        0.126952713486        -0.216228764498       
1.96136520884         0.325975747288        -0.308028223422       0.325975747288        -0.308028223422       0.124162082779        -0.212568042737       
1.97102390663         0.318514795159        -0.302946668275       0.318514795159        -0.302946668275       0.121395794925        -0.208932801938       
1.98068260442         0.31115683201         -0.297905197372       0.31115683201         -0.297905197372       0.11866446871         -0.205330932016       
1.99034130221         0.30385237748         -0.292854395406       0.30385237748         -0.292854395406       0.115941107125        -0.201733002224       
2                     0.296653858673        -0.287831722948       0.296653858673        -0.287831722948       0.113254240096        -0.198161174545       
2.001                 0.295915992697        -0.287312899998       0.295915992697        -0.287312899998       0.112978804379        -0.197792525804       
2.20311373849         0.169067349261        -0.190905457494       0.169067349261        -0.190905457494       0.0647529460302       -0.130104259954       
2.40522747698         0.0872819206161       -0.11515116428        0.0872819206161       -0.11515116428        0.033306564018        -0.0778934789548      
2.60734121547         0.0401192234412       -0.0637825007328      0.0401192234412       -0.0637825007328      0.0150451806645       -0.0429201557987      
2.80945495396         0.016001656426        -0.0318840203215      0.016001656426        -0.0318840203215      0.00572815582066      -0.0213847549256      
3.01156869245         0.00521343196835      -0.0142488703994      0.00521343196835      -0.0142488703994      0.00163491888038      -0.00954376597508     
3.21368243094         0.00119199648293      -0.00556107912801     0.00119199648293      -0.00556107912801     0.000202719989853     -0.00372773468507     
3.41579616943         5.77079666564e-05     -0.00181988650337     5.77079666564e-05     -0.00181988650337     -0.000120769228903    -0.00122413859978     
3.61790990792         -0.000101121901223    -0.000455860494471    -0.000101121901223    -0.000455860494471    -0.000101514859805    -0.000308859736722    
3.82002364641         -4.6116729126e-05     -6.40130702375e-05    -4.6116729126e-05     -6.40130702375e-05    -3.59555319048e-05    -4.40343229143e-05    
4.0221373849          -2.10217258081e-06    -6.05380369873e-07    -2.10217258081e-06    -6.05380369873e-07    -1.61558111217e-06    -4.38108404139e-07    
4.0231373849          -2.03338922022e-06    -5.79077567387e-07    -2.03338922022e-06    -5.79077567387e-07    -1.56324555345e-06    -4.19115628247e-07    
4.0401373849          -1.06229051558e-06    -2.38819151629e-07    -1.06229051558e-06    -2.38819151629e-07    -8.2178825529e-07     -1.72064942208e-07    
4.0571373849          -4.2236740631e-07     -4.8417859507e-08     -4.2236740631e-07     -4.8417859507e-08     -3.29538398226e-07    -3.2034608564e-08     
4.0741373849          -6.44127150142e-08    4.84431956031e-08     -6.44127150142e-08    4.84431956031e-08     -5.20883593415e-08    4.04483412928e-08     
4.0911373849          3.49293493916e-09     1.56549315276e-07     3.49293493916e-09     1.56549315276e-07     5.09190707883e-10     1.25218662176e-07     
4.1081373849          3.9680667975e-09      3.84893187867e-07     3.9680667975e-09      3.84893187867e-07     1.0432197388e-09      3.07306571668e-07     
4.1251373849          3.69346541458e-09     6.17361189953e-07     3.69346541458e-09     6.17361189953e-07     1.2502072813e-09      4.94998131099e-07     
4.1421373849          3.08362826738e-09     8.25005254321e-07     3.08362826738e-09     8.25005254321e-07     1.25727191777e-09     6.64867803615e-07     
4.1431373849          3.04264315506e-09     8.36200601703e-07     3.04264315506e-09     8.36200601703e-07     1.25348175409e-09     6.74097247575e-07     
4.32332900553         -9.08221996375e-10    1.24563853479e-06     -9.08221996375e-10    1.24563853479e-06     -8.84401486083e-11    1.0582120287e-06      
4.50352062615         -2.11751833618e-10    5.92634482565e-07     -2.11751833618e-10    5.92634482565e-07     -7.76420247746e-11    5.27482039026e-07     
4.68371224678         4.06104193694e-11     1.90878435202e-07     4.06104193694e-11     1.90878435202e-07     1.46069302297e-12     1.77460299178e-07     
4.8639038674          1.64452216793e-11     4.49509017301e-08     1.64452216793e-11     4.49509017301e-08     3.8726151116e-12      4.35744874533e-08     
5.04409548803         -6.61300715852e-13    6.92753460054e-09     -6.61300715852e-13    6.92753460054e-09     5.24506087597e-14     6.99434981225e-09     
5.22428710866         -3.70513160847e-13    2.9492257091e-10      -3.70513160847e-13    2.9492257091e-10      -8.10654640995e-14    3.09953424923e-10     
5.40447872928         2.12024973468e-10     6.7022746219e-13      2.12024973468e-10     6.7022746219e-13      2.31987580872e-10     1.4944878867e-13      
5.58467034991         2.30792486855e-10     1.34723530164e-12     2.30792486855e-10     1.34723530164e-12     2.62908830492e-10     -1.27754354161e-13    
5.76486197054         1.16382877104e-10     1.08304956497e-12     1.16382877104e-10     1.08304956497e-12     1.37852083087e-10     -3.17727489282e-13    
5.94505359116         4.31830128176e-11     5.86626537692e-13     4.31830128176e-11     5.86626537692e-13     5.31305334383e-11     -2.23328403088e-13    
6.12524521179         1.32404591908e-11     2.47486693438e-13     1.32404591908e-11     2.47486693438e-13     1.69099283868e-11     -1.0147639205e-13     
6.30543683241         3.5189111169e-12      8.67283775197e-14     3.5189111169e-12      8.67283775197e-14     4.66270049623e-12     -3.56747653529e-14    
6.48562845304         8.30791054443e-13     2.61451016224e-14     8.30791054443e-13     2.61451016224e-14     1.14169120809e-12     -1.04063368579e-14    
6.66582007367         1.76779787424e-13     6.92750260078e-15     1.76779787424e-13     6.92750260078e-15     2.51884246667e-13     -2.63147183275e-15    
6.84601169429         3.42123594222e-14     1.63620446177e-15     3.42123594222e-14     1.63620446177e-15     5.05357475904e-14     -5.84765728174e-16    
7.02620331492         6.06274824291e-15     3.48089385651e-16     6.06274824291e-15     3.48089385651e-16     9.28302363898e-15     -1.16729797579e-16    
7.20639493554         9.66278957355e-16     6.56980226648e-17     9.66278957355e-16     6.56980226648e-17     1.53360429669e-15     -2.05476643861e-17    
7.38658655617         1.47673527612e-16     1.17538211837e-17     1.47673527612e-16     1.17538211837e-17     2.42959860755e-16     -3.4200257887e-18     
7.5667781768          1.3891453752e-17      1.28171481396e-18     1.3891453752e-17      1.28171481396e-18     2.36937033382e-17     -3.46895654778e-19    
7.74696979742         1.5344732285e-17      1.62746029839e-18     1.5344732285e-17      1.62746029839e-18     2.71368057187e-17     -4.08843791847e-19    
7.92716141805         1.67813705086e-17     2.0310361851e-18      1.67813705086e-17     2.0310361851e-18      3.07771187576e-17     -4.72825705846e-19    
8.10735303868         1.8192145729e-17      2.49662882102e-18     1.8192145729e-17      2.49662882102e-18     3.46098362082e-17     -5.38330609591e-19    
8.2875446593          1.95686858037e-17     3.02828394652e-18     1.95686858037e-17     3.02828394652e-18     3.86288269555e-17     -6.04855576368e-19    
8.46773627993         2.09033878304e-17     3.62990277312e-18     2.09033878304e-17     3.62990277312e-18     4.28295538663e-17     -6.70739546014e-19    
8.64792790055         2.21893441171e-17     4.30524034372e-18     2.21893441171e-17     4.30524034372e-18     4.72077522938e-17     -7.34994010852e-19    
8.82811952118         2.34202750423e-17     5.05790567184e-18     2.34202750423e-17     5.05790567184e-18     5.17593932118e-17     -7.96633572277e-19    
9.00831114181         2.45904683442e-17     5.89136325264e-18     2.45904683442e-17     5.89136325264e-18     5.64807726864e-17     -8.54681521846e-19    
9.18850276243         2.56947243384e-17     6.80893561726e-18     2.56947243384e-17     6.80893561726e-18     6.13687546447e-17     -9.08666479428e-19    
9.36869438306         2.67283065613e-17     7.81380666662e-18     2.67283065613e-17     7.81380666662e-18     6.64188024607e-17     -9.5797415823e-19     
9.54888600368         2.76868973436e-17     8.90902557305e-18     2.76868973436e-17     8.90902557305e-18     7.16279807537e-17     -1.00102976366e-18    
9.72907762431         2.85665578491e-17     1.00975110808e-17     2.85665578491e-17     1.00975110808e-17     7.69934614452e-17     -1.03692987959e-18    
9.90926924494         2.93636921374e-17     1.13820560713e-17     2.93636921374e-17     1.13820560713e-17     8.2512538171e-17      -1.06479345323e-18    
10.0894608656         3.00750148494e-17     1.27653322863e-17     3.00750148494e-17     1.27653322863e-17     8.81826692836e-17     -1.08376290348e-18    
10.2696524862         3.0697522144e-17      1.42498951264e-17     3.0697522144e-17      1.42498951264e-17     9.40014791754e-17     -1.09300485923e-18    
10.4498441068         3.1228465551e-17      1.58381884581e-17     3.1228465551e-17      1.58381884581e-17     9.99667568443e-17     -1.09171059447e-18    
10.6300357274         3.16653284385e-17     1.75325493807e-17     3.16653284385e-17     1.75325493807e-17     1.06076466733e-16     -1.07909621613e-18    
10.8102273481         3.20058048191e-17     1.93352129132e-17     3.20058048191e-17     1.93352129132e-17     1.12328881468e-16     -1.05440265122e-18    
10.9904189687         3.22477802539e-17     2.1248316573e-17      3.22477802539e-17     2.1248316573e-17      1.18721989598e-16     -1.01791928801e-18    
11.1706105893         3.23893146316e-17     2.32739048248e-17     3.23893146316e-17     2.32739048248e-17     1.25253290197e-16     -9.68095024058e-19    
11.3508022099         3.24286266298e-17     2.54139333858e-17     3.24286266298e-17     2.54139333858e-17     1.3192148377e-16      -9.04163432381e-19    
11.5309938306         3.23640796808e-17     2.76702733747e-17     3.23640796808e-17     2.76702733747e-17     1.38725094306e-16     -8.25462170373e-19    
11.7111854512         3.21941692886e-17     3.00447153016e-17     3.21941692886e-17     3.00447153016e-17     1.45662707285e-16     -7.31351675892e-19    
11.8913770718         3.19175115548e-17     3.25389728924e-17     3.19175115548e-17     3.25389728924e-17     1.52732984222e-16     -6.21214588079e-19    
12.0715686925         3.15328327925e-17     3.51546867494e-17     3.15328327925e-17     3.51546867494e-17     1.59934662738e-16     -4.94455134488e-19    
12.2517603131         3.10389601137e-17     3.7893427848e-17      3.10389601137e-17     3.7893427848e-17      1.67266553532e-16     -3.50498495201e-19    
12.4319519337         3.04348128942e-17     4.07567008723e-17     3.04348128942e-17     4.07567008723e-17     1.74727536591e-16     -1.88790152675e-19    
12.6121435543         2.97193950272e-17     4.37459473936e-17     2.97193950272e-17     4.37459473936e-17     1.82316557368e-16     -8.79523449422e-21    
12.792335175          2.88917878846e-17     4.6862548896e-17      2.88917878846e-17     4.6862548896e-17      1.90032623252e-16     1.90002145113e-19     
12.9725267956         2.7951143919e-17      5.01078296537e-17     2.7951143919e-17      5.01078296537e-17     1.97874800579e-16     4.08099540266e-19     
13.1527184162         2.68966808409e-17     5.34830594665e-17     2.68966808409e-17     5.34830594665e-17     2.05842212616e-16     6.45976821127e-19     
13.3329100368         2.57276763158e-17     5.69894562576e-17     2.57276763158e-17     5.69894562576e-17     2.13934039624e-16     9.04096811281e-19     
13.5131016575         2.44434631302e-17     6.06281885414e-17     2.44434631302e-17     6.06281885414e-17     2.22149524993e-16     1.18290591241e-18     
13.6932932781         2.30434247826e-17     6.44003777652e-17     2.30434247826e-17     6.44003777652e-17     2.30488012131e-16     1.48283471448e-18     
13.8734848987         2.15269914576e-17     6.83071005317e-17     2.15269914576e-17     6.83071005317e-17     2.38949062837e-16     1.80385953347e-18     
14.0536765193         1.98936363475e-17     7.23493907079e-17     1.98936363475e-17     7.23493907079e-17     2.47531096652e-16     2.14634636042e-18     
14.23386814           1.81428722885e-17     7.65282414256e-17     1.81428722885e-17     7.65282414256e-17     2.56233709369e-16     2.51110760087e-18     
14.4140597606         1.62742486828e-17     8.08446069793e-17     1.62742486828e-17     8.08446069793e-17     2.65056375734e-16     2.89851651736e-18     
14.5942513812         1.4287348679e-17      8.5299404626e-17      1.4287348679e-17      8.5299404626e-17      2.73998551485e-16     3.30893337623e-18     
14.7744430018         1.21817865891e-17     8.98935162935e-17     1.21817865891e-17     8.98935162935e-17     2.83059707916e-16     3.74270595078e-18     
14.9546346225         9.9572055177e-18      9.46277902001e-17     9.9572055177e-18      9.46277902001e-17     2.92239338233e-16     4.2001700064e-18      
15.1348262431         7.61327518761e-18     9.95030423914e-17     7.61327518761e-18     9.95030423914e-17     3.01536958787e-16     4.68164976767e-18     
15.3150178637         5.14968994159e-18     1.04520058199e-16     5.14968994159e-18     1.04520058199e-16     3.10952108813e-16     5.18745836792e-18     
15.4952094843         2.56616690616e-18     1.09679593624e-16     2.56616690616e-18     1.09679593624e-16     3.20484349648e-16     5.71789828145e-18     
15.675401105          -1.37555697388e-19    1.14982376651e-16     -1.37555697388e-19    1.14982376651e-16     3.30133263757e-16     6.27326173883e-18     
15.8555927256         -2.96172010749e-18    1.20429108495e-16     -2.96172010749e-18    1.20429108495e-16     3.39898453699e-16     6.85383112575e-18     
16.0357843462         -5.90655045391e-18    1.26020464784e-16     -5.90655045391e-18    1.26020464784e-16     3.49779541095e-16     7.45987936591e-18     
16.2159759669         -8.97225407705e-18    1.31757096684e-16     -8.97225407705e-18    1.31757096684e-16     3.59776165635e-16     8.09167028841e-18     
16.3961675875         -1.21590227445e-17    1.37639631969e-16     -1.21590227445e-17    1.37639631969e-16     3.69887984112e-16     8.74945898011e-18     
16.5763592081         -1.54670337738e-17    1.43668676033e-16     -1.54670337738e-17    1.43668676033e-16     3.8011466952e-16      9.43349212364e-18     
16.7565508287         -1.88964510682e-17    1.49844812853e-16     -1.88964510682e-17    1.49844812853e-16     3.90455910199e-16     1.01440083213e-17     
16.9367424494         -2.24474260749e-17    1.56168605909e-16     -2.24474260749e-17    1.56168605909e-16     4.00911409021e-16     1.08812384058e-17     
17.11693407           -2.61200986692e-17    1.62640599055e-16     -2.61200986692e-17    1.62640599055e-16     4.11480882645e-16     1.16454057376e-17     
17.2971256906         -2.99145979732e-17    1.69261317345e-16     -2.99145979732e-17    1.69261317345e-16     4.22164060804e-16     1.24367264906e-17     
17.4773173112         -3.38310431131e-17    1.76031267823e-16     -3.38310431131e-17    1.76031267823e-16     4.32960685655e-16     1.32554099251e-17     
17.6575089319         -3.786954392e-17      1.82950940276e-16     -3.786954392e-17      1.82950940276e-16     4.43870511171e-16     1.41016586499e-17     
17.8377005525         -4.20302015797e-17    1.90020807941e-16     -4.20302015797e-17    1.90020807941e-16     4.5489330259e-16      1.49756688735e-17     
18.0178921731         -4.63131092342e-17    1.97241328193e-16     -4.63131092342e-17    1.97241328193e-16     4.6602883592e-16      1.58776306439e-17     
18.1980837937         -5.071835254e-17      2.04612943189e-16     -5.071835254e-17      2.04612943189e-16     4.77276897512e-16     1.68077280798e-17     
18.3782754144         -5.52460101855e-17    2.12136080482e-16     -5.52460101855e-17    2.12136080482e-16     4.88637283719e-16     1.77661395908e-17     
18.558467035          -5.98961543717e-17    2.19811153613e-16     -5.98961543717e-17    2.19811153613e-16     5.00109800679e-16     1.87530380896e-17     
18.7386586556         -6.46688512582e-17    2.27638562671e-16     -6.46688512582e-17    2.27638562671e-16     5.11694264309e-16     1.97685911942e-17     
18.9188502762         -6.95641613775e-17    2.35618694825e-16     -6.95641613775e-17    2.35618694825e-16     5.23390500684e-16     2.08129614224e-17     
19.0990418969         -7.45821400204e-17    2.43751924834e-16     -7.45821400204e-17    2.43751924834e-16     5.35198347296e-16     2.18863063784e-17     
19.2792335175         -7.97228375939e-17    2.52038615535e-16     -7.97228375939e-17    2.52038615535e-16     5.47117656777e-16     2.29887789312e-17     
19.4594251381         -8.49862999541e-17    2.60479118304e-16     -8.49862999541e-17    2.60479118304e-16     5.59148310771e-16     2.41205273858e-17     
19.6396167587         -9.03725687164e-17    2.69073773502e-16     -9.03725687164e-17    2.69073773502e-16     5.71290370034e-16     2.52816147968e-17     
19.8198083794         -9.58816815436e-17    2.77822910896e-16     -9.58816815436e-17    2.77822910896e-16     5.83543225466e-16     2.64717454539e-17     
20                    0                     0                     0                     0                     0                     0                     
