0.0779191396          0                     0                     0                     0                     0                     0                     
0.087577837391        1.55731483663         4.86726907539         1.55731483663         4.86726907539         0.485867572985        1.63069032664         
0.0972365351819       7.96542407547         22.3631286975         7.96542407547         22.3631286975         2.6339039025          7.4421180337          
0.106895232973        17.7262593138         45.8132617453         17.7262593138         45.8132617453         6.12628765133         15.1575180869         
0.116553930764        28.6298443831         68.856745803          28.6298443831         68.856745803          10.2582836027         22.6507580058         
0.126212628555        39.2000559325         88.3456514706         39.2000559325         88.3456514706         14.4758603569         28.8844618766         
0.135871326346        48.6828256909         103.333818811         48.6828256909         103.333818811         18.4471238211         33.5613807755         
0.145530024137        56.7433107358         113.89504314          56.7433107358         113.89504314          21.9838205482         36.7198574887         
0.155188721928        63.3206256207         120.629392652         63.3206256207         120.629392652         25.0124682256         38.5769387209         
0.164847419719        68.5500067145         124.231883038         68.5500067145         124.231883038         27.5480235591         39.3730815856         
0.17450611751         72.5464784067         125.293912071         72.5464784067         125.293912071         29.6021614668         39.3067730229         
0.184164815301        75.4733568143         124.404617551         75.4733568143         124.404617551         31.2208076398         38.5766300495         
0.193823513091        77.4588717571         122.007112824         77.4588717571         122.007112824         32.4325033587         37.3269547678         
0.203482210882        78.5971697673         118.501990402         78.5971697673         118.501990402         33.2561266187         35.6979140573         
0.213140908673        79.0058730553         114.191445318         79.0058730553         114.191445318         33.7261651            33.7910328303         
0.222799606464        78.7369844591         109.353691238         78.7369844591         109.353691238         33.8473651951         31.7147400409         
0.232458304255        77.8722895182         104.239111239         77.8722895182         104.239111239         33.6493048156         29.5753213409         
0.242117002046        76.5153611975         99.056611318          76.5153611975         99.056611318          33.1807915699         27.4635740263         
0.251775699837        74.7960497728         93.9355662329         74.7960497728         93.9355662329         32.5063811246         25.433436113          
0.261434397628        72.8069244664         88.978756825          72.8069244664         88.978756825          31.6808182273         23.5254308979         
0.271093095419        70.6478301567         84.2244008057         70.6478301567         84.2244008057         30.7560411168         21.7449605528         
0.28075179321         68.380900826          79.7081650269         68.380900826          79.7081650269         29.7656819849         20.1012680087         
0.290410491001        66.0687535905         75.4423486396         66.0687535905         75.4423486396         28.7446794291         18.59304401           
0.300069188792        63.7552633805         71.4207627528         63.7552633805         71.4207627528         27.7177055763         17.2096678979         
0.309727886583        61.4715218504         67.628216404          61.4715218504         67.628216404          26.7015550586         15.9362572667         
0.319386584374        59.2285955494         64.0481355065         59.2285955494         64.0481355065         25.7013667375         14.7595113796         
0.329045282165        57.0318892593         60.6718857739         57.0318892593         60.6718857739         24.7189728604         13.6715874249         
0.338703979956        54.8839507446         57.4946583316         54.8839507446         57.4946583316         23.7551844081         12.6689927566         
0.348362677747        52.7920307148         54.5144033537         52.7920307148         54.5144033537         22.8139397632         11.7499378997         
0.358021375538        50.7631322356         51.724773856          50.7631322356         51.724773856          21.8996981645         10.911227207          
0.367680073329        48.8093873744         49.1187281777         48.8093873744         49.1187281777         21.0195608815         10.1484119182         
0.37733877112         46.9366248154         46.682276201          46.9366248154         46.682276201          20.1776464684         9.45420803057         
0.386997468911        45.1489638887         44.4015227832         45.1489638887         44.4015227832         19.3766782854         8.82062807905         
0.396656166702        43.4422879587         42.2691631705         43.4422879587         42.2691631705         18.6155239676         8.24413666926         
0.406314864492        41.827392966          40.2600771867         41.827392966          40.2600771867         17.8992075054         7.71001399275         
0.415973562283        40.2952722627         38.3636523672         40.2952722627         38.3636523672         17.2228608036         7.21310867768         
0.425632260074        38.8365758168         36.5683232986         38.8365758168         36.5683232986         16.5814157011         6.74806897088         
0.435290957865        37.4537171615         34.8671198148         37.4537171615         34.8671198148         15.9762465032         6.31120360582         
0.444949655656        36.1203672109         33.251279397          36.1203672109         33.251279397          15.3916812697         5.89970101404         
0.454608353447        34.8532144799         31.717544179          34.8532144799         31.717544179          14.8379515527         5.51150626969         
0.464267051238        33.6319944107         30.2631965981         33.6319944107         30.2631965981         14.3038590649         5.14717896845         
0.473925749029        32.462376342          28.882580601          32.462376342          28.882580601          13.7923353104         4.80398805557         
0.48358444682         31.3381912202         27.5736648046         31.3381912202         27.5736648046         13.3002432615         4.48199857738         
0.493243144611        30.2561522664         26.3325944231         30.2561522664         26.3325944231         12.82611138           4.1804390759          
0.502901842402        29.214996019          25.1576254802         29.214996019          25.1576254802         12.3693844547         3.89889917772         
0.512560540193        28.215295496          24.0462352425         28.215295496          24.0462352425         11.9304977221         3.63676452983         
0.522219237984        27.2519749459         22.9935676471         27.2519749459         22.9935676471         11.5073752264         3.39289863804         
0.531877935775        26.3283174986         22.0012394003         26.3283174986         22.0012394003         11.1015125134         3.16754713534         
0.541536633566        25.4404892025         21.0621932604         25.4404892025         21.0621932604         10.7114620691         2.95860243846         
0.551195331357        24.59058944           20.1741396419         24.59058944           20.1741396419         10.3382937188         2.7653458898          
0.560854029148        23.7756288741         19.3327055142         23.7756288741         19.3327055142         9.98074745762         2.58600363953         
0.570512726939        22.9934911895         18.535296718          22.9934911895         18.535296718          9.63811571131         2.41989549157         
0.58017142473         22.2452468073         17.7809091565         22.2452468073         17.7809091565         9.31091581359         2.26631852546         
0.589830122521        21.5273923851         17.065203033          21.5273923851         17.065203033          8.99772900649         2.12392443063         
0.599488820312        20.8406359596         16.38633093           20.8406359596         16.38633093           8.69886375406         1.99186125928         
0.609147518103        20.1838981802         15.742109425          20.1838981802         15.742109425          8.41384842629         1.86919283801         
0.618806215893        19.5535345636         15.1282957625         19.5535345636         15.1282957625         8.14112048225         1.75474832687         
0.628464913684        18.9507254871         14.544818321          18.9507254871         14.544818321          7.88106645094         1.64800199752         
0.638123611475        18.3751819486         13.9892060108         18.3751819486         13.9892060108         7.63382331622         1.54829550106         
0.647782309266        17.8224302241         13.4582588887         17.8224302241         13.4582588887         7.39694304937         1.45424307884         
0.657441007057        17.2929202624         12.9516328666         17.2929202624         12.9516328666         7.17079069165         1.36592985273         
0.667099704848        16.7859973447         12.4673445321         16.7859973447         12.4673445321         6.9549997708          1.28253684754         
0.676758402639        16.2993680019         12.0037017393         16.2993680019         12.0037017393         6.74849408194         1.20360406306         
0.68641710043         15.8322053105         11.5595042021         15.8322053105         11.5595042021         6.55083458093         1.12868658376         
0.696075798221        15.3830636377         11.1335939667         15.3830636377         11.1335939667         6.36130145006         1.05752626867         
0.705734496012        14.9521705908         10.7250109559         14.9521705908         10.7250109559         6.17998501256         0.989599309069        
0.715393193803        14.5372515062         10.3324469688         14.5372515062         10.3324469688         6.0057975085          0.924742031121        
0.725051891594        14.1377534415         9.95524792604         14.1377534415         9.95524792604         5.83844716329         0.862747981053        
0.734710589385        13.7528004551         9.59255401726         13.7528004551         9.59255401726         5.67749708354         0.803379902921        
0.744369287176        13.3817488153         9.24373767898         13.3817488153         9.24373767898         5.52261772863         0.746467720656        
0.754027984967        13.0234495757         8.90792198863         13.0234495757         8.90792198863         5.37327291321         0.691877768393        
0.763686682758        12.6773673347         8.5844439747          12.6773673347         8.5844439747          5.22919900375         0.639443307524        
0.773345380549        12.3433813329         8.27317279579         12.3433813329         8.27317279579         5.09029992582         0.589158186471        
0.78300407834         12.0194752176         7.97292850456         12.0194752176         7.97292850456         4.95566585019         0.540769598138        
0.792662776131        11.7060102696         7.6835067544          11.7060102696         7.6835067544          4.8255269461          0.494358845324        
0.802321473922        11.4016275116         7.40553918913         11.4016275116         7.40553918913         4.69899600145         0.450150349294        
0.811980171713        11.1069631449         7.13775259783         11.1069631449         7.13775259783         4.57668633675         0.40787179125         
0.821638869504        10.8212308285         6.87967673599         10.8212308285         6.87967673599         4.45807391591         0.367397121667        
0.831297567294        10.5443050446         6.63072560187         10.5443050446         6.63072560187         4.34317098127         0.328521772693        
0.840956265085        10.2757716999         6.39064992284         10.2757716999         6.39064992284         4.23174213884         0.291184752657        
0.850614962876        10.0143990849         6.15872178439         10.0143990849         6.15872178439         4.12325827978         0.255383370076        
0.860273660667        9.76088965364         5.93530531449         9.76088965364         5.93530531449         4.01801072677         0.221143716686        
0.869932358458        9.51415252183         5.7196272448          9.51415252183         5.7196272448          3.91554196207         0.188389592106        
0.879591056249        9.27417912107         5.511664503           9.27417912107         5.511664503           3.81582091758         0.157129805152        
0.88924975404         9.04045385597         5.31102102054         9.04045385597         5.31102102054         3.71863653219         0.127314098541        
0.898908451831        8.81299967646         5.11748154694         8.81299967646         5.11748154694         3.6240131906          0.0989002470907       
0.908567149622        8.59113031423         4.93058225614         8.59113031423         4.93058225614         3.53166358061         0.0718547260468       
0.918225847413        8.37479253183         4.75034859754         8.37479253183         4.75034859754         3.44154913811         0.0461936042087       
0.927884545204        8.16373572146         4.57623610262         8.16373572146         4.57623610262         3.35359733264         0.0218137330475       
0.937543242995        7.95740925103         4.40808375175         7.95740925103         4.40808375175         3.26756667676         -0.00125234380254     
0.947201940786        7.75596223547         4.2458155558          7.75596223547         4.2458155558          3.18352172063         -0.0230485013291      
0.956860638577        7.55839096863         4.08876463038         7.55839096863         4.08876463038         3.10106369919         -0.0435994295373      
0.966519336368        7.36444668322         3.93660697706         7.36444668322         3.93660697706         3.02010435403         -0.0629549347313      
0.976178034159        7.17197066963         3.78827028405         7.17197066963         3.78827028405         2.93974827233         -0.0810717621069      
0.98583673195         6.96868815032         3.63722126561         6.96868815032         3.63722126561         2.85497495494         -0.097811552279       
0.995495429741        6.76265713259         3.48780424465         6.76265713259         3.48780424465         2.76911279125         -0.11319747425        
1.00515412753         6.56441432507         3.34531903417         6.56441432507         3.34531903417         2.68645505447         -0.127520039771       
1.01481282532         6.37389475409         3.20963662596         6.37389475409         3.20963662596         2.60701569207         -0.140704133535       
1.02447152311         6.1900892435          3.08020877621         6.1900892435          3.08020877621         2.53038538656         -0.152765041056       
1.0341302209          6.01253123614         2.95640326564         6.01253123614         2.95640326564         2.45632654734         -0.163934259535       
1.0437889187          5.84143959288         2.83831054193         5.84143959288         2.83831054193         2.38497885756         -0.174140450847       
1.05344761649         5.67566119105         2.72521478673         5.67566119105         2.72521478673         2.3158564754          -0.183434712637       
1.06310631428         5.51562181534         2.61712675737         5.51562181534         2.61712675737         2.2491410859          -0.191909845363       
1.07276501207         5.36066159039         2.5136643286          5.36066159039         2.5136643286          2.18455452601         -0.199584547375       
1.08242370986         5.21120485036         2.41477138517         5.21120485036         2.41477138517         2.12231397767         -0.206516967285       
1.09208240765         5.06662682209         2.32031897805         5.06662682209         2.32031897805         2.06211933767         -0.212678495253       
1.10174110544         4.92650061838         2.22983438731         4.92650061838         2.22983438731         2.00380741587         -0.218152497555       
1.11139980323         4.79141697085         2.14313138742         4.79141697085         2.14313138742         1.94761708014         -0.223098651021       
1.12105850102         4.66074490179         2.05997805556         4.66074490179         2.05997805556         1.89328948827         -0.227516723757       
1.13071719881         4.53434126896         1.9802965852          4.53434126896         1.9802965852          1.84077600163         -0.231403587723       
1.14037589661         4.41179810884         1.90384972841         4.41179810884         1.90384972841         1.78990381184         -0.234803291424       
1.1500345944          4.29332080671         1.83062320757         4.29332080671         1.83062320757         1.74076030254         -0.237743351703       
1.15969329219         4.17865005923         1.76046434214         4.17865005923         1.76046434214         1.69323978131         -0.240234106156       
1.16935198998         4.06771259995         1.6931550288          4.06771259995         1.6931550288          1.64732025961         -0.24233999525        
1.17901068777         3.96026905799         1.6286275238          3.96026905799         1.6286275238          1.60288475978         -0.244059449378       
1.18866938556         3.85594875105         1.56659688143         3.85594875105         1.56659688143         1.55979370027         -0.245413455838       
1.19832808335         3.75566830541         1.50738323269         3.75566830541         1.50738323269         1.51841292837         -0.246492009124       
1.20798678114         3.65806075313         1.45034326469         3.65806075313         1.45034326469         1.47818843934         -0.247244113492       
1.21764547893         3.56376066884         1.39565357252         3.56376066884         1.39565357252         1.43937498526         -0.247752554508       
1.22730417672         3.47232692851         1.34311043459         3.47232692851         1.34311043459         1.40178635215         -0.247999156981       
1.23696287451         3.38408249759         1.29275238903         3.38408249759         1.29275238903         1.36555341428         -0.248051229454       
1.24662157231         3.29811384179         1.24415453368         3.29811384179         1.24415453368         1.33031029353         -0.247869081666       
1.2562802701          3.21509561199         1.19757217733         3.21509561199         1.19757217733         1.29631699457         -0.247508559141       
1.26593896789         3.13454256676         1.15272003567         3.13454256676         1.15272003567         1.26337457384         -0.247008554562       
1.27559766568         3.0565722919          1.10957359893         3.0565722919          1.10957359893         1.2315100649          -0.246392696758       
1.28525636347         2.98145500564         1.06830983375         2.98145500564         1.06830983375         1.2009324706          -0.24553154474        
1.29491506126         2.90822879032         1.0284241174          2.90822879032         1.0284241174          1.17111381327         -0.244608595732       
1.30457375905         2.83715806803         0.989967289591        2.83715806803         0.989967289591        1.1422146887          -0.243590669407       
1.31423245684         2.76840457941         0.952987615497        2.76840457941         0.952987615497        1.11429724026         -0.242490919893       
1.32389115463         2.70181436738         0.917349606975        2.70181436738         0.917349606975        1.08730529036         -0.241329602537       
1.33354985242         2.63713059513         0.883019516842        2.63713059513         0.883019516842        1.06110559562         -0.240079701348       
1.34320855022         2.57444627105         0.849923846557        2.57444627105         0.849923846557        1.0357562581          -0.238782750456       
1.35286724801         2.51346014097         0.817955096566        2.51346014097         0.817955096566        1.01112122295         -0.237425997575       
1.3625259458          2.45453070208         0.787194374902        2.45453070208         0.787194374902        0.987352844483        -0.236042154626       
1.37218464359         2.39721376666         0.757460452247        2.39721376666         0.757460452247        0.964261058565        -0.234628386576       
1.38184334138         2.34154787961         0.728751731646        2.34154787961         0.728751731646        0.941859738609        -0.233187114446       
1.39150203917         2.28743720226         0.701106967921        2.28743720226         0.701106967921        0.920093601165        -0.231689847953       
1.40116073696         2.23505808047         0.674313078195        2.23505808047         0.674313078195        0.89907138355         -0.23024325919        
1.41081943475         2.18404390684         0.648461566583        2.18404390684         0.648461566583        0.878603165786        -0.228758281943       
1.42047813254         2.13456380965         0.623474550986        2.13456380965         0.623474550986        0.858776077518        -0.227272493723       
1.43013683033         2.08646047468         0.599326351845        2.08646047468         0.599326351845        0.839515500204        -0.225787146919       
1.43979552812         2.03972105719         0.575989593101        2.03972105719         0.575989593101        0.820813792686        -0.224306250481       
1.44945422592         1.99422954945         0.55340566274         1.99422954945         0.55340566274         0.802624760472        -0.222825782635       
1.45911292371         1.9499978514          0.531569060078        1.9499978514          0.531569060078        0.784950397178        -0.221352312587       
1.4687716215          1.90699697305         0.510442581676        1.90699697305         0.510442581676        0.767779058763        -0.219894384144       
1.47843031929         1.86501778387         0.489774994584        1.86501778387         0.489774994584        0.750994671428        -0.218553168515       
1.48808901708         1.82433994136         0.470196853986        1.82433994136         0.470196853986        0.734793627079        -0.216998643534       
1.49774771487         1.78467701412         0.451054315772        1.78467701412         0.451054315772        0.718973767487        -0.215568831683       
1.50740641266         1.74587240192         0.432639170421        1.74587240192         0.432639170421        0.703485248522        -0.214076738057       
1.51706511045         1.70811175895         0.414831007177        1.70811175895         0.414831007177        0.68842475562         -0.21258821705        
1.52672380824         1.67143827497         0.397592693393        1.67143827497         0.397592693393        0.673808765984        -0.211129317918       
1.53638250603         1.63572064744         0.380890028167        1.63572064744         0.380890028167        0.659579795113        -0.209688838619       
1.54604120383         1.60098863247         0.364727437081        1.60098863247         0.364727437081        0.645745368371        -0.208275648109       
1.55569990162         1.56712504851         0.349054395569        1.56712504851         0.349054395569        0.632257889568        -0.206886533866       
1.56535859941         1.53410821028         0.333886576395        1.53410821028         0.333886576395        0.619104862554        -0.205507054704       
1.5750172972          1.50189170828         0.319206096016        1.50189170828         0.319206096016        0.606277370706        -0.2041216759         
1.58467599499         1.47044006378         0.305100610466        1.47044006378         0.305100610466        0.593728768433        -0.20269870174        
1.59433469278         1.4399256007          0.291230640841        1.4399256007          0.291230640841        0.58158717743         -0.201422405569       
1.60399339057         1.41021435211         0.277949110975        1.41021435211         0.277949110975        0.569740523641        -0.200102717712       
1.61365208836         1.38113107459         0.265064944034        1.38113107459         0.265064944034        0.558140788704        -0.198785395254       
1.62331078615         1.35283460893         0.252630405017        1.35283460893         0.252630405017        0.546851063867        -0.197480512519       
1.63296948394         1.32523633744         0.240623903381        1.32523633744         0.240623903381        0.535836531805        -0.196172144693       
1.64262818173         1.29838450675         0.228964016378        1.29838450675         0.228964016378        0.525107050372        -0.194901519017       
1.65228687953         1.27229072411         0.217657466407        1.27229072411         0.217657466407        0.514672924836        -0.193671685691       
1.66194557732         1.24688629311         0.206699128446        1.24688629311         0.206699128446        0.504506328832        -0.192473296699       
1.67160427511         1.22219954503         0.196112118011        1.22219954503         0.196112118011        0.494619621927        -0.191300724686       
1.6812629729          1.19826176894         0.185887018606        1.19826176894         0.185887018606        0.485024254024        -0.190166817632       
1.69092167069         1.17643025437         0.176212117065        1.17643025437         0.176212117065        0.476273801484        -0.189289421035       
1.70058036848         1.16388108072         0.168104492928        1.16388108072         0.168104492928        0.471268372486        -0.189854644201       
1.71023906627         1.15056435085         0.1600154101          1.15056435085         0.1600154101          0.465944733712        -0.190251620904       
1.71989776406         1.13676787155         0.152002901545        1.13676787155         0.152002901545        0.460416697534        -0.190527060354       
1.72955646185         1.12264727            0.144091385663        1.12264727            0.144091385663        0.454748327681        -0.190701996732       
1.73921515964         1.1082730067          0.136300190157        1.1082730067          0.136300190157        0.448968285928        -0.190783760736       
1.74887385744         1.09369218727         0.128642625037        1.09369218727         0.128642625037        0.443094931153        -0.190776840304       
1.75853255523         1.078941978           0.121126286962        1.078941978           0.121126286962        0.437144378184        -0.190684969167       
1.76819125302         1.06405650674         0.113760358921        1.06405650674         0.113760358921        0.43112990351         -0.190510247171       
1.77784995081         1.04906282402         0.106544456109        1.04906282402         0.106544456109        0.425064779097        -0.19025735817        
1.7875086486          1.03397408217         0.0994910055151       1.03397408217         0.0994910055151       0.418951984466        -0.189924008141       
1.79716734639         1.01880817825         0.092601837989        1.01880817825         0.092601837989        0.412800337102        -0.189513169932       
1.80682604418         1.00358182117         0.0858859217116       1.00358182117         0.0858859217116       0.406616747448        -0.189022738003       
1.81648474197         0.988319806643        0.0793362251056       0.988319806643        0.0793362251056       0.400412652024        -0.18846059319        
1.82614343976         0.973023610345        0.0729673527884       0.973023610345        0.0729673527884       0.39418715682         -0.187819540596       
1.83580213755         0.957727877585        0.0667772151879       0.957727877585        0.0667772151879       0.387957416473        -0.187104775241       
1.84546083534         0.942416786769        0.0607562180303       0.942416786769        0.0607562180303       0.381714841122        -0.186322728625       
1.85511953314         0.92710045314         0.0549231418392       0.92710045314         0.0549231418392       0.375463870847        -0.185462991147       
1.86477823093         0.912040374232        0.0491353428063       0.912040374232        0.0491353428063       0.369356960599        -0.184630289053       
1.87443692872         0.896628354858        0.0438234643973       0.896628354858        0.0438234643973       0.363025035883        -0.183527040955       
1.88409562651         0.881414524872        0.0385401846984       0.881414524872        0.0385401846984       0.356801786274        -0.182459287158       
1.8937543243          0.866285531951        0.0334265380091       0.866285531951        0.0334265380091       0.350618096003        -0.181335553407       
1.90341302209         0.85122863838         0.0285089998794       0.85122863838         0.0285089998794       0.344462122355        -0.180137821039       
1.91307171988         0.836231847518        0.0237630487711       0.836231847518        0.0237630487711       0.33832644691         -0.178882283735       
1.92273041767         0.821316279258        0.0191957776805       0.821316279258        0.0191957776805       0.332222691251        -0.177566491565       
1.93238911546         0.806493786584        0.0148126267601       0.806493786584        0.0148126267601       0.326157471537        -0.176188105785       
1.94204781325         0.791771785609        0.0105975275557       0.791771785609        0.0105975275557       0.320132625088        -0.174758343821       
1.95170651105         0.777170659524        0.00655952054936      0.777170659524        0.00655952054936      0.314159526689        -0.173271980944       
1.96136520884         0.762654029036        0.00269357543001      0.762654029036        0.00269357543001      0.308219537267        -0.171730666047       
1.97102390663         0.748270064633        -0.00100907010411     0.748270064633        -0.00100907010411     0.302336177458        -0.170143062257       
1.98068260442         0.73401764519         -0.00454457746415     0.73401764519         -0.00454457746415     0.296508673062        -0.168507209144       
1.99034130221         0.719898540843        -0.0079182025963      0.719898540843        -0.0079182025963      0.29073800735         -0.16682637164        
2                     0.705912235969        -0.0111375018449      0.705912235969        -0.0111375018449      0.28502341011         -0.165104944203       
2.001                 0.704476083606        -0.0114598302131      0.704476083606        -0.0114598302131      0.28443741105         -0.164923568283       
2.20423625233         0.44884098765         -0.0497380326099      0.44884098765         -0.0497380326099      0.180848718792        -0.123511078802       
2.40747250465         0.267674948558        -0.0554362783367      0.267674948558        -0.0554362783367      0.108498646342        -0.0846414882592      
2.61070875698         0.146960897694        -0.0469264415947      0.146960897694        -0.0469264415947      0.0598106404067       -0.0542906850204      
2.81394500931         0.0731777755968       -0.0319291296786      0.0731777755968       -0.0319291296786      0.0296984946881       -0.0313954949732      
3.01718126163         0.0335155241048       -0.0185419730185      0.0335155241048       -0.0185419730185      0.0136164525656       -0.0163733170644      
3.22041751396         0.0138752673758       -0.00965267070156     0.0138752673758       -0.00965267070156     0.00563213095638      -0.00785012031576     
3.42365376629         0.00510890460513      -0.0044029809605      0.00510890460513      -0.0044029809605      0.00205522499662      -0.00337421354575     
3.62689001861         0.00167599027278      -0.00178667513854     0.00167599027278      -0.00178667513854     0.000665725046417     -0.00130806341942     
3.83012627094         0.000475346479244     -0.000639948524637    0.000475346479244     -0.000639948524637    0.000183028428528     -0.000452286966769    
4.03336252327         0.000113285882357     -0.00020199697212     0.000113285882357     -0.00020199697212     4.07888567506e-05     -0.000138805109987    
4.23659877559         2.10008027202e-05     -5.52022351661e-05    2.10008027202e-05     -5.52022351661e-05    6.29047041921e-06     -3.70997771534e-05    
4.43983502792         2.32692007498e-06     -1.26478503839e-05    2.32692007498e-06     -1.26478503839e-05    1.47348187503e-07     -8.35602131375e-06    
4.64307128025         -1.36000134921e-07    -2.25110157479e-06    -1.36000134921e-07    -2.25110157479e-06    -2.8312604757e-07     -1.46893456123e-06    
4.84630753257         -1.13143018979e-07    -2.41799747893e-07    -1.13143018979e-07    -2.41799747893e-07    -9.11062462452e-08    -1.56592117821e-07    
5.0495437849          -5.23874134832e-09    -2.22295656217e-09    -5.23874134832e-09    -2.22295656217e-09    -3.76955796271e-09    -1.44004609307e-09    
5.0505437849          -5.06162800453e-09    -2.12201315608e-09    -5.06162800453e-09    -2.12201315608e-09    -3.64290910964e-09    -1.37430614062e-09    
5.0675437849          -2.57899632658e-09    -8.39293471402e-10    -2.57899632658e-09    -8.39293471402e-10    -1.86698381833e-09    -5.37019135348e-10    
5.0845437849          -9.82378029975e-10    -1.56380167008e-10    -9.82378029975e-10    -1.56380167008e-10    -7.22280225086e-10    -8.83749712793e-11    
5.1015437849          -1.20298215144e-10    1.6633799886e-10      -1.20298215144e-10    1.6633799886e-10      -1.02329223553e-10    1.26223760602e-10     
5.1185437849          3.92263246662e-11     4.31451537767e-10     3.92263246662e-11     4.31451537767e-10     1.59423481917e-10     1.10368754798e-10     
5.1355437849          3.43590502254e-11     9.10421801069e-10     3.43590502254e-11     9.10421801069e-10     1.3503199981e-10      4.90743497245e-10     
5.1525437849          2.6121222781e-11      1.3545509144e-09      2.6121222781e-11      1.3545509144e-09      1.14125467217e-10     8.47663720691e-10     
5.1695437849          1.76910424203e-11     1.71342542856e-09     1.76910424203e-11     1.71342542856e-09     9.61340870069e-11     1.1420894784e-09      
5.1705437849          1.72198390544e-11     1.73162103111e-09     1.72198390544e-11     1.73162103111e-09     9.51603899361e-11     1.15724035061e-09     
5.34921193207         -7.09304204811e-12    1.74772696421e-09     -7.09304204811e-12    1.74772696421e-09     1.50417999419e-11     1.34460820536e-09     
5.52788007924         -1.03853927811e-12    6.03267948683e-10     -1.03853927811e-12    6.03267948683e-10     2.72827433325e-12     4.89796511722e-10     
5.70654822641         1.1111712811e-13      1.45772470854e-10     1.1111712811e-13      1.45772470854e-10     5.21079885754e-13     1.23813961949e-10     
5.88521637358         4.79902786514e-14     2.71927652196e-11     4.79902786514e-14     2.71927652196e-11     8.28336124387e-14     2.41003147667e-11     
6.06388452075         3.29987436174e-15     3.82753365345e-12     3.29987436174e-15     3.82753365345e-12     8.77090386086e-15     3.53780654973e-12     
6.24255266792         -7.09772487796e-16    3.38693365572e-13     -7.09772487796e-16    3.38693365572e-13     3.66405553595e-16     3.26814026188e-13     
6.42122081509         -2.51686959987e-17    3.50785808417e-15     -2.51686959987e-17    3.50785808417e-15     -2.40247022213e-18    3.55232989099e-15     
6.59988896226         8.19619722449e-15     1.18156883193e-16     8.19619722449e-15     1.18156883193e-16     8.67092085243e-15     -1.79403664193e-16    
6.77855710943         4.64731620589e-15     1.10857822678e-16     4.64731620589e-15     1.10857822678e-16     5.09566073439e-15     -1.3080988133e-16     
6.9572252566          1.44959717867e-15     5.1501704284e-17      1.44959717867e-15     5.1501704284e-17      1.64661752102e-15     -4.9206553008e-17     
7.13589340377         3.48087488369e-16     1.72253996986e-17     3.48087488369e-16     1.72253996986e-17     4.09509724006e-16     -1.36721209551e-17    
7.31456155094         6.7199298549e-17      4.42070481738e-18     6.7199298549e-17      4.42070481738e-18     8.18681179153e-17     -2.96762970672e-18    
7.49322969811         3.41498400489e-18     2.88553810643e-19     3.41498400489e-18     2.88553810643e-19     4.30832966237e-18     -1.66003267402e-19    
7.67189784528         4.35640280649e-18     4.60491570802e-19     4.35640280649e-18     4.60491570802e-19     5.69192286152e-18     -2.29294986319e-19    
7.85056599245         5.35621749063e-18     6.93679250554e-19     5.35621749063e-18     6.93679250554e-19     7.24902547196e-18     -3.01233882468e-19    
8.02923413962         6.40040006712e-18     9.98632892464e-19     6.40040006712e-18     9.98632892464e-19     8.97500447566e-18     -3.80397227125e-19    
8.20790228679         7.4758437515e-18      1.38595940358e-18     7.4758437515e-18      1.38595940358e-18     1.08652571584e-17     -4.65174377825e-19    
8.38657043396         8.57030756646e-18     1.86626528005e-18     8.57030756646e-18     1.86626528005e-18     1.29152905805e-17     -5.53665289424e-19    
8.56523858113         9.67236733394e-18     2.45008341631e-18     9.67236733394e-18     2.45008341631e-18     1.51207704894e-17     -6.43857503989e-19    
8.7439067283          1.07713684287e-17     3.14781507187e-18     1.07713684287e-17     3.14781507187e-18     1.747750955e-17       -7.33625856032e-19    
8.92257487547         1.18573791814e-17     3.96968446375e-18     1.18573791814e-17     3.96968446375e-18     1.99814863759e-17     -8.20764014165e-19    
9.10124302264         1.29211450215e-17     4.92570382292e-18     1.29211450215e-17     4.92570382292e-18     2.26288545666e-17     -9.03010893924e-19    
9.27991116981         1.39540437799e-17     6.02564708496e-18     1.39540437799e-17     6.02564708496e-18     2.54159469686e-17     -9.78072667876e-19    
9.45857931698         1.49480425843e-17     7.27903067618e-18     1.49480425843e-17     7.27903067618e-18     2.83392765405e-17     -1.04364101402e-18    
9.63724746415         1.58956566844e-17     8.69510010676e-18     1.58956566844e-17     8.69510010676e-18     3.13955349884e-17     -1.09740816182e-18    
9.81591561132         1.67899104355e-17     1.02828212958e-17     1.67899104355e-17     1.02828212958e-17     3.45815909001e-17     -1.13707921998e-18    
9.99458375849         1.7624300564e-17      1.20508757332e-17     1.7624300564e-17      1.20508757332e-17     3.78944973252e-17     -1.16038220223e-18    
10.1732519057         1.83927617601e-17     1.40076587361e-17     1.83927617601e-17     1.40076587361e-17     4.13314457325e-17     -1.1651804937e-18     
10.3519200528         1.90896345819e-17     1.6161280182e-17      1.90896345819e-17     1.6161280182e-17      4.48896841995e-17     -1.14920411055e-18    
10.5305882            1.97096356091e-17     1.85195672109e-17     1.97096356091e-17     1.85195672109e-17     4.8566736978e-17      -1.11027811843e-18    
10.7092563472         2.02478297601e-17     2.10900684739e-17     2.02478297601e-17     2.10900684739e-17     5.23602392337e-17     -1.04628884191e-18    
10.8879244943         2.06996046616e-17     2.38800595807e-17     2.06996046616e-17     2.38800595807e-17     5.62679556426e-17     -9.55171841768e-19    
11.0665926415         2.10606469548e-17     2.68965494615e-17     2.10606469548e-17     2.68965494615e-17     6.02877753993e-17     -8.3491403445e-19     
11.2452607887         2.13269204139e-17     3.01462874075e-17     2.13269204139e-17     3.01462874075e-17     6.44177058075e-17     -6.83555134076e-19    
11.4239289358         2.14946457546e-17     3.36357705973e-17     2.14946457546e-17     3.36357705973e-17     6.8655865749e-17      -4.99188531384e-19    
11.602597083          2.15602820098e-17     3.73712519544e-17     2.15602820098e-17     3.73712519544e-17     7.30004793092e-17     -2.79961706592e-19    
11.7812652302         2.15205093579e-17     4.13587482057e-17     2.15205093579e-17     4.13587482057e-17     7.74498696517e-17     -2.40762581729e-20    
11.9599333774         2.13722132914e-17     4.56040480396e-17     2.13722132914e-17     4.56040480396e-17     8.20024531768e-17     2.70212383072e-19     
12.1386015245         2.11124700206e-17     5.01127202799e-17     2.11124700206e-17     5.01127202799e-17     8.66567339787e-17     6.04595496041e-19     
12.3172696717         2.07385330161e-17     5.48901220086e-17     2.07385330161e-17     5.48901220086e-17     9.14112986045e-17     9.8071181795e-19      
12.4959378189         2.02478205965e-17     5.99414065872e-17     2.02478205965e-17     5.99414065872e-17     9.62648111112e-17     1.40014845781e-18     
12.674605966          1.96379044778e-17     6.52715315324e-17     1.96379044778e-17     6.52715315324e-17     1.01216008414e-16     1.86444193964e-18     
12.8532741132         1.89064992068e-17     7.08852662174e-17     1.89064992068e-17     7.08852662174e-17     1.06263695916e-16     2.37507934576e-18     
13.0319422604         1.80514524041e-17     7.67871993731e-17     1.80514524041e-17     7.67871993731e-17     1.1140674341e-16      2.93349953547e-18     
13.2106104075         1.7070735753e-17      8.29817463725e-17     1.7070735753e-17      8.29817463725e-17     1.16644081242e-16     3.54109441824e-18     
13.3892785547         1.59624366713e-17     8.94731562869e-17     1.59624366713e-17     8.94731562869e-17     1.21974696728e-16     4.19921026409e-18     
13.5679467019         1.47247506111e-17     9.62655187033e-17     1.47247506111e-17     9.62655187033e-17     1.27397630818e-16     4.90914903665e-18     
13.7466148491         1.3355973935e-17      1.03362770302e-16     1.3355973935e-17      1.03362770302e-16     1.32911975024e-16     5.672169737e-18       
13.9252829962         1.18544973218e-17     1.10768701192e-16     1.18544973218e-17     1.10768701192e-16     1.38516868623e-16     6.48948974825e-18     
14.1039511434         1.02187996592e-17     1.18486960999e-16     1.02187996592e-17     1.18486960999e-16     1.44211496269e-16     7.36228617292e-18     
14.2826192906         8.44744238366e-18     1.26521064719e-16     8.44744238366e-18     1.26521064719e-16     1.49995086405e-16     8.29169715626e-18     
14.4612874377         6.5390642312e-18      1.34874398336e-16     6.5390642312e-18      1.34874398336e-16     1.55866912794e-16     9.27882319042e-18     
14.6399555849         4.49237636764e-18     1.43550224199e-16     4.49237636764e-18     1.43550224199e-16     1.61826315947e-16     1.03246876173e-17     
14.8186237321         2.30615786662e-18     1.52551686188e-16     2.30615786662e-18     1.52551686188e-16     1.67872522281e-16     1.14302865208e-17     
14.9972918792         -2.07484912394e-20    1.6188181465e-16      -2.07484912394e-20    1.6188181465e-16      1.74004919104e-16     1.25966808997e-17     
15.1759600264         -2.4894401234e-18     1.71543531123e-16     -2.4894401234e-18     1.71543531123e-16     1.8022291742e-16      1.38248330925e-17     
15.3546281736         -5.10095827787e-18    1.81539652865e-16     -5.10095827787e-18    1.81539652865e-16     1.86525949775e-16     1.51156739007e-17     
15.5332963208         -7.85629141415e-18    1.91872897172e-16     -7.85629141415e-18    1.91872897172e-16     1.92913474464e-16     1.64701037139e-17     
15.7119644679         -1.07563783519e-17    2.02545885514e-16     -1.07563783519e-17    2.02545885514e-16     1.99384975152e-16     1.78889936014e-17     
15.8906326151         -1.3802111205e-17     2.13561147487e-16     -1.3802111205e-17     2.13561147487e-16     2.05939959809e-16     1.93731863678e-17     
16.0693007623         -1.69943381182e-17    2.24921124588e-16     -1.69943381182e-17    2.24921124588e-16     2.12577959527e-16     2.09234975747e-17     
16.2479689094         -2.03338658191e-17    2.36628173822e-16     -2.03338658191e-17    2.36628173822e-16     2.19298527329e-16     2.25407165276e-17     
16.4266370566         -2.3821462002e-17     2.48684571148e-16     -2.3821462002e-17     2.48684571148e-16     2.2610123701e-16      2.42256072287e-17     
16.6053052038         -2.74578575541e-17    2.61092514773e-16     -2.74578575541e-17    2.61092514773e-16     2.32985682048e-16     2.59789092961e-17     
16.7839733509         -3.12437486358e-17    2.73854128293e-16     -3.12437486358e-17    2.73854128293e-16     2.39951474556e-16     2.78013388495e-17     
16.9626414981         -3.51797986275e-17    2.86971463704e-16     -3.51797986275e-17    2.86971463704e-16     2.46998244306e-16     2.96935893642e-17     
17.1413096453         -3.926663995e-17      3.00446504264e-16     -3.926663995e-17      3.00446504264e-16     2.541256378e-16       3.16563324937e-17     
17.3199777925         -4.35048757696e-17    3.14281167241e-16     -4.35048757696e-17    3.14281167241e-16     2.61333317393e-16     3.36902188604e-17     
17.4986459396         -4.78950815957e-17    3.28477306528e-16     -4.78950815957e-17    3.28477306528e-16     2.68620960479e-16     3.57958788183e-17     
17.6773140868         -5.24378067774e-17    3.43036715149e-16     -5.24378067774e-17    3.43036715149e-16     2.75988258707e-16     3.79739231852e-17     
17.855982234          -5.7133575908e-17     3.57961127647e-16     -5.7133575908e-17     3.57961127647e-16     2.83434917254e-16     4.0224943948e-17      
18.0346503811         -6.19828901423e-17    3.73252222374e-16     -6.19828901423e-17    3.73252222374e-16     2.9096065414e-16      4.25495149403e-17     
18.2133185283         -6.69862284338e-17    3.8891162367e-16      -6.69862284338e-17    3.8891162367e-16      2.98565199572e-16     4.49481924944e-17     
18.3919866755         -7.21440486963e-17    4.04940903955e-16     -7.21440486963e-17    4.04940903955e-16     3.0624829534e-16      4.74215160675e-17     
18.5706548226         -7.7456788896e-17     4.21341585726e-16     -7.7456788896e-17     4.21341585726e-16     3.14009694233e-16     4.99700088438e-17     
18.7493229698         -8.29248680787e-17    4.38115143461e-16     -8.29248680787e-17    4.38115143461e-16     3.21849159497e-16     5.25941783139e-17     
18.927991117          -8.85486873351e-17    4.5526300545e-16      -8.85486873351e-17    4.5526300545e-16      3.29766464323e-16     5.52945168303e-17     
19.1066592642         -9.43286307109e-17    4.72786555536e-16     -9.43286307109e-17    4.72786555536e-16     3.37761391359e-16     5.80715021428e-17     
19.2853274113         -1.00265066063e-16    4.90687134792e-16     -1.00265066063e-16    4.90687134792e-16     3.45833732252e-16     6.09255979113e-17     
19.4639955585         -1.06358345864e-16    5.08966043115e-16     -1.06358345864e-16    5.08966043115e-16     3.53983287216e-16     6.38572542005e-17     
19.6426637057         -1.12608807967e-16    5.27624540757e-16     -1.12608807967e-16    5.27624540757e-16     3.62209864619e-16     6.68669079537e-17     
19.8213318528         -1.19016776321e-16    5.46663849788e-16     -1.19016776321e-16    5.46663849788e-16     3.705132806e-16       6.99549834492e-17     
20                    0                     0                     0                     0                     0                     0                     
