0.0779191396          0                     0                     0                     0                     0                     0                     
0.0873648795261       0.582078872485        0.149793916117        0.582078872485        0.149793916117        0.160388879346        0.0731438590964       
0.0968106194523       2.93222344692         0.444317278491        2.93222344692         0.444317278491        0.854224643241        0.227251269023        
0.106256359378        6.3862742174          0.226381768569        6.3862742174          0.226381768569        1.93061908825         0.149078699203        
0.115702099305        9.74142374778         -0.781351538066       9.74142374778         -0.781351538066       2.97504824319         -0.309323175335       
0.125147839231        12.2622002807         -2.18484470497        12.2622002807         -2.18484470497        3.70518865409         -0.969788092671       
0.134593579157        13.8993754413         -3.57428477136        13.8993754413         -3.57428477136        4.11482691919         -1.63409953804        
0.144039319083        14.8252107661         -4.77139654549        14.8252107661         -4.77139654549        4.2832231191          -2.21230576553        
0.153485059009        15.226550469          -5.72958485159        15.226550469          -5.72958485159        4.28771053177         -2.67890481364        
0.162930798935        15.2574376577         -6.45788853423        15.2574376577         -6.45788853423        4.18706225984         -3.03629419132        
0.172376538861        15.0350083919         -6.9852207348         15.0350083919         -6.9852207348         4.02318899221         -3.2972061693         
0.181822278787        14.6435429979         -7.34636664556        14.6435429979         -7.34636664556        3.82372021244         -3.47769787587        
0.191268018714        14.1390729362         -7.5709040522         14.1390729362         -7.5709040522         3.60526379462         -3.59201710048        
0.20071375864         13.5708918274         -7.68655049627        13.5708918274         -7.68655049627        3.3819756941          -3.65319596646        
0.210159498566        12.9692173434         -7.71729342496        12.9692173434         -7.71729342496        3.16150472443         -3.67268839542        
0.219605238492        12.3558297822         -7.68259398418        12.3558297822         -7.68259398418        2.94895356485         -3.65992410364        
0.229050978418        11.7453920747         -7.59897122904        11.7453920747         -7.59897122904        2.74706541752         -3.62294497108        
0.238496718344        11.1473345357         -7.47939044897        11.1473345357         -7.47939044897        2.55705114602         -3.56807979635        
0.24794245827         10.5668183774         -7.3331300781         10.5668183774         -7.3331300781         2.37891409301         -3.49990147108        
0.257388198196        10.0082490665         -7.16762857021        10.0082490665         -7.16762857021        2.21275175218         -3.42208359061        
0.266833938123        9.47367561057         -6.98851841046        9.47367561057         -6.98851841046        2.05807301238         -3.3374013295         
0.276279678049        8.96432886006         -6.79990409735        8.96432886006         -6.79990409735        1.91441319994         -3.24788403722        
0.285725417975        8.4809190805          -6.60555855289        8.4809190805          -6.60555855289        1.78128147686         -3.15539243514        
0.295171157901        8.02354582815         -6.40808030604        8.02354582815         -6.40808030604        1.65816648746         -3.06121195214        
0.304616897827        7.59221111645         -6.21018423554        7.59221111645         -6.21018423554        1.54463523899         -2.96668896992        
0.314062637753        7.1849748899          -6.01323603232        7.1849748899          -6.01323603232        1.43957243186         -2.87250639184        
0.323508377679        6.80149895617         -5.81858704702        6.80149895617         -5.81858704702        1.34247503997         -2.77928785629        
0.332954117606        6.44146286318         -5.62866555141        6.44146286318         -5.62866555141        1.25328396021         -2.68828132928        
0.342399857532        6.10135812225         -5.44268172044        6.10135812225         -5.44268172044        1.17033449727         -2.59909581647        
0.351845597458        5.78102692103         -5.26108682825        5.78102692103         -5.26108682825        1.0935164529          -2.51206387203        
0.361291337384        5.47933401632         -5.0847238088         5.47933401632         -5.0847238088         1.02228202058         -2.4274793337         
0.37073707731         5.19662143942         -4.91420397636        5.19662143942         -4.91420397636        0.956730055563        -2.34564738558        
0.380182817236        4.92990462088         -4.74942101781        4.92990462088         -4.74942101781        0.895786991381        -2.26656331253        
0.389628557162        4.67798171363         -4.58983232513        4.67798171363         -4.58983232513        0.838903371801        -2.18997284818        
0.399074297088        4.44067833322         -4.43602755352        4.44067833322         -4.43602755352        0.786055425619        -2.11615489399        
0.408520037015        4.2170053287          -4.28742044559        4.2170053287          -4.28742044559        0.736920177672        -2.0448471864         
0.417965776941        4.0058930442          -4.14436183457        4.0058930442          -4.14436183457        0.691094166781        -1.97620215038        
0.427411516867        3.80646036057         -4.00647435777        3.80646036057         -4.00647435777        0.648292878327        -1.91005614906        
0.436857256793        3.6180293169          -3.87351451314        3.6180293169          -3.87351451314        0.608283518052        -1.84629144743        
0.446302996719        3.43984248497         -3.74541086999        3.43984248497         -3.74541086999        0.570831257735        -1.78486380531        
0.455748736645        3.27119028526         -3.62192579174        3.27119028526         -3.62192579174        0.535743707765        -1.72566456073        
0.465194476571        3.11201002757         -3.50277835993        3.11201002757         -3.50277835993        0.502979923491        -1.66854441128        
0.474640216497        2.96122559594         -3.38796058461        2.96122559594         -3.38796058461        0.472264556829        -1.61351344456        
0.484085956424        2.8185525472          -3.27723130172        2.8185525472          -3.27723130172        0.443513708004        -1.56045117065        
0.49353169635         2.68372389104         -3.17041979963        2.68372389104         -3.17041979963        0.416681090307        -1.509285997          
0.502977436276        2.55598045783         -3.06779869599        2.55598045783         -3.06779869599        0.39153007214         -1.46014054826        
0.512423176202        2.43507803081         -2.96893875581        2.43507803081         -2.96893875581        0.367978396338        -1.41280444403        
0.521868916128        2.32041069538         -2.87381286285        2.32041069538         -2.87381286285        0.345853777886        -1.36725530189        
0.531314656054        2.21105614672         -2.78191624205        2.21105614672         -2.78191624205        0.324874325985        -1.32330009843        
0.54076039598         2.10763076726         -2.69337608305        2.10763076726         -2.69337608305        0.305268172418        -1.28095890036        
0.550206135907        2.00953884775         -2.60805727474        2.00953884775         -2.60805727474        0.286869626595        -1.2401580738         
0.559651875833        1.91612739703         -2.52561475268        1.91612739703         -2.52561475268        0.269471209209        -1.20076021407        
0.569097615759        1.82791842581         -2.44658969903        1.82791842581         -2.44658969903        0.253327149642        -1.16296989291        
0.578543355685        1.74389493972         -2.37038163159        1.74389493972         -2.37038163159        0.238026072251        -1.12655324083        
0.587989095611        1.66400441498         -2.2969356204         1.66400441498         -2.2969356204         0.22362114158         -1.09147290375        
0.597434835537        1.58781392541         -2.22612813612        1.58781392541         -2.22612813612        0.209964575442        -1.05765721104        
0.606880575463        1.51524809147         -2.15781899744        1.51524809147         -2.15781899744        0.197060758689        -1.02504795946        
0.616326315389        1.44625148537         -2.09188851239        1.44625148537         -2.09188851239        0.184920021629        -0.993584026957       
0.625772055316        1.38016877499         -2.02828694436        1.38016877499         -2.02828694436        0.173298830704        -0.963246590795       
0.635217795242        1.31724231172         -1.96688394098        1.31724231172         -1.96688394098        0.162330127256        -0.93396416675        
0.644663535168        1.25714145835         -1.90750059559        1.25714145835         -1.90750059559        0.151916004092        -0.905653682237       
0.654109275094        1.19933507868         -1.8493748677         1.19933507868         -1.8493748677         0.141999930935        -0.87795626163        
0.66355501502         1.14507348638         -1.79472451767        1.14507348638         -1.79472451767        0.132689891443        -0.851919669598       
0.673000754946        1.09276444353         -1.74106934739        1.09276444353         -1.74106934739        0.123793532982        -0.826365427541       
0.682446494872        1.04277040844         -1.6891936324         1.04277040844         -1.6891936324         0.115343364987        -0.801660011611       
0.691892234798        0.994780742755        -1.63885462231        0.994780742755        -1.63885462231        0.107250487909        -0.777707944263       
0.701337974725        0.948982792023        -1.58998757575        0.948982792023        -1.58998757575        0.0995833444604       -0.754471818331       
0.710783714651        0.905320726165        -1.54273642686        0.905320726165        -1.54273642686        0.0923529208682       -0.732005322987       
0.720229454577        0.863611087516        -1.4969028742         0.863611087516        -1.4969028742         0.0855034561789       -0.710214267526       
0.729675194503        0.823750757485        -1.45251586511        0.823750757485        -1.45251586511        0.0790161542372       -0.689115587005       
0.739120934429        0.785722564092        -1.40949137722        0.785722564092        -1.40949137722        0.0728941283057       -0.668664877701       
0.748566674355        0.749416519808        -1.36787538525        0.749416519808        -1.36787538525        0.0671096689104       -0.648887653707       
0.758012414281        0.714581753914        -1.3274276506         0.714581753914        -1.3274276506         0.0616034374099       -0.629669964252       
0.767458154208        0.681332542912        -1.28831373423        0.681332542912        -1.28831373423        0.056400896451        -0.61108906327        
0.776903894134        0.649510944547        -1.25038465876        0.649510944547        -1.25038465876        0.0514721538659       -0.593077024773       
0.78634963406         0.619052318338        -1.21364515186        0.619052318338        -1.21364515186        0.0467909516762       -0.575633141682       
0.795795373986        0.589919622021        -1.17804862247        0.589919622021        -1.17804862247        0.0423634769758       -0.558735773528       
0.805241113912        0.561987684736        -1.14349377854        0.561987684736        -1.14349377854        0.0381520352516       -0.542335877004       
0.814686853838        0.535196121368        -1.11000151459        0.535196121368        -1.11000151459        0.0341371310367       -0.526445563851       
0.824132593764        0.509505753736        -1.07753972225        0.509505753736        -1.07753972225        0.0303113799227       -0.511044928607       
0.83357833369         0.484729801615        -1.04588682248        0.484729801615        -1.04588682248        0.0266229007499       -0.496047052346       
0.843024073617        0.461045508326        -1.01518330742        0.461045508326        -1.01518330742        0.0231326489415       -0.481497064346       
0.852469813543        0.438335685127        -0.985299474369       0.438335685127        -0.985299474369       0.0198217593654       -0.467335766943       
0.861915553469        0.41658185952         -0.956268685203       0.41658185952         -0.956268685203       0.0166779304861       -0.453581133848       
0.871361293395        0.395717068796        -0.92803130504        0.395717068796        -0.92803130504        0.0136919795581       -0.440204817901       
0.880807033321        0.375711049684        -0.90057546817        0.375711049684        -0.90057546817        0.0108592733442       -0.427201042243       
0.890252773247        0.356504914679        -0.873806396455       0.356504914679        -0.873806396455       0.00816863097997      -0.414525623158       
0.899698513173        0.338137218168        -0.847827835653       0.338137218168        -0.847827835653       0.00562850186874      -0.402227835909       
0.909144253099        0.320497357378        -0.822488193168       0.320497357378        -0.822488193168       0.0032169940847       -0.39023388595        
0.918589993026        0.303583541623        -0.797811636725       0.303583541623        -0.797811636725       0.000936329543123     -0.378553876189       
0.928035732952        0.287353716411        -0.77377646691        0.287353716411        -0.77377646691        -0.00122505890567     -0.367177433116       
0.937481472878        0.271794024903        -0.750354836021       0.271794024903        -0.750354836021       -0.00326066307797     -0.356093041914       
0.946927212804        0.256783853128        -0.727648608527       0.256783853128        -0.727648608527       -0.00522065339117     -0.345343305914       
0.95637295273         0.242424154062        -0.70506623983        0.242424154062        -0.70506623983        -0.00703617595382     -0.334674332214       
0.965818692656        0.22863726142         -0.683166540285       0.22863726142         -0.683166540285       -0.00874849301097     -0.32431551866        
0.975264432582        0.215362933885        -0.661580230914       0.215362933885        -0.661580230914       -0.0103488313947      -0.314105544337       
0.984710172509        0.202286344755        -0.639364429702       0.202286344755        -0.639364429702       -0.0118226098701      -0.303596160271       
0.994155912435        0.189496174705        -0.616807248016       0.189496174705        -0.616807248016       -0.0131771229669      -0.292923986491       
1.00360165236         0.177356909283        -0.595143565481       0.177356909283        -0.595143565481       -0.0144447015877      -0.282674983243       
1.01304739229         0.165862788488        -0.574299274358       0.165862788488        -0.574299274358       -0.0156121011809      -0.27281504278        
1.02249313221         0.154933707726        -0.554225667712       0.154933707726        -0.554225667712       -0.0167045883011      -0.263320123881       
1.03193887214         0.144543312075        -0.534864865853       0.144543312075        -0.534864865853       -0.0177211650161      -0.254162296241       
1.04138461207         0.134637594161        -0.516188046296       0.134637594161        -0.516188046296       -0.0186797027542      -0.245331389257       
1.05083035199         0.125212052111        -0.498091445101       0.125212052111        -0.498091445101       -0.0195659706657      -0.236776249884       
1.06027609192         0.116286290668        -0.480613106716       0.116286290668        -0.480613106716       -0.0203726922274      -0.228513053482       
1.06972183184         0.10780708102         -0.463732411795       0.10780708102         -0.463732411795       -0.0211171144093      -0.220532780119       
1.07916757177         0.0997546602187       -0.447408842648       0.0997546602187       -0.447408842648       -0.0217989586709      -0.212814302706       
1.0886133117          0.0921025094012       -0.43158345255        0.0921025094012       -0.43158345255        -0.0224172338895      -0.205331072549       
1.09805905162         0.0848584926049       -0.416368402775       0.0848584926049       -0.416368402775       -0.0229831233547      -0.198136921062       
1.10750479155         0.0779789549209       -0.401619618114       0.0779789549209       -0.401619618114       -0.0234919761746      -0.191162999692       
1.11695053147         0.0714429916589       -0.387346913924       0.0714429916589       -0.387346913924       -0.0239522861131      -0.18441425347        
1.1263962714          0.0652217217926       -0.373532571583       0.0652217217926       -0.373532571583       -0.0243734001005      -0.177883878951       
1.13584201133         0.0593422572817       -0.36017846642        0.0593422572817       -0.36017846642        -0.0247426147221      -0.171569709309       
1.14528775125         0.0537720174002       -0.347240968785       0.0537720174002       -0.347240968785       -0.0250644635794      -0.16545204488        
1.15473349118         0.0485020733143       -0.334744760461       0.0485020733143       -0.334744760461       -0.0253439784133      -0.159542885518       
1.16417923111         0.0434963418395       -0.322638742137       0.0434963418395       -0.322638742137       -0.0255902426071      -0.153817269879       
1.17362497103         0.0387676439541       -0.310932607639       0.0387676439541       -0.310932607639       -0.0257954004476      -0.148280504788       
1.18307071096         0.0342780185232       -0.299611105048       0.0342780185232       -0.299611105048       -0.0259727172489      -0.142926131068       
1.19251645088         0.0300366620762       -0.288622201881       0.0300366620762       -0.288622201881       -0.0261111941192      -0.137729726359       
1.20196219081         0.0260295061104       -0.278012600283       0.0260295061104       -0.278012600283       -0.0262223776102      -0.132711348616       
1.21140793074         0.0222444065544       -0.267731142811       0.0222444065544       -0.267731142811       -0.02630231003        -0.127847316285       
1.22085367066         0.0186648064528       -0.257776833095       0.0186648064528       -0.257776833095       -0.0263567158027      -0.123137144799       
1.23029941059         0.0153097355507       -0.248145378961       0.0153097355507       -0.248145378961       -0.0263742945105      -0.118579545475       
1.23974515051         0.0121324592342       -0.238827095472       0.0121324592342       -0.238827095472       -0.0263739282227      -0.114169516298       
1.24919089044         0.00913743021775      -0.229782176255       0.00913743021775      -0.229782176255       -0.0263484754024      -0.109888777178       
1.25863663037         0.00633241351678      -0.221033177537       0.00633241351678      -0.221033177537       -0.02629590308        -0.105747253942       
1.26808237029         0.0036956271189       -0.212564554391       0.0036956271189       -0.212564554391       -0.0262217796698      -0.101737341824       
1.27752811022         0.00122320098161      -0.204362903571       0.00122320098161      -0.204362903571       -0.0261254149159      -0.0978530152161      
1.28697385014         -0.00110050566678     -0.196427284025       -0.00110050566678     -0.196427284025       -0.0260123145665      -0.0940942871763      
1.29641959007         -0.00326898028827     -0.188737323906       -0.00326898028827     -0.188737323906       -0.0258766165295      -0.0904518918137      
1.30586533            -0.00529323696242     -0.181294280562       -0.00529323696242     -0.181294280562       -0.0257231746164      -0.0869248901812      
1.31531106992         -0.00718865815361     -0.17407887661        -0.00718865815361     -0.17407887661        -0.0255541462018      -0.0835051352526      
1.32475680985         -0.0089492659733      -0.167097409137       -0.0089492659733      -0.167097409137       -0.0253672928932      -0.0801953874853      
1.33420254978         -0.0105880159784      -0.160331825195       -0.0105880159784      -0.160331825195       -0.0251656170704      -0.0769872549406      
1.3436482897          -0.0121086838196      -0.153791597843       -0.0121086838196      -0.153791597843       -0.0249513994186      -0.0738850849315      
1.35309402963         -0.0135056590771      -0.147447092441       -0.0135056590771      -0.147447092441       -0.0247169274566      -0.0708747913077      
1.36253976955         -0.014799497248       -0.141306428929       -0.014799497248       -0.141306428929       -0.0244720141776      -0.0679604400774      
1.37198550948         -0.0159856635703      -0.135355797323       -0.0159856635703      -0.135355797323       -0.024212852487       -0.0651353766083      
1.38143124941         -0.0170702736383      -0.129603360731       -0.0170702736383      -0.129603360731       -0.0239414381019      -0.0624037033321      
1.39087698933         -0.0180599753011      -0.124025869703       -0.0180599753011      -0.124025869703       -0.0236578519402      -0.0597539906256      
1.40032272926         -0.0189561308088      -0.118635262902       -0.0189561308088      -0.118635262902       -0.0233638261887      -0.057191950166       
1.40976846918         -0.0197642040532      -0.113410043478       -0.0197642040532      -0.113410043478       -0.0230580255338      -0.0547076443617      
1.41921420911         -0.0204885388332      -0.108352670721       -0.0204885388332      -0.108352670721       -0.0227425358192      -0.0523021666562      
1.42865994904         -0.0211305335713      -0.103461161999       -0.0211305335713      -0.103461161999       -0.0224169883481      -0.0499745534974      
1.43810568896         -0.021695246553       -0.0987256163375      -0.021695246553       -0.0987256163375      -0.0220819454358      -0.0477200569718      
1.44755142889         -0.0221850190298      -0.0941413074847      -0.0221850190298      -0.0941413074847      -0.0217375199399      -0.0455367373265      
1.45699716882         -0.0226035104658      -0.0897064162283      -0.0226035104658      -0.0897064162283      -0.0213847997195      -0.0434236475878      
1.46644290874         -0.022955140701       -0.0854200841232      -0.022955140701       -0.0854200841232      -0.0210249504429      -0.0413801089492      
1.47588864867         -0.0232400530437      -0.0812687011235      -0.0232400530437      -0.0812687011235      -0.0206559347206      -0.0393997962638      
1.48533438859         -0.0234641222974      -0.0772598501008      -0.0234641222974      -0.0772598501008      -0.020281102396       -0.0374865209106      
1.49478012852         -0.0236262761451      -0.0733780367197      -0.0236262761451      -0.0733780367197      -0.0198975827283      -0.035632717205       
1.50422586845         -0.0237292977557      -0.0696293827645      -0.0237292977557      -0.0696293827645      -0.0195068058906      -0.0338415610348      
1.51367160837         -0.0237805299713      -0.0660004196994      -0.0237805299713      -0.0660004196994      -0.0191107011276      -0.0321065521117      
1.5231173483          -0.0237788422675      -0.062500726551       -0.0237788422675      -0.062500726551       -0.0187091703396      -0.0304321691388      
1.53256308822         -0.0237258813197      -0.0591171885247      -0.0237258813197      -0.0591171885247      -0.0183009075158      -0.0288122207091      
1.54200882815         -0.0236235853242      -0.0558495724216      -0.0236235853242      -0.0558495724216      -0.0178865133202      -0.027246653586       
1.55145456808         -0.0234751055162      -0.052694629525       -0.0234751055162      -0.052694629525       -0.0174667329973      -0.0257339957654      
1.560900308           -0.0232802358457      -0.0496500899374      -0.0232802358457      -0.0496500899374      -0.0170408967018      -0.0242731941658      
1.57034604793         -0.0230425961247      -0.0467128723226      -0.0230425961247      -0.0467128723226      -0.0166099599641      -0.0228626857126      
1.57979178785         -0.0227641947433      -0.0438820942778      -0.0227641947433      -0.0438820942778      -0.016174397944       -0.0215021375457      
1.58923752778         -0.0224450822868      -0.0411526809621      -0.0224450822868      -0.0411526809621      -0.0157333209209      -0.0201891059188      
1.59868326771         -0.022088997719       -0.038526513598       -0.022088997719       -0.038526513598       -0.0152884510559      -0.018924646867       
1.60812900763         -0.02169397661        -0.0359968701907      -0.02169397661        -0.0359968701907      -0.0148375187345      -0.0177054485943      
1.61757474756         -0.0212649092059      -0.0335644801464      -0.0212649092059      -0.0335644801464      -0.014382847051       -0.0165318964687      
1.62702048749         -0.0208011697109      -0.0312269111047      -0.0208011697109      -0.0312269111047      -0.0139234348686      -0.0154029066662      
1.63646622741         -0.0203068388299      -0.0289856610945      -0.0203068388299      -0.0289856610945      -0.0134610808942      -0.0143192213956      
1.64591196734         -0.0197778040641      -0.0268326698277      -0.0197778040641      -0.0268326698277      -0.0129923069516      -0.0132769386431      
1.65535770726         -0.0192213847738      -0.0247726045762      -0.0192213847738      -0.0247726045762      -0.012521320907       -0.0122783257565      
1.66480344719         -0.0186360948408      -0.0228023471443      -0.0186360948408      -0.0228023471443      -0.0120463990939      -0.0113220257078      
1.67424918712         -0.0180242505477      -0.0209221175221      -0.0180242505477      -0.0209221175221      -0.0115682182476      -0.0104080659577      
1.68369492704         -0.0173922566723      -0.0191366100727      -0.0173922566723      -0.0191366100727      -0.0110903486788      -0.00953896983308     
1.69314066697         -0.016788553452       -0.017492350566       -0.016788553452       -0.017492350566       -0.0106426579749      -0.0087379425949      
1.70258640689         -0.0162385315037      -0.0160043569785      -0.0162385315037      -0.0160043569785      -0.0102400576434      -0.00801279536303     
1.71203214682         -0.0156433628361      -0.0145664676768      -0.0156433628361      -0.0145664676768      -0.00981918464591     -0.00731052815327     
1.72147788675         -0.0150088906155      -0.0131866188252      -0.0150088906155      -0.0131866188252      -0.00938333420533     -0.00663509264973     
1.73092362667         -0.0143390856022      -0.0118701111578      -0.0143390856022      -0.0118701111578      -0.0089345458621      -0.00598914689073     
1.7403693666          -0.0136379410123      -0.0106216832178      -0.0136379410123      -0.0106216832178      -0.00847474448345     -0.00537504465903     
1.74981510653         -0.0129098611798      -0.00944543667126     -0.0129098611798      -0.00944543667126     -0.00800598616139     -0.00479486919758     
1.75926084645         -0.0121595038359      -0.00834481508003     -0.0121595038359      -0.00834481508003     -0.00753041036708     -0.00425040653904     
1.76870658638         -0.0113924393249      -0.00732296020385     -0.0113924393249      -0.00732296020385     -0.00705060577536     -0.00374331142486     
1.7781523263          -0.010614878955       -0.00638228146746     -0.010614878955       -0.00638228146746     -0.00656945886804     -0.00327490029618     
1.78759806623         -0.009833616092       -0.00552414740773     -0.009833616092       -0.00552414740773     -0.00609014504435     -0.00284601736972     
1.79704380616         -0.00905600167492     -0.0047488073643      -0.00905600167492     -0.0047488073643      -0.00561613992925     -0.00245697486962     
1.80648954608         -0.00828949299681     -0.00405514840568     -0.00828949299681     -0.00405514840568     -0.00515098397305     -0.0021074314952      
1.81593528601         -0.00754141162863     -0.00344058723684     -0.00754141162863     -0.00344058723684     -0.00469819083098     -0.00179633854641     
1.82538102593         -0.00681849718992     -0.00290120337579     -0.00681849718992     -0.00290120337579     -0.00426102991368     -0.00152198560901     
1.83482676586         -0.00612657370882     -0.00243192360726     -0.00612657370882     -0.00243192360726     -0.00384235035983     -0.00128207853188     
1.84427250579         -0.00547027874127     -0.00202682710554     -0.00547027874127     -0.00202682710554     -0.00344445004204     -0.00107388673746     
1.85371824571         -0.00485295653315     -0.00167955715248     -0.00485295653315     -0.00167955715248     -0.00306900982161     -0.000894432613494    
1.86316398564         -0.00427670719252     -0.00138364772731     -0.00427670719252     -0.00138364772731     -0.00271711155269     -0.000740651143194    
1.87260972556         -0.00374253892489     -0.00113283958069     -0.00374253892489     -0.00113283958069     -0.00238930388407     -0.000609548621736    
1.88205546549         -0.00325053780152     -0.000921264280587    -0.00325053780152     -0.000921264280587    -0.00208568176516     -0.000498294651815    
1.89150120542         -0.00280003217495     -0.000743560613579    -0.00280003217495     -0.000743560613579    -0.00180595727448     -0.000404282573909    
1.90094694534         -0.00238984350368     -0.000594959285978    -0.00238984350368     -0.000594959285978    -0.0015495835335      -0.000325179973917    
1.91039268527         -0.00201845803921     -0.000471237634143    -0.00201845803921     -0.000471237634143    -0.00131584290354     -0.000258905074279    
1.9198384252          -0.00168409987028     -0.000368700684516    -0.00168409987028     -0.000368700684516    -0.00110387364959     -0.000203622546119    
1.92928416512         -0.00138490658604     -0.000284194066913    -0.00138490658604     -0.000284194066913    -0.000912768407462    -0.000157761324118    
1.93872990505         -0.00111898088701     -0.000214973505503    -0.00111898088701     -0.000214973505503    -0.00074159634495     -0.000119941972406    
1.94817564497         -0.000884459335355    -0.000158690895151    -0.000884459335355    -0.000158690895151    -0.00058944141964     -8.89775213022e-05    
1.9576213849          -0.000679574245505    -0.00011333289875     -0.000679574245505    -0.00011333289875     -0.000455439141242    -6.38433383363e-05    
2.001                 -8.00840020865e-05    -2.67380740213e-06    -8.00840020865e-05    -2.67380740213e-06    -5.52190608995e-05    -1.34379572347e-06    
2.01194591213         -1.43078605382e-05    8.33233229344e-06     -1.43078605382e-05    8.33233229344e-06     -1.01488578078e-05    5.08199606577e-06     
2.02289182426         1.72648398352e-06     2.782761948e-05       1.72648398352e-06     2.782761948e-05       7.72449111745e-07     1.80271267198e-05     
2.03383773639         2.28678514772e-06     8.38230959888e-05     2.28678514772e-06     8.38230959888e-05     1.03720653488e-06     5.72326052475e-05     
2.04478364851         2.51924388043e-06     0.000153771144187     2.51924388043e-06     0.000153771144187     1.15127834572e-06     0.000107101199352     
2.05572956064         2.52194676978e-06     0.000230209706773     2.52194676978e-06     0.000230209706773     1.15890209521e-06     0.000162432327582     
2.06667547277         2.36533830311e-06     0.00030933782157      2.36533830311e-06     0.00030933782157      1.09223987705e-06     0.000220533651859     
2.0776213849          2.10212504356e-06     0.000388789711167     2.10212504356e-06     0.000388789711167     9.75503472317e-07     0.000279691571492     
2.0786213849          2.07423686217e-06     0.000396004629792     2.07423686217e-06     0.000396004629792     9.63021386413e-07     0.000285104531044     
2.25964541132         -1.39111018306e-06    0.00115983118165      -1.39111018306e-06    0.00115983118165      -6.34566309975e-07    0.000930270555368     
2.44066943773         1.21558431142e-07     0.000934120304375     1.21558431142e-07     0.000934120304375     5.26947988814e-08     0.000820267336396     
2.62169346415         2.31794723094e-07     0.000418896875587     2.31794723094e-07     0.000418896875587     1.06354765077e-07     0.000400809984661     
2.80271749056         -7.71280162955e-08    6.25327617241e-05     -7.71280162955e-08    6.25327617241e-05     -3.52322318627e-08    6.51088593013e-05     
2.98374151698         5.27067055474e-05     3.00897769749e-07     5.27067055474e-05     3.00897769749e-07     5.98351418452e-05     1.09494503272e-07     
3.16476554339         0.000169213071498     2.22777209139e-06     0.000169213071498     2.22777209139e-06     0.000209531816825     -3.83692848977e-07    
3.34578956981         0.000213135221725     5.08800852482e-06     0.000213135221725     5.08800852482e-06     0.000287098251018     -1.80101177811e-06    
3.52681359622         0.000190476920496     7.26462106093e-06     0.000190476920496     7.26462106093e-06     0.000278912951979     -2.83020594159e-06    
3.70783762264         0.00013811113922      7.78324997245e-06     0.00013811113922      7.78324997245e-06     0.000219931259996     -2.92130677556e-06    
3.88886164905         8.57239746785e-05     6.77396364063e-06     8.57239746785e-05     6.77396364063e-06     0.00014864998183      -2.33285052611e-06    
4.06988567547         4.6803613345e-05      4.99805056719e-06     4.6803613345e-05      4.99805056719e-06     8.85710505741e-05     -1.54379486372e-06    
4.25090970188         2.2834551127e-05      3.20848060455e-06     2.2834551127e-05      3.20848060455e-06     4.72919953245e-05     -8.75976084721e-07    
4.4319337283          1.00531021925e-05     1.82278813523e-06     1.00531021925e-05     1.82278813523e-06     2.28711187464e-05     -4.37597128125e-07    
4.61295775471         4.01936726463e-06     9.27336508124e-07     4.01936726463e-06     9.27336508124e-07     1.00900675472e-05     -1.94281129263e-07    
4.79398178113         1.46538548261e-06     4.26089628818e-07     1.46538548261e-06     4.26089628818e-07     4.08202490465e-06     -7.73586923676e-08    
4.97500580754         4.88407621862e-07     1.77942671626e-07     4.88407621862e-07     1.77942671626e-07     1.52003761017e-06     -2.78720152346e-08    
5.15602983396         1.49006567692e-07     6.78700220972e-08     1.49006567692e-07     6.78700220972e-08     5.22487252624e-07     -9.0894080203e-09     
5.33705386037         4.16182024519e-08     2.37321197794e-08     4.16182024519e-08     2.37321197794e-08     1.66154411058e-07     -2.6875602439e-09     
5.51807788679         1.06304664751e-08     7.63064727326e-09     1.06304664751e-08     7.63064727326e-09     4.89702604061e-08     -7.20507043718e-10    
5.6991019132          2.47677157407e-09     2.2615559571e-09      2.47677157407e-09     2.2615559571e-09      1.33948617772e-08     -1.7517503498e-10     
5.88012593962         5.23823918374e-10     6.19067993266e-10     5.23823918374e-10     6.19067993266e-10     3.40428190201e-09     -3.83307015464e-11    
6.06114996603         9.97033937578e-11     1.5677264992e-10      9.97033937578e-11     1.5677264992e-10      8.04655797885e-10     -7.46981882667e-12    
6.24217399245         1.6808260808e-11      3.67793110726e-11     1.6808260808e-11      3.67793110726e-11     1.77026321807e-10     -1.26938333475e-12    
6.42319801886         2.42793684951e-12     8.00282679904e-12     2.42793684951e-12     8.00282679904e-12     3.62741595378e-11     -1.79218249028e-13    
6.60422204528         2.75757585559e-13     1.61662522015e-12     2.75757585559e-13     1.61662522015e-12     6.92665394098e-12     -1.80800860948e-14    
6.78524607169         1.66958547958e-14     3.03533210453e-13     1.66958547958e-14     3.03533210453e-13     1.23356711626e-12     -2.52653778336e-16    
6.96627009811         -2.4486413472e-15     5.30389864931e-14     -2.4486413472e-15     5.30389864931e-14     2.05082871155e-13     4.64787724361e-16     
7.14729412452         -1.16029034958e-15    8.58087004727e-15     -1.16029034958e-15    8.58087004727e-15     3.16562796269e-14     1.5192787195e-16      
7.32831815094         -3.18481404963e-16    1.48826186683e-15     -3.18481404963e-16    1.48826186683e-15     5.25186443373e-15     3.87791487225e-17     
7.50934217735         -8.30701124146e-17    2.92493019478e-16     -8.30701124146e-17    2.92493019478e-16     9.89630535964e-16     9.90727443106e-18     
7.69036620377         -2.44316448558e-17    7.05107496306e-17     -2.44316448558e-17    7.05107496306e-17     2.29229939699e-16     2.9050091844e-18      
7.87139023018         -3.15047730216e-17    7.8274609167e-17      -3.15047730216e-17    7.8274609167e-17      2.44994668479e-16     3.76366801983e-18     
8.0524142566          -3.91822484338e-17    8.65232063284e-17     -3.91822484338e-17    8.65232063284e-17     2.61206216417e-16     4.72072666062e-18     
8.23343828302         -4.74701142764e-17    9.52632450479e-17     -4.74701142764e-17    9.52632450479e-17     2.77861208958e-16     5.77922184569e-18     
8.41446230943         -5.63738589319e-17    1.04501000826e-16     -5.63738589319e-17    1.04501000826e-16     2.94956587216e-16     6.94201655488e-18     
8.59548633585         -6.58984743605e-17    1.14242352783e-16     -6.58984743605e-17    1.14242352783e-16     3.12489664865e-16     8.21181079954e-18     
8.77651036226         -7.60485075629e-17    1.24492813095e-16     -7.60485075629e-17    1.24492813095e-16     3.30458575541e-16     9.59031343559e-18     
8.95753438868         -8.68281060274e-17    1.3525755403e-16      -8.68281060274e-17    1.3525755403e-16      3.48858663663e-16     1.10792900024e-17     
9.13855841509         -9.82410579404e-17    1.46541432773e-16     -9.82410579404e-17    1.46541432773e-16     3.67688037999e-16     1.26823091419e-17     
9.31958244151         -1.10290827827e-16    1.58349014235e-16     -1.10290827827e-16    1.58349014235e-16     3.8694482035e-16      1.44015156823e-17     
9.50060646792         -1.22980588195e-16    1.7068459201e-16      -1.22980588195e-16    1.7068459201e-16      4.0662713926e-16      1.62389369395e-17     
9.68163049434         -1.36313247687e-16    1.83552207634e-16     -1.36313247687e-16    1.83552207634e-16     4.26733230446e-16     1.81964901299e-17     
9.86265452075         -1.50291476156e-16    1.96955668303e-16     -1.50291476156e-16    1.96955668303e-16     4.47261447183e-16     2.02759892961e-17     
10.0436785472         -1.64917727052e-16    2.10898563176e-16     -1.64917727052e-16    2.10898563176e-16     4.68210256863e-16     2.24791517704e-17     
10.2247025736         -1.80194257428e-16    2.25384278383e-16     -1.80194257428e-16    2.25384278383e-16     4.8957823424e-16      2.4807604205e-17      
10.4057266            -1.96123145859e-16    2.40416010855e-16     -1.96123145859e-16    2.40416010855e-16     5.11364053976e-16     2.72628881956e-17     
10.5867506264         -2.12706308503e-16    2.55996781073e-16     -2.12706308503e-16    2.55996781073e-16     5.33566483302e-16     2.98464655238e-17     
10.7677746528         -2.29945513535e-16    2.72129444831e-16     -2.29945513535e-16    2.72129444831e-16     5.56184375103e-16     3.25597230444e-17     
10.9487986792         -2.4784239412e-16     2.88816704091e-16     -2.4784239412e-16     2.88816704091e-16     5.79216661525e-16     3.54039772416e-17     
11.1298227057         -2.66398460105e-16    3.06061117027e-16     -2.66398460105e-16    3.06061117027e-16     6.02662348148e-16     3.83804784764e-17     
11.3108467321         -2.85615108562e-16    3.23865107289e-16     -2.85615108562e-16    3.23865107289e-16     6.26520508725e-16     4.14904149475e-17     
11.4918707585         -3.05493633316e-16    3.42230972597e-16     -3.05493633316e-16    3.42230972597e-16     6.50790280538e-16     4.47349163847e-17     
11.6728947849         -3.26035233554e-16    3.61160892688e-16     -3.26035233554e-16    3.61160892688e-16     6.75470860433e-16     4.81150574959e-17     
11.8539188113         -3.47241021628e-16    3.80656936678e-16     -3.47241021628e-16    3.80656936678e-16     7.00561501731e-16     5.16318611822e-17     
12.0349428377         -3.69112030131e-16    4.00721069897e-16     -3.69112030131e-16    4.00721069897e-16     7.26061512518e-16     5.52863015411e-17     
12.2159668641         -3.91649218317e-16    4.21355160232e-16     -3.91649218317e-16    4.21355160232e-16     7.51970256669e-16     5.907930667e-17       
12.3969908906         -4.14853477942e-16    4.4256098401e-16      -4.14853477942e-16    4.4256098401e-16      7.78287162417e-16     6.30117612864e-17     
12.578014917          -4.38725638576e-16    4.64340231477e-16     -4.38725638576e-16    4.64340231477e-16     8.05011763895e-16     6.70845091765e-17     
12.7590389434         -4.63266472444e-16    4.86694511885e-16     -4.63266472444e-16    4.86694511885e-16     8.32144042103e-16     7.12979354615e-17     
12.9400629698         -4.88476698841e-16    5.09625358238e-16     -4.88476698841e-16    5.09625358238e-16     8.5968211781e-16      7.56521919236e-17     
13.1210869962         -5.14356988167e-16    5.331342317e-16       -5.14356988167e-16    5.331342317e-16       8.87625670243e-16     8.01489896449e-17     
13.3021110226         -5.40907965612e-16    5.57222525715e-16     -5.40907965612e-16    5.57222525715e-16     9.15974422838e-16     8.47890304973e-17     
13.4831350491         -5.68130214528e-16    5.81891569847e-16     -5.68130214528e-16    5.81891569847e-16     9.44728003993e-16     8.95729855036e-17     
13.6641590755         -5.96024279518e-16    6.07142633361e-16     -5.96024279518e-16    6.07142633361e-16     9.73886038566e-16     9.45014964872e-17     
13.8451831019         -6.24590669272e-16    6.32976928576e-16     -6.24590669272e-16    6.32976928576e-16     1.0034481635e-15      9.9575177618e-17      
14.0262071283         -6.53829859164e-16    6.5939561399e-16      -6.53829859164e-16    6.5939561399e-16      1.03341403206e-15     1.04794616864e-16     
14.2072311547         -6.83742293642e-16    6.86399797212e-16     -6.83742293642e-16    6.86399797212e-16     1.0637833149e-15      1.10160377355e-16     
14.3882551811         -7.14328388424e-16    7.13990537699e-16     -7.14328388424e-16    7.13990537699e-16     1.09455569993e-15     1.15672998662e-16     
14.5692792075         -7.4558853252e-16     7.42168849328e-16     -7.4558853252e-16     7.42168849328e-16     1.1257308918e-15      1.21332998e-16        
14.750303234          -7.77523090089e-16    7.70935702797e-16     -7.77523090089e-16    7.70935702797e-16     1.15730861115e-15     1.27140871361e-16     
14.9313272604         -8.10132402164e-16    8.00292027886e-16     -8.10132402164e-16    8.00292027886e-16     1.18928859379e-15     1.33097094578e-16     
15.1123512868         -8.43416788229e-16    8.30238715571e-16     -8.43416788229e-16    8.30238715571e-16     1.22167058992e-15     1.39202124328e-16     
15.2933753132         -8.77376547681e-16    8.60776620014e-16     -8.77376547681e-16    8.60776620014e-16     1.25445436326e-15     1.45456399072e-16     
15.4743993396         -9.12011961187e-16    8.91906560435e-16     -9.12011961187e-16    8.91906560435e-16     1.28763969031e-15     1.51860339952e-16     
15.655423366          -9.4732329193e-16     9.23629322862e-16     -9.4732329193e-16     9.23629322862e-16     1.32122635965e-15     1.58414351623e-16     
15.8364473925         -9.83310786767e-16    9.55945661788e-16     -9.83310786767e-16    9.55945661788e-16     1.35521417115e-15     1.65118823046e-16     
16.0174714189         -1.0199746773e-15     9.88856301727e-16     -1.0199746773e-15     9.88856301727e-16     1.38960293542e-15     1.71974128234e-16     
16.1984954453         -1.05731518087e-15    1.02236193867e-15     -1.05731518087e-15    1.02236193867e-15     1.42439247309e-15     1.78980626959e-16     
16.3795194717         -1.09533250147e-15    1.05646324149e-15     -1.09533250147e-15    1.05646324149e-15     1.45958261431e-15     1.86138665416e-16     
16.5605434981         -1.13402683064e-15    1.09116085321e-15     -1.13402683064e-15    1.09116085321e-15     1.49517319815e-15     1.93448576849e-16     
16.7415675245         -1.17339834818e-15    1.12645539225e-15     -1.17339834818e-15    1.12645539225e-15     1.53116407213e-15     2.00910682153e-16     
16.9225915509         -1.21344722299e-15    1.16234745358e-15     -1.21344722299e-15    1.16234745358e-15     1.5675550917e-15      2.0852529043e-16      
17.1036155774         -1.25417361367e-15    1.19883760983e-15     -1.25417361367e-15    1.19883760983e-15     1.60434611984e-15     2.16292699525e-16     
17.2846396038         -1.29557766921e-15    1.23592641229e-15     -1.29557766921e-15    1.23592641229e-15     1.64153702659e-15     2.24213196528e-16     
17.4656636302         -1.33765952957e-15    1.27361439193e-15     -1.33765952957e-15    1.27361439193e-15     1.67912768871e-15     2.32287058254e-16     
17.6466876566         -1.38041932623e-15    1.3119020603e-15      -1.38041932623e-15    1.3119020603e-15      1.71711798924e-15     2.40514551694e-16     
17.827711683          -1.42385718272e-15    1.35078991038e-15     -1.42385718272e-15    1.35078991038e-15     1.75550781723e-15     2.48895934444e-16     
18.0087357094         -1.46797321509e-15    1.39027841746e-15     -1.46797321509e-15    1.39027841746e-15     1.79429706738e-15     2.57431455113e-16     
18.1897597358         -1.51276753237e-15    1.4303680399e-15      -1.51276753237e-15    1.4303680399e-15      1.83348563973e-15     2.66121353707e-16     
18.3707837623         -1.55824023698e-15    1.47105921987e-15     -1.55824023698e-15    1.47105921987e-15     1.87307343937e-15     2.74965861999e-16     
18.5518077887         -1.60439142513e-15    1.51235238404e-15     -1.60439142513e-15    1.51235238404e-15     1.91306037623e-15     2.83965203874e-16     
18.7328318151         -1.6512211872e-15     1.55424794429e-15     -1.6512211872e-15     1.55424794429e-15     1.95344636475e-15     2.9311959566e-16      
18.9138558415         -1.69872960804e-15    1.59674629831e-15     -1.69872960804e-15    1.59674629831e-15     1.99423132372e-15     3.02429246443e-16     
19.0948798679         -1.74691676735e-15    1.6398478302e-15      -1.74691676735e-15    1.6398478302e-15      2.035415176e-15       3.11894358368e-16     
19.2759038943         -1.79578273996e-15    1.68355291106e-15     -1.79578273996e-15    1.68355291106e-15     2.07699784838e-15     3.2151512692e-16      
19.4569279208         -1.84532759608e-15    1.72786189954e-15     -1.84532759608e-15    1.72786189954e-15     2.11897927133e-15     3.31291741195e-16     
19.6379519472         -1.8955514016e-15     1.77277514232e-15     -1.8955514016e-15     1.77277514232e-15     2.16135937888e-15     3.41224384158e-16     
19.8189759736         -1.94645421834e-15    1.81829297464e-15     -1.94645421834e-15    1.81829297464e-15     2.20413810843e-15     3.51313232891e-16     
20                    0                     0                     0                     0                     0                     0                     
