0.0779191396          0                     0                     0                     0                     0                     0                     
0.087577837391        0.640609195176        0.251514836535        0.640609195176        0.251514836535        0.139464101899        0.163628945267        
0.0972365351819       3.28530940542         1.01732952192         3.28530940542         1.01732952192         0.823312633349        0.686798553866        
0.106895232973        7.35260979606         1.71499558211         7.35260979606         1.71499558211         2.03074677646         1.22107238002         
0.116553930764        11.9150259614         1.88370521071         11.9150259614         1.88370521071         3.53988124395         1.47105590402         
0.126212628555        16.2649960186         1.30127430301         16.2649960186         1.30127430301         5.10080989959         1.28341351807         
0.135871326346        19.860603876          -0.0180925555173      19.860603876          -0.0180925555173      6.44940923386         0.647060238559        
0.145530024137        22.3662256791         -1.76370671797        22.3662256791         -1.76370671797        7.38145799492         -0.27030246623        
0.155188721928        23.8233302977         -3.53710019845        23.8233302977         -3.53710019845        7.88446084311         -1.23798148815        
0.164847419719        24.4664336386         -5.11830524581        24.4664336386         -5.11830524581        8.05741903063         -2.12123904272        
0.17450611751         24.5280218555         -6.43055238387        24.5280218555         -6.43055238387        8.00379805266         -2.86869137073        
0.184164815301        24.1937487014         -7.47032621327        24.1937487014         -7.47032621327        7.8046184074          -3.47257067999        
0.193823513091        23.599378931          -8.26516884691        23.599378931          -8.26516884691        7.51801563864         -3.94447343628        
0.203482210882        22.8347703875         -8.84603959128        22.8347703875         -8.84603959128        7.17968058427         -4.30013336605        
0.213140908673        21.9731382783         -9.25415730747        21.9731382783         -9.25415730747        6.81795309465         -4.5599391752         
0.222799606464        21.0589888672         -9.51744321568        21.0589888672         -9.51744321568        6.44884538629         -4.73871815348        
0.232458304255        20.1273436578         -9.66281426402        20.1273436578         -9.66281426402        6.08507909786         -4.85073686689        
0.242117002046        19.202376127          -9.71636757467        19.202376127          -9.71636757467        5.73481843005         -4.91020195155        
0.251775699837        18.2982681339         -9.70121501428        18.2982681339         -9.70121501428        5.40168018789         -4.92989169056        
0.261434397628        17.4202742496         -9.63335831064        17.4202742496         -9.63335831064        5.08573127783         -4.91882345863        
0.271093095419        16.5731231906         -9.52487720505        16.5731231906         -9.52487720505        4.78687235811         -4.88371878956        
0.28075179321         15.7588845346         -9.38377103642        15.7588845346         -9.38377103642        4.50438950226         -4.8290352676         
0.290410491001        14.9792356777         -9.21644640066        14.9792356777         -9.21644640066        4.23794456873         -4.75836533957        
0.300069188792        14.2370872221         -9.02785909614        14.2370872221         -9.02785909614        3.98804041749         -4.67441100676        
0.309727886583        13.5324097646         -8.82321192101        13.5324097646         -8.82321192101        3.7541706359          -4.58013985007        
0.319386584374        12.8660275487         -8.60706476063        12.8660275487         -8.60706476063        3.53637575717         -4.47812517081        
0.329045282165        12.2374970049         -8.38378570739        12.2374970049         -8.38378570739        3.33413690451         -4.3708664357         
0.338703979956        11.644415003          -8.15532734981        11.644415003          -8.15532734981        3.14621855055         -4.25963854544        
0.348362677747        11.086275818          -7.92658812794        11.086275818          -7.92658812794        2.97207881925         -4.14732740874        
0.358021375538        10.5618246642         -7.69919093543        10.5618246642         -7.69919093543        2.81100659008         -4.03466122529        
0.367680073329        10.0684227782         -7.47563952548        10.0684227782         -7.47563952548        2.66168201056         -3.923192574          
0.37733877112         9.60346462774         -7.25660130213        9.60346462774         -7.25660130213        2.5228569627          -3.8134262051         
0.386997468911        9.16525018965         -7.0431856355         9.16525018965         -7.0431856355         2.39363696167         -3.70604221051        
0.396656166702        8.75030402616         -6.83523886489        8.75030402616         -6.83523886489        2.27239087728         -3.60104560309        
0.406314864492        8.35806329006         -6.63347465383        8.35806329006         -6.63347465383        2.15884030541         -3.49883957985        
0.415973562283        7.98672702682         -6.43732003942        7.98672702682         -6.43732003942        2.05218738996         -3.39916251594        
0.425632260074        7.63442707951         -6.24653976698        7.63442707951         -6.24653976698        1.95172800098         -3.30201407883        
0.435290957865        7.3013377304          -6.06166196979        7.3013377304          -6.06166196979        1.85759151396         -3.20758705046        
0.444949655656        6.98502955653         -5.88244831189        6.98502955653         -5.88244831189        1.76866933813         -3.11587304456        
0.454608353447        6.68475727481         -5.70902479796        6.68475727481         -5.70902479796        1.68463062424         -3.02691599219        
0.464267051238        6.39944933805         -5.54066427679        6.39944933805         -5.54066427679        1.6052072636          -2.94036279266        
0.473925749029        6.12835018505         -5.37708232275        6.12835018505         -5.37708232275        1.53007836494         -2.85606450608        
0.48358444682         5.8707991088          -5.21846680554        5.8707991088          -5.21846680554        1.45907317867         -2.77415368712        
0.493243144611        5.62594480477         -5.06435672813        5.62594480477         -5.06435672813        1.39194885666         -2.69440209085        
0.502901842402        5.39335258487         -4.9149595068         5.39335258487         -4.9149595068         1.32854015088         -2.61692800753        
0.512560540193        5.17237348367         -4.77010162509        5.17237348367         -4.77010162509        1.26865981746         -2.54165976016        
0.522219237984        4.96206211113         -4.62943660896        4.96206211113         -4.62943660896        1.21203173337         -2.46843015768        
0.531877935775        4.76272172713         -4.49358363104        4.76272172713         -4.49358363104        1.15871993999         -2.39758966215        
0.541536633566        4.57275873996         -4.36175548035        4.57275873996         -4.36175548035        1.10823087482         -2.32872927643        
0.551195331357        4.39266097928         -4.2344574312         4.39266097928         -4.2344574312         1.06080817634         -2.26212678949        
0.560854029148        4.22106651054         -4.11116495813        4.22106651054         -4.11116495813        1.01589892539         -2.19753366795        
0.570512726939        4.05769001435         -3.99178387047        4.05769001435         -3.99178387047        0.973472352635        -2.13489952583        
0.58017142473         3.9022510327          -3.87687271141        3.9022510327          -3.87687271141        0.933354789119        -2.07455395485        
0.589830122521        3.75400481371         -3.76576773108        3.75400481371         -3.76576773108        0.895361843761        -2.01614454685        
0.599488820312        3.61286056535         -3.6587907997         3.61286056535         -3.6587907997         0.859463491052        -1.95985150557        
0.609147518103        3.47741811402         -3.55463519133        3.47741811402         -3.55463519133        0.825060968128        -1.90504034374        
0.618806215893        3.34835609503         -3.45405894363        3.34835609503         -3.45405894363        0.792548912943        -1.85206334949        
0.628464913684        3.22534322763         -3.35721863085        3.22534322763         -3.35721863085        0.761748783013        -1.80099258623        
0.638123611475        3.10785164766         -3.26355631069        3.10785164766         -3.26355631069        0.732529164968        -1.75156503192        
0.647782309266        2.99570350316         -3.17315263346        2.99570350316         -3.17315263346        0.704864985705        -1.70382364356        
0.657441007057        2.88844938396         -3.08615163957        2.88844938396         -3.08615163957        0.678530247989        -1.65786706509        
0.667099704848        2.78565131776         -3.00230823501        2.78565131776         -3.00230823501        0.653367308126        -1.61355700195        
0.676758402639        2.68698321267         -2.92127808211        2.68698321267         -2.92127808211        0.6292578735          -1.57071469356        
0.68641710043         2.59231319492         -2.84307775253        2.59231319492         -2.84307775253        0.606184685613        -1.52935426372        
0.696075798221        2.50133745271         -2.76744481419        2.50133745271         -2.76744481419        0.584033517432        -1.48933328826        
0.705734496012        2.41393620038         -2.6943887296         2.41393620038         -2.6943887296         0.562764488894        -1.45066241626        
0.715393193803        2.32981874999         -2.62363478115        2.32981874999         -2.62363478115        0.542301807366        -1.41319748439        
0.725051891594        2.24887208014         -2.55506523243        2.24887208014         -2.55506523243        0.52261559255         -1.37686842644        
0.734710589385        2.17086918204         -2.48876090281        2.17086918204         -2.48876090281        0.503605656771        -1.34173046601        
0.744369287176        2.09575132909         -2.42441693946        2.09575132909         -2.42441693946        0.485293826108        -1.30761215784        
0.754027984967        2.02345349537         -2.36191085675        2.02345349537         -2.36191085675        0.46767420024         -1.27444412499        
0.763686682758        1.95355397235         -2.30119549572        1.95355397235         -2.30119549572        0.450594481599        -1.24221786431        
0.773345380549        1.8863140376          -2.24221018245        1.8863140376          -2.24221018245        0.434178116608        -1.21088692832        
0.78300407834         1.82150238906         -2.18495665942        1.82150238906         -2.18495665942        0.418359909763        -1.18046083289        
0.792662776131        1.75879122421         -2.12899663533        1.75879122421         -2.12899663533        0.403009785587        -1.15070206242        
0.802321473922        1.69851798543         -2.07471746786        1.69851798543         -2.07471746786        0.388267126151        -1.12181534898        
0.811980171713        1.64027113505         -2.02169770352        1.64027113505         -2.02169770352        0.374018976184        -1.09358060221        
0.821638869504        1.5843553421          -1.97011391705        1.5843553421          -1.97011391705        0.360429326883        -1.06609081894        
0.831297567294        1.53043613642         -1.91990609895        1.53043613642         -1.91990609895        0.347340731756        -1.03932019382        
0.840956265085        1.47842242982         -1.87107518263        1.47842242982         -1.87107518263        0.334725382201        -1.01326842841        
0.850614962876        1.42825446249         -1.8234421396         1.42825446249         -1.8234421396         0.322592503935        -0.987835925912       
0.860273660667        1.37986550309         -1.77709703945        1.37986550309         -1.77709703945        0.310903239792        -0.963077928672       
0.869932358458        1.33317772604         -1.73189653803        1.33317772604         -1.73189653803        0.299653904672        -0.938915389626       
0.879591056249        1.28808950523         -1.6878688452         1.28808950523         -1.6878688452         0.288809153814        -0.915366055866       
0.88924975404         1.2444180882          -1.64479646177        1.2444180882          -1.64479646177        0.2783048501          -0.892326018989       
0.898908451831        1.20237165492         -1.60275810862        1.20237165492         -1.60275810862        0.268230743731        -0.86982956605        
0.908567149622        1.16176183294         -1.56172641157        1.16176183294         -1.56172641157        0.25854852837         -0.847853458863       
0.918225847413        1.12270637351         -1.52155606641        1.12270637351         -1.52155606641        0.249306702525        -0.826312880089       
0.927884545204        1.08482456947         -1.48271157454        1.08482456947         -1.48271157454        0.240327446721        -0.805487256341       
0.937543242995        1.04837783027         -1.44475129551        1.04837783027         -1.44475129551        0.231781815336        -0.785121041223       
0.947201940786        1.01294071118         -1.40740798319        1.01294071118         -1.40740798319        0.223442648666        -0.765067770566       
0.956860638577        0.978670858684        -1.37091602584        0.978670858684        -1.37091602584        0.215439098667        -0.745460412113       
0.966519336368        0.945440976295        -1.33508437661        0.945440976295        -1.33508437661        0.207735325716        -0.726202544614       
0.976178034159        0.912932073732        -1.29964772014        0.912932073732        -1.29964772014        0.200232359824        -0.707147124367       
0.98583673195         0.879562419773        -1.26235964015        0.879562419773        -1.26235964015        0.192575832408        -0.687071877911       
0.995495429741        0.846313412103        -1.22462519109        0.846313412103        -1.22462519109        0.184969011452        -0.666740830466       
1.00515412753         0.814494693084        -1.18839355066        0.814494693084        -1.18839355066        0.17769230524         -0.64721641893        
1.01481282532         0.784095998866        -1.1535856479         0.784095998866        -1.1535856479         0.170754438062        -0.628455469909       
1.02447152311         0.754873423343        -1.12002469756        0.754873423343        -1.12002469756        0.16407502996         -0.610365108316       
1.0341302209          0.726810745939        -1.087659673          0.726810745939        -1.087659673          0.157661311171        -0.592915712481       
1.0437889187          0.699870159122        -1.05646978433        0.699870159122        -1.05646978433        0.151496409875        -0.5760965711         
1.05344761649         0.673906343902        -1.02625127435        0.673906343902        -1.02625127435        0.145551843946        -0.559798405142       
1.06310631428         0.648920906365        -0.9970638199         0.648920906365        -0.9970638199         0.139818302265        -0.544053564349       
1.07276501207         0.624849346789        -0.968802227825       0.624849346789        -0.968802227825       0.134285395519        -0.528803466413       
1.08242370986         0.601671754081        -0.941436269391       0.601671754081        -0.941436269391       0.128950796331        -0.514034758569       
1.09208240765         0.579379356615        -0.915025127606       0.579379356615        -0.915025127606       0.123819866892        -0.499780593484       
1.10174110544         0.557937715059        -0.88930670927        0.557937715059        -0.88930670927        0.118898842079        -0.48589153917        
1.11139980323         0.537208900498        -0.864450112737       0.537208900498        -0.864450112737       0.114106024762        -0.472468349397       
1.12105850102         0.517261315893        -0.840379239585       0.517261315893        -0.840379239585       0.109492089791        -0.459464652559       
1.13071719881         0.497926187643        -0.817000518442       0.497926187643        -0.817000518442       0.104993871209        -0.446836160641       
1.14037589661         0.479280949929        -0.794231371056       0.479280949929        -0.794231371056       0.10064711583         -0.4345389853         
1.1500345944          0.46136474982         -0.772172176587       0.46136474982         -0.772172176587       0.0964746543517       -0.422617247199       
1.15969329219         0.444118485618        -0.750759805482       0.444118485618        -0.750759805482       0.0924586167904       -0.411038387412       
1.16935198998         0.427502602456        -0.729961482503       0.427502602456        -0.729961482503       0.0885905336377       -0.39978662854        
1.17901068777         0.411501509411        -0.709753721462       0.411501509411        -0.709753721462       0.0848684326916       -0.388849125566       
1.18866938556         0.396083861111        -0.690055152648       0.396083861111        -0.690055152648       0.0812952242576       -0.378183228797       
1.19832808335         0.381326925758        -0.671076784117       0.381326925758        -0.671076784117       0.0778820010826       -0.36790367976        
1.20798678114         0.367059754842        -0.652563551524       0.367059754842        -0.652563551524       0.0745891552512       -0.357871680172       
1.21764547893         0.353355669846        -0.634617247314       0.353355669846        -0.634617247314       0.0714314279084       -0.348142706534       
1.22730417672         0.340154826573        -0.617178939348       0.340154826573        -0.617178939348       0.0683991913166       -0.338685144844       
1.23696287451         0.327451920287        -0.600302548352       0.327451920287        -0.600302548352       0.0654821555899       -0.329530487552       
1.24662157231         0.315223999544        -0.583884238181       0.315223999544        -0.583884238181       0.0626973472708       -0.320620459393       
1.2562802701          0.303429942676        -0.567806122829       0.303429942676        -0.567806122829       0.0600078425533       -0.311887973842       
1.26593896789         0.29206437885         -0.552365209931       0.29206437885         -0.552365209931       0.0574165097839       -0.303503640341       
1.27559766568         0.281139664073        -0.5373382307         0.281139664073        -0.5373382307         0.0549400750563       -0.295340501335       
1.28525636347         0.270655577728        -0.522778539595       0.270655577728        -0.522778539595       0.0525760337133       -0.287428206367       
1.29491506126         0.260516208426        -0.50862781536        0.260516208426        -0.50862781536        0.0502920343882       -0.279736812689       
1.30457375905         0.25072932934         -0.494878957632       0.25072932934         -0.494878957632       0.0480899311656       -0.272262098613       
1.31423245684         0.241310169671        -0.481558267049       0.241310169671        -0.481558267049       0.045973696497        -0.265018480403       
1.32389115463         0.232217264574        -0.468638735395       0.232217264574        -0.468638735395       0.0439314329146       -0.257991385481       
1.33354985242         0.223358258559        -0.456050142479       0.223358258559        -0.456050142479       0.0419236145539       -0.251146006508       
1.34320855022         0.214921695698        -0.443836590418       0.214921695698        -0.443836590418       0.0400365587051       -0.244503294583       
1.35286724801         0.206727854262        -0.431954068458       0.206727854262        -0.431954068458       0.0381978318662       -0.238039229005       
1.3625259458          0.198835965179        -0.420441148587       0.198835965179        -0.420441148587       0.0364249095385       -0.23177372172        
1.37218464359         0.191215706694        -0.409250616106       0.191215706694        -0.409250616106       0.0347153186146       -0.225682070132       
1.38184334138         0.183842702585        -0.398359630459       0.183842702585        -0.398359630459       0.0330569989685       -0.219752121095       
1.39150203917         0.176725826219        -0.387798537969       0.176725826219        -0.387798537969       0.0314561202011       -0.214000667011       
1.40116073696         0.16985220971         -0.377504386275       0.16985220971         -0.377504386275       0.0299086838753       -0.208392315112       
1.41081943475         0.163208506823        -0.367505004098       0.163208506823        -0.367505004098       0.0284122863333       -0.202943573981       
1.42047813254         0.156789282704        -0.357774620122       0.156789282704        -0.357774620122       0.026965021882        -0.197639738167       
1.43013683033         0.150580057198        -0.348308340572       0.150580057198        -0.348308340572       0.025562189463        -0.192478664026       
1.43979552812         0.144587716164        -0.339102084747       0.144587716164        -0.339102084747       0.0242084999857       -0.187457807755       
1.44945422592         0.138790701946        -0.330125038241       0.138790701946        -0.330125038241       0.0228982913243       -0.182560347236       
1.45911292371         0.13319341024         -0.321391494702       0.13319341024         -0.321391494702       0.0216338262075       -0.177794230151       
1.4687716215          0.12780125405         -0.312894030292       0.12780125405         -0.312894030292       0.0204184739496       -0.173155052139       
1.47843031929         0.122582458718        -0.304610244992       0.122582458718        -0.304610244992       0.0192407565502       -0.168631215162       
1.48808901708         0.117539923203        -0.296538652973       0.117539923203        -0.296538652973       0.0181045540284       -0.164221727994       
1.49774771487         0.112665317014        -0.28866756746        0.112665317014        -0.28866756746        0.0170040933715       -0.159920184993       
1.50740641266         0.107963362014        -0.281011946239       0.107963362014        -0.281011946239       0.0159474872027       -0.155738358714       
1.51706511045         0.1034366806          -0.273545305633       0.1034366806          -0.273545305633       0.0149340392512       -0.151656788961       
1.52672380824         0.0990786218248       -0.266281147086       0.0990786218248       -0.266281147086       0.013962180733        -0.147683744189       
1.53638250603         0.0948790494934       -0.25919383108        0.0948790494934       -0.25919383108        0.0130310660565       -0.143805513744       
1.54604120383         0.0908275080419       -0.252322331815       0.0908275080419       -0.252322331815       0.0121334256746       -0.140044686944       
1.55569990162         0.086923800931        -0.245626730113       0.086923800931        -0.245626730113       0.011272985644        -0.136378679181       
1.56535859941         0.083155250267        -0.239105264424       0.083155250267        -0.239105264424       0.0104448672995       -0.132806917382       
1.5750172972          0.0795164376347       -0.232749781143       0.0795164376347       -0.232749781143       0.00964816074317      -0.129324980073       
1.58467599499         0.0760247338413       -0.226591545862       0.0760247338413       -0.226591545862       0.00888960993829      -0.125949963774       
1.59433469278         0.0726209681948       -0.220562496415       0.0726209681948       -0.220562496415       0.00814288039508      -0.122645032267       
1.60399339057         0.0693546087248       -0.214729791666       0.0693546087248       -0.214729791666       0.00743040845002      -0.119447098816       
1.61365208836         0.0662107765611       -0.209042886876       0.0662107765611       -0.209042886876       0.00675011008172      -0.116327764866       
1.62331078615         0.063145836511        -0.203510083597       0.063145836511        -0.203510083597       0.00607908296191      -0.11329303413        
1.63296948394         0.0601959265614       -0.198117158885       0.0601959265614       -0.198117158885       0.00543655456935      -0.110333569795       
1.64262818173         0.0573302607596       -0.192856180137       0.0573302607596       -0.192856180137       0.00480852907115      -0.107447906746       
1.65228687953         0.0545790036364       -0.187747913533       0.0545790036364       -0.187747913533       0.00420788033405      -0.104644521933       
1.66194557732         0.0519263687585       -0.1827824087         0.0519263687585       -0.1827824087         0.00362940448571      -0.101918296203       
1.67160427511         0.0493738204702       -0.177963237787       0.0493738204702       -0.177963237787       0.00307305397988      -0.0992716990573      
1.6812629729          0.0469187609965       -0.173285487985       0.0469187609965       -0.173285487985       0.00253928391634      -0.096701911415       
1.69092167069         0.0446052184995       -0.168946627411       0.0446052184995       -0.168946627411       0.002026643181        -0.0943194236056      
1.70058036848         0.0426920446424       -0.165966311254       0.0426920446424       -0.165966311254       0.00154339010266      -0.0926938474343      
1.71023906627         0.0407897820587       -0.162893761188       0.0407897820587       -0.162893761188       0.00107130459038      -0.0910155552109      
1.71989776406         0.0389094320028       -0.159771389741       0.0389094320028       -0.159771389741       0.000609678233812     -0.0893082154441      
1.72955646185         0.0370584526807       -0.156622469505       0.0370584526807       -0.156622469505       0.000159628680736     -0.0875848073393      
1.73921515964         0.0352379717885       -0.153457833178       0.0352379717885       -0.153457833178       -0.00027898584173     -0.0858514076121      
1.74887385744         0.0334488051886       -0.150298825541       0.0334488051886       -0.150298825541       -0.000707677228967    -0.0841202567355      
1.75853255523         0.0316998545187       -0.14710839944        0.0316998545187       -0.14710839944        -0.00112064944034     -0.082370804209       
1.76819125302         0.0299877970844       -0.143930318997       0.0299877970844       -0.143930318997       -0.00152243797709     -0.0806266691111      
1.77784995081         0.0283179872718       -0.140766210419       0.0283179872718       -0.140766210419       -0.00190948459411     -0.0788889132198      
1.7875086486          0.0266790042038       -0.137610744667       0.0266790042038       -0.137610744667       -0.0022874734038      -0.0771549618722      
1.79716734639         0.0251000126261       -0.134479541777       0.0251000126261       -0.134479541777       -0.00264337527178     -0.0754326869923      
1.80682604418         0.0235528741943       -0.131368560404       0.0235528741943       -0.131368560404       -0.0029901388144      -0.073721111632       
1.81648474197         0.0220410524598       -0.128265560922       0.0220410524598       -0.128265560922       -0.00332678600457     -0.0720120508049      
1.82614343976         0.0205699654755       -0.125191209469       0.0205699654755       -0.125191209469       -0.0036505623967      -0.0703181565089      
1.83580213755         0.0191379918417       -0.122140494867       0.0191379918417       -0.122140494867       -0.0039624997558      -0.0686362995966      
1.84546083534         0.0177389007599       -0.119110072065       0.0177389007599       -0.119110072065       -0.00426544686046     -0.0669651286459      
1.85511953314         0.0163841714204       -0.116102219607       0.0163841714204       -0.116102219607       -0.00455453654806     -0.0653055583883      
1.86477823093         0.0150735007104       -0.11312656897        0.0150735007104       -0.11312656897        -0.00482955524518     -0.0636625061698      
1.87443692872         0.0138031816245       -0.110177101035       0.0138031816245       -0.110177101035       -0.00509218748278     -0.0620327861005      
1.88409562651         0.0125756645478       -0.107258927811       0.0125756645478       -0.107258927811       -0.00534123008365     -0.0604192585316      
1.8937543243          0.0113901091419       -0.104373676132       0.0113901091419       -0.104373676132       -0.00557708138681     -0.0588229168349      
1.90341302209         0.01024351388         -0.101520285936       0.01024351388         -0.101520285936       -0.00580110809433     -0.0572432621642      
1.91307171988         0.00913933934776      -0.0987035458826      0.00913933934776      -0.0987035458826      -0.0060118335108      -0.0556828608244      
1.92273041767         0.00807181606632      -0.0959183974378      0.00807181606632      -0.0959183974378      -0.00621162625464     -0.0541393016532      
1.93238911546         0.00704554708758      -0.0931700952777      0.00704554708758      -0.0931700952777      -0.00639871238627     -0.0526154958003      
1.94204781325         0.00606077625893      -0.0904594805954      0.00606077625893      -0.0904594805954      -0.00657268564207     -0.0511113810497      
1.95170651105         0.00511612830512      -0.0877882060236      0.00511612830512      -0.0877882060236      -0.00673417438732     -0.0496281948711      
1.96136520884         0.004214719494        -0.0851585500311      0.004214719494        -0.0851585500311      -0.00688169951151     -0.0481670582022      
1.97102390663         0.00334124912871      -0.0825646231279      0.00334124912871      -0.0825646231279      -0.00702237766465     -0.0467251462549      
1.98068260442         0.00251079977291      -0.0800135834484      0.00251079977291      -0.0800135834484      -0.00714917796635     -0.0453060224731      
1.99034130221         0.00171402574361      -0.077501758115       0.00171402574361      -0.077501758115       -0.00726619536248     -0.0439082335903      
2                     0.000955359988773     -0.075029913407       0.000955359988773     -0.075029913407       -0.0073716170135      -0.0425317720243      
2.01                  0.000208881803447     -0.0725150729452      0.000208881803447     -0.0725150729452      -0.00746878643322     -0.0411303836775      
2.25700926163         -0.00788935157035     -0.025007582548       -0.00788935157035     -0.025007582548       -0.00676235559993     -0.0144403277666      
2.50401852327         -0.00387164249055     -0.00331689451319     -0.00387164249055     -0.00331689451319     -0.00264992142497     -0.00198649982762     
2.7510277849          -4.8583454679e-06     3.88869290467e-06     -4.8583454679e-06     3.88869290467e-06     -3.52426573064e-06    2.71271010484e-06     
2.7610277849          6.13285124285e-08     8.68324739376e-06     6.13285124285e-08     8.68324739376e-06     6.29100496552e-08     6.09668858455e-06     
2.76125000712         6.40472565298e-08     8.92707237559e-06     6.40472565298e-08     8.92707237559e-06     6.45549178418e-08     6.27391083743e-06     
2.76147222934         6.67517089682e-08     9.17532908679e-06     6.67517089682e-08     9.17532908679e-06     6.61886835965e-08     6.45446425776e-06     
2.76169445157         6.94415862844e-08     9.42785637391e-06     6.94415862844e-08     9.42785637391e-06     6.78112626766e-08     6.63823119323e-06     
2.76191667379         7.21166208491e-08     9.68450358583e-06     7.21166208491e-08     9.68450358583e-06     6.94225745731e-08     6.82510170288e-06     
2.76213889601         7.47765745694e-08     9.94513068703e-06     7.47765745694e-08     9.94513068703e-06     7.10225510948e-08     7.01497356296e-06     
2.76236111823         7.74212604703e-08     1.02096112759e-05     7.74212604703e-08     1.02096112759e-05     7.26111482898e-08     7.2077542773e-06      
2.76258334046         8.00505212525e-08     1.04778284112e-05     8.00505212525e-08     1.04778284112e-05     7.41883353597e-08     7.40335821187e-06     
2.76280556268         8.2664213593e-08      1.07496724475e-05     8.2664213593e-08      1.07496724475e-05     7.57540861539e-08     7.60170507779e-06     
2.7630277849          8.52622065456e-08     1.10250408256e-05     8.52622065456e-08     1.10250408256e-05     7.7308378395e-08      7.80271976148e-06     
2.7730277849          1.85200649078e-07     2.59980500755e-05     1.85200649078e-07     2.59980500755e-05     1.35553596891e-07     1.88293691853e-05     
2.95436433453         -3.28624603962e-08    0.00025630532647      -3.28624603962e-08    0.00025630532647      -3.42911328478e-08    0.000205304704599     
3.13570088417         -5.48702551116e-08    0.000210737121752     -5.48702551116e-08    0.000210737121752     -3.41372218863e-08    0.000181137392833     
3.3170374338          1.26548476894e-08     0.000102207654093     1.26548476894e-08     0.000102207654093     9.59807562431e-09     9.38057397955e-05     
3.49837398343         4.6301391795e-09      3.08667152977e-05     4.6301391795e-09      3.08667152977e-05     2.95608183674e-09     3.0194846971e-05      
3.67971053306         -1.52686202761e-09    3.09910758165e-06     -1.52686202761e-09    3.09910758165e-06     -1.05992230986e-09    3.23119807928e-06     
3.8610470827          2.11333099684e-06     4.14732570933e-09     2.11333099684e-06     4.14732570933e-09     2.35488799585e-06     -4.73570005007e-10    
4.04238363233         4.7018022245e-06      2.05306508052e-08     4.7018022245e-06      2.05306508052e-08     5.59131021643e-06     -2.77308175401e-08    
4.22372018196         4.24936164537e-06     3.31361998307e-08     4.24936164537e-06     3.31361998307e-08     5.38377516124e-06     -5.25052037404e-08    
4.40505673159         2.74863919589e-06     3.39528140825e-08     2.74863919589e-06     3.39528140825e-08     3.70899921475e-06     -5.23055931051e-08    
4.58639328123         1.44993785076e-06     2.63018652127e-08     1.44993785076e-06     2.63018652127e-08     2.08482112149e-06     -3.74670937257e-08    
4.76772983086         6.57277111334e-07     1.66233423181e-08     6.57277111334e-07     1.66233423181e-08     1.00807492686e-06     -2.1518529214e-08     
4.94906638049         2.62918220006e-07     8.93058259594e-09     2.62918220006e-07     8.93058259594e-09     4.30747357517e-07     -1.04610269786e-08    
5.13040293012         9.42344076543e-08     4.18098499402e-09     9.42344076543e-08     4.18098499402e-09     1.65247287674e-07     -4.43009447353e-09    
5.31173947976         3.05549136074e-08     1.73384057176e-09     3.05549136074e-08     1.73384057176e-09     5.74850696336e-08     -1.66530590477e-09    
5.49307602939         9.01964184281e-09     6.44162140788e-10     9.01964184281e-09     6.44162140788e-10     1.82587469811e-08     -5.61635478025e-10    
5.67441257902         2.4345054947e-09      2.16172247851e-10     2.4345054947e-09      2.16172247851e-10     5.32104901113e-09     -1.71726039861e-10    
5.85574912865         6.02607853896e-10     6.59306923245e-11     6.02607853896e-10     6.59306923245e-11     1.42780707054e-09     -4.78327336179e-11    
6.03708567829         1.37065418184e-10     1.83612971342e-11     1.37065418184e-10     1.83612971342e-11     3.5373891999e-10      -1.21900602003e-11    
6.21842222792         2.86831631868e-11     4.6865319292e-12      2.86831631868e-11     4.6865319292e-12      8.10891054034e-11     -2.85252886936e-12    
6.39975877755         5.52567783187e-12     1.0995460779e-12      5.52567783187e-12     1.0995460779e-12      1.72281944271e-11     -6.15101582765e-13    
6.58109532719         9.79905448411e-13     2.37698951217e-13     9.79905448411e-13     2.37698951217e-13     3.39694522125e-12     -1.22416323765e-13    
6.76243187682         1.59894116721e-13     4.74537177845e-14     1.59894116721e-13     4.74537177845e-14     6.22471133039e-13     -2.25268035632e-14    
6.94376842645         2.394683319e-14       8.75478233559e-15     2.394683319e-14       8.75478233559e-15     1.06004487318e-13     -3.83476969565e-15    
7.12510497608         3.33645138872e-15     1.51906000498e-15     3.33645138872e-15     1.51906000498e-15     1.70633151838e-14     -6.14453535504e-16    
7.30644152572         4.18377167722e-16     2.41167282583e-16     4.18377167722e-16     2.41167282583e-16     2.52448474906e-15     -9.01398218945e-17    
7.48777807535         5.7890615808e-17      4.33133357097e-17     5.7890615808e-17      4.33133357097e-17     4.24236943582e-16     -1.49676185394e-17    
7.66911462498         1.07191527496e-17     1.08198458508e-17     1.07191527496e-17     1.08198458508e-17     9.95252015314e-17     -3.45865616211e-18    
7.85045117461         8.54634984329e-18     1.24126253497e-17     8.54634984329e-18     1.24126253497e-17     1.0758465619e-16      -3.67026789655e-18    
8.03178772425         5.98417309222e-18     1.41449391451e-17     5.98417309222e-18     1.41449391451e-17     1.15874133529e-16     -3.86796526106e-18    
8.21312427388         3.02264705002e-18     1.60206765505e-17     3.02264705002e-18     1.60206765505e-17     1.24387895116e-16     -4.0496072538e-18     
8.39446082351         -3.473789174e-19      1.80435154315e-17     -3.473789174e-19      1.80435154315e-17     1.33120596399e-16     -4.21313951233e-18    
8.57579737314         -4.13431005708e-18    2.02169340855e-17     -4.13431005708e-18    2.02169340855e-17     1.42067270406e-16     -4.35659324112e-18    
8.75713392278         -8.34587713007e-18    2.25442226786e-17     -8.34587713007e-18    2.25442226786e-17     1.51223304389e-16     -4.47808350247e-18    
8.93847047241         -1.29891997632e-17    2.5028494188e-17      -1.29891997632e-17    2.5028494188e-17      1.60584418165e-16     -4.57580704211e-18    
9.11980702204         -1.80708431146e-17    2.76726948197e-17     -1.80708431146e-17    2.76726948197e-17     1.70146650081e-16     -4.64803978447e-18    
9.30114357167         -2.35968686172e-17    3.04796138884e-17     -2.35968686172e-17    3.04796138884e-17     1.79906372073e-16     -4.69313410406e-18    
9.48248012131         -2.95728794712e-17    3.34518931588e-17     -2.95728794712e-17    3.34518931588e-17     1.89860614106e-16     -4.70981025081e-18    
9.66381667094         -3.60040614811e-17    3.65920356555e-17     -3.60040614811e-17    3.65920356555e-17     2.0000496577e-16      -4.69736835647e-18    
9.84515322057         -4.2895219759e-17     3.99024139553e-17     -4.2895219759e-17     3.99024139553e-17     2.10336400364e-16     -4.6533932934e-18     
10.0264897702         -5.02508117547e-17    4.33852779814e-17     -5.02508117547e-17    4.33852779814e-17     2.20852254593e-16     -4.57651420728e-18    
10.2078263198         -5.80749770185e-17    4.70427623185e-17     -5.80749770185e-17    4.70427623185e-17     2.31549920998e-16     -4.46542190409e-18    
10.3891628695         -6.63715640546e-17    5.08768930737e-17     -6.63715640546e-17    5.08768930737e-17     2.42426935085e-16     -4.31886601139e-18    
10.5704994191         -7.5144154581e-17     5.48895943055e-17     -7.5144154581e-17     5.48895943055e-17     2.53480979399e-16     -4.13565221781e-18    
10.7518359687         -8.43960854733e-17    5.90826940457e-17     -8.43960854733e-17    5.90826940457e-17     2.64709877269e-16     -3.91463960184e-18    
10.9331725184         -9.41304686401e-17    6.34579299363e-17     -9.41304686401e-17    6.34579299363e-17     2.76111584389e-16     -3.65473805766e-18    
11.114509068          -1.04350209046e-16    6.80169545076e-17     -1.04350209046e-16    6.80169545076e-17     2.87684180142e-16     -3.35490582278e-18    
11.2958456176         -1.15058021078e-16    7.27613401164e-17     -1.15058021078e-16    7.27613401164e-17     2.99425859244e-16     -3.01414710999e-18    
11.4771821673         -1.26256443418e-16    7.76925835685e-17     -1.26256443418e-16    7.76925835685e-17     3.11334923886e-16     -2.63150984427e-18    
11.6585187169         -1.37947852591e-16    8.28121104445e-17     -1.37947852591e-16    8.28121104445e-17     3.23409776443e-16     -2.20608350415e-18    
11.8398552665         -1.50134475295e-16    8.81212791492e-17     -1.50134475295e-16    8.81212791492e-17     3.35648912748e-16     -1.73699706589e-18    
12.0211918162         -1.62818399664e-16    9.3621384702e-17      -1.62818399664e-16    9.3621384702e-17      3.48050915944e-16     -1.22341704799e-18    
12.2025283658         -1.76001585546e-16    9.9313662287e-17      -1.76001585546e-16    9.9313662287e-17      3.60614450907e-16     -6.64545653224e-19    
12.3838649154         -1.89685873906e-16    1.05199290578e-16     -1.89685873906e-16    1.05199290578e-16     3.73338259284e-16     -5.96190047443e-20    
12.5652014651         -2.0387299543e-16     1.11279394851e-16     -2.0387299543e-16     1.11279394851e-16     3.86221155261e-16     5.92094527263e-19     
12.7465380147         -2.18564578412e-16    1.17555049909e-16     -2.18564578412e-16    1.17555049909e-16     3.9926202237e-16      1.29129591216e-18     
12.9278745643         -2.33762155989e-16    1.24027282814e-16     -2.33762155989e-16    1.24027282814e-16     4.12459812229e-16     2.03865696251e-18     
13.109211114          -2.49467172778e-16    1.30697075455e-16     -2.49467172778e-16    1.30697075455e-16     4.25813548338e-16     2.83482175861e-18     
13.2905476636         -2.65680990993e-16    1.37565366959e-16     -2.65680990993e-16    1.37565366959e-16     4.39322351772e-16     3.68040799782e-18     
13.4718842132         -2.82404896055e-16    1.44633055952e-16     -2.82404896055e-16    1.44633055952e-16     4.52985655711e-16     4.57572631866e-18     
13.6532207629         -2.99640101769e-16    1.51901002677e-16     -2.99640101769e-16    1.51901002677e-16     4.66801715408e-16     5.52096991041e-18     
13.8345573125         -3.173877551e-16      1.59370030997e-16     -3.173877551e-16      1.59370030997e-16     4.8076983055e-16      6.51730055465e-18     
14.0158938621         -3.35648940569e-16    1.67040930263e-16     -3.35648940569e-16    1.67040930263e-16     4.94889338376e-16     7.56524271984e-18     
14.1972304118         -3.54424684327e-16    1.7491445708e-16      -3.54424684327e-16    1.7491445708e-16      5.09159538794e-16     8.66530024489e-18     
14.3785669614         -3.73715957909e-16    1.82991336963e-16     -3.73715957909e-16    1.82991336963e-16     5.23579750089e-16     9.81795731082e-18     
14.559903511          -3.93523681714e-16    1.91272265903e-16     -3.93523681714e-16    1.91272265903e-16     5.38149317657e-16     1.1023679361e-17      
14.7412400607         -4.1384872823e-16     1.99757911828e-16     -4.1384872823e-16     1.99757911828e-16     5.52867615643e-16     1.22829139726e-17     
14.9225766103         -4.34691925015e-16    2.08448915997e-16     -4.34691925015e-16    2.08448915997e-16     5.67734046632e-16     1.35960916827e-17     
15.1039131599         -4.56054057471e-16    2.17345894297e-16     -4.56054057471e-16    2.17345894297e-16     5.82748040675e-16     1.49636267704e-17     
15.2852497096         -4.77935871416e-16    2.26449438478e-16     -4.77935871416e-16    2.26449438478e-16     5.97909054084e-16     1.63859179989e-17     
15.4665862592         -5.00338075471e-16    2.35760117311e-16     -5.00338075471e-16    2.35760117311e-16     6.13216568159e-16     1.78633493176e-17     
15.6479228088         -5.23261343284e-16    2.45278477684e-16     -5.23261343284e-16    2.45278477684e-16     6.28670087915e-16     1.93962905298e-17     
15.8292593584         -5.46706315596e-16    2.55005045637e-16     -5.46706315596e-16    2.55005045637e-16     6.4426914085e-16      2.09850979239e-17     
16.0105959081         -5.7067360217e-16     2.64940327337e-16     -5.7067360217e-16     2.64940327337e-16     6.60013275767e-16     2.26301148737e-17     
16.1919324577         -5.95163783583e-16    2.75084810004e-16     -5.95163783583e-16    2.75084810004e-16     6.75902061649e-16     2.43316724073e-17     
16.3732690073         -6.201774129e-16      2.85438962779e-16     -6.201774129e-16      2.85438962779e-16     6.91935086598e-16     2.60900897474e-17     
16.554605557          -6.45715017238e-16    2.96003237556e-16     -6.45715017238e-16    2.96003237556e-16     7.0811195683e-16      2.79056748242e-17     
16.7359421066         -6.71777099224e-16    3.06778069758e-16     -6.71777099224e-16    3.06778069758e-16     7.24432295736e-16     2.97787247624e-17     
16.9172786562         -6.98364138359e-16    3.17763879079e-16     -6.98364138359e-16    3.17763879079e-16     7.40895742982e-16     3.17095263442e-17     
17.0986152059         -7.25476592293e-16    3.28961070184e-16     -7.25476592293e-16    3.28961070184e-16     7.5750195368e-16      3.36983564488e-17     
17.2799517555         -7.5311489802e-16     3.40370033374e-16     -7.5311489802e-16     3.40370033374e-16     7.74250597591e-16     3.5745482471e-17      
17.4612883051         -7.81279472993e-16    3.51991145214e-16     -7.81279472993e-16    3.51991145214e-16     7.91141358385e-16     3.78511627183e-17     
17.6426248548         -8.09970716174e-16    3.63824769128e-16     -8.09970716174e-16    3.63824769128e-16     8.08173932942e-16     4.00156467891e-17     
17.8239614044         -8.39189009014e-16    3.7587125597e-16      -8.39189009014e-16    3.7587125597e-16      8.25348030689e-16     4.22391759328e-17     
18.005297954          -8.68934716377e-16    3.88130944557e-16     -8.68934716377e-16    3.88130944557e-16     8.42663372983e-16     4.45219833922e-17     
18.1866345037         -8.99208187401e-16    4.00604162183e-16     -8.99208187401e-16    4.00604162183e-16     8.60119692526e-16     4.68642947292e-17     
18.3679710533         -9.30009756314e-16    4.13291225099e-16     -9.30009756314e-16    4.13291225099e-16     8.77716732808e-16     4.92663281359e-17     
18.5493076029         -9.61339743195e-16    4.26192438979e-16     -9.61339743195e-16    4.26192438979e-16     8.95454247594e-16     5.17282947301e-17     
18.7306441526         -9.93198454694e-16    4.39308099353e-16     -9.93198454694e-16    4.39308099353e-16     9.13332000429e-16     5.42503988375e-17     
18.9119807022         -1.02558618471e-15    4.52638492027e-16     -1.02558618471e-15    4.52638492027e-16     9.31349764177e-16     5.68328382601e-17     
19.0933172518         -1.05850321501e-15    4.66183893477e-16     -1.05850321501e-15    4.66183893477e-16     9.49507320586e-16     5.94758045332e-17     
19.2746538015         -1.09194981586e-15    4.79944571228e-16     -1.09194981586e-15    4.79944571228e-16     9.67804459873e-16     6.2179483169e-17      
19.4559903511         -1.12592624656e-15    4.93920784213e-16     -1.12592624656e-15    4.93920784213e-16     9.86240980339e-16     6.49440538906e-17     
19.6373269007         -1.16043275599e-15    5.08112783111e-16     -1.16043275599e-15    5.08112783111e-16     1.004816688e-15       6.77696908545e-17     
19.8186634504         -1.19546958311e-15    5.22520810681e-16     -1.19546958311e-15    5.22520810681e-16     1.02353139624e-15     7.06565628632e-17     
20                    0                     0                     0                     0                     0                     0                     
