0.0779191396          0                     0                     0                     0                     0                     0                     
0.0876706619957       -0.0605205608852      -0.267429132657       -0.0605205608852      -0.267429132657       -0.0186879395535      -0.0287754488683      
0.0974221843913       -0.192480291657       -1.07501052368        -0.192480291657       -1.07501052368        -0.0778557693063      -0.117209238275       
0.107173706787        -0.320690762799       -1.99920559627        -0.320690762799       -1.99920559627        -0.15211087284        -0.219817646218       
0.116925229183        -0.430040537526       -2.78564034215        -0.430040537526       -2.78564034215        -0.222629238535       -0.30805413505        
0.126676751578        -0.522269415425       -3.35863421979        -0.522269415425       -3.35863421979        -0.281226304028       -0.372942269003       
0.136428273974        -0.60089624593        -3.72533425504        -0.60089624593        -3.72533425504        -0.325951701968       -0.414894122995       
0.14617979637         -0.668164707806       -3.92062384038        -0.668164707806       -3.92062384038        -0.357610142186       -0.437599075471       
0.155931318765        -0.725412456835       -3.98368228271        -0.725412456835       -3.98368228271        -0.378066624458       -0.445347216496       
0.165682841161        -0.773383523352       -3.94983090385        -0.773383523352       -3.94983090385        -0.389413246184       -0.442068146201       
0.175434363557        -0.812786477043       -3.84749840843        -0.812786477043       -3.84749840843        -0.393591303557       -0.430955990828       
0.185185885952        -0.843973690331       -3.69883457488        -0.843973690331       -3.69883457488        -0.392225365301       -0.414530470645       
0.194937408348        -0.867694376852       -3.52048095503        -0.867694376852       -3.52048095503        -0.38669439669        -0.39469362248        
0.204688930743        -0.884409109821       -3.32457824981        -0.884409109821       -3.32457824981        -0.378078032526       -0.372785426145       
0.214440453139        -0.894734816923       -3.1200402648         -0.894734816923       -3.1200402648         -0.367212882916       -0.34988485818        
0.224191975535        -0.899347790905       -2.91332245437        -0.899347790905       -2.91332245437        -0.354802072683       -0.326726681078       
0.23394349793         -0.898706002754       -2.7085320947         -0.898706002754       -2.7085320947         -0.341334325345       -0.303794249662       
0.243695020326        -0.893512943364       -2.50917449301        -0.893512943364       -2.50917449301        -0.327234576072       -0.28146315932        
0.253446542722        -0.88421428848        -2.31700087594        -0.88421428848        -2.31700087594        -0.312796136568       -0.259918712376       
0.263198065117        -0.87132985205        -2.13347700721        -0.87132985205        -2.13347700721        -0.29824202395        -0.239372942872       
0.272949587513        -0.855279514101       -1.95921566092        -0.855279514101       -1.95921566092        -0.283734701108       -0.219863668616       
0.282701109909        -0.836485162256       -1.79471790187        -0.836485162256       -1.79471790187        -0.269423624681       -0.201467504449       
0.292452632304        -0.815312935837       -1.64005623636        -0.815312935837       -1.64005623636        -0.255393612781       -0.184182220544       
0.3022041547          -0.792144830148       -1.49513283986        -0.792144830148       -1.49513283986        -0.241719885321       -0.168002192617       
0.311955677096        -0.767243706558       -1.35968674254        -0.767243706558       -1.35968674254        -0.228439877014       -0.152891198551       
0.321707199491        -0.740865239367       -1.23343693859        -0.740865239367       -1.23343693859        -0.215577171211       -0.138807143934       
0.331458721887        -0.713269626861       -1.11605402048        -0.713269626861       -1.11605402048        -0.203161369595       -0.125736497456       
0.341210244283        -0.68469519316        -1.00714459054        -0.68469519316        -1.00714459054        -0.191203787734       -0.113619399734       
0.350961766678        -0.655339755759       -0.9062718213         -0.655339755759       -0.9062718213         -0.179704903876       -0.102405501996       
0.360713289074        -0.625371287675       -0.813058723208       -0.625371287675       -0.813058723208       -0.168657414051       -0.0920470043936      
0.37046481147         -0.594953745165       -0.727120092557       -0.594953745165       -0.727120092557       -0.158061315604       -0.0825092309135      
0.380216333865        -0.564257128544       -0.648068775283       -0.564257128544       -0.648068775283       -0.14791065119        -0.0737406711207      
0.389967856261        -0.533436055508       -0.575528176006       -0.533436055508       -0.575528176006       -0.138194379986       -0.0656936096227      
0.399719378657        -0.502608507955       -0.509158297301       -0.502608507955       -0.509158297301       -0.128902147905       -0.0583346306676      
0.409470901052        -0.471927831744       -0.448631791401       -0.471927831744       -0.448631791401       -0.120026656471       -0.0516226338393      
0.419222423448        -0.441532879442       -0.393627634717       -0.441532879442       -0.393627634717       -0.111557424533       -0.0455172590951      
0.428973945843        -0.411557711345       -0.34385367715        -0.411557711345       -0.34385367715        -0.103488127318       -0.0399883450863      
0.438725468239        -0.382143798699       -0.299009625067       -0.382143798699       -0.299009625067       -0.0958100109325      -0.0349978524941      
0.448476990635        -0.353427705933       -0.258812548812       -0.353427705933       -0.258812548812       -0.0885166732789      -0.0305150956506      
0.45822851303         -0.325557398866       -0.222982290684       -0.325557398866       -0.222982290684       -0.0816038533688      -0.0265069194777      
0.467980035426        -0.298662485483       -0.191227891302       -0.298662485483       -0.191227891302       -0.075065492056       -0.0229412529299      
0.477731557822        -0.272880353674       -0.163266094508       -0.272880353674       -0.163266094508       -0.0688980865197      -0.0197862433731      
0.487483080217        -0.248320160539       -0.138792461638       -0.248320160539       -0.138792461638       -0.0630954092495      -0.0170086399088      
0.497234602613        -0.225087212864       -0.117510250301       -0.225087212864       -0.117510250301       -0.0576530614376      -0.0145766283899      
0.506986125009        -0.2032532329         -0.0991136046097      -0.2032532329         -0.0991136046097      -0.0525630933787      -0.0124572734226      
0.516737647404        -0.182867712929       -0.0833010100966      -0.182867712929       -0.0833010100966      -0.0478167167274      -0.0106184688754      
0.5264891698          -0.163955890515       -0.0697826951393      -0.163955890515       -0.0697826951393      -0.0434042211116      -0.00903011948314     
0.536240692196        -0.146508203041       -0.058277057873       -0.146508203041       -0.058277057873       -0.0393124114423      -0.00766230415449     
0.545992214591        -0.130496672645       -0.0485248703639      -0.130496672645       -0.0485248703639      -0.0355275667297      -0.00648804816807     
0.555743736987        -0.115872292949       -0.0402797337607      -0.115872292949       -0.0402797337607      -0.0320343522118      -0.00547972213013     
0.565495259383        -0.102603280462       -0.0333634349281      -0.102603280462       -0.0333634349281      -0.028826383602       -0.00462408105276     
0.575246781778        -0.0905169924099      -0.0275292955693      -0.0905169924099      -0.0275292955693      -0.0258594054502      -0.00388906384654     
0.584998304174        -0.0796337786608      -0.0226523466388      -0.0796337786608      -0.0226523466388      -0.0231456447891      -0.00326418623563     
0.59474982657         -0.0698350709467      -0.0185771145494      -0.0698350709467      -0.0185771145494      -0.0206591868091      -0.00273250019138     
0.604501348965        -0.0610366274122      -0.0151796028805      -0.0610366274122      -0.0151796028805      -0.0183844365029      -0.00228074998134     
0.614252871361        -0.0531564059268      -0.0123535447301      -0.0531564059268      -0.0123535447301      -0.0163064391378      -0.00189739210803     
0.624004393757        -0.0461180373319      -0.0100092830827      -0.0461180373319      -0.0100092830827      -0.0144117338584      -0.00157268918511     
0.633755916152        -0.0398446222031      -0.00806940033448     -0.0398446222031      -0.00806940033448     -0.0126863542799      -0.00129805914219     
0.643507438548        -0.0342668978974      -0.00646903655619     -0.0342668978974      -0.00646903655619     -0.0111179483158      -0.00106626536097     
0.653258960943        -0.0293156358189      -0.00515244659243     -0.0293156358189      -0.00515244659243     -0.00969347859934     -0.000870957578202    
0.663010483339        -0.0249437468006      -0.00407537328149     -0.0249437468006      -0.00407537328149     -0.00840634731922     -0.00070717124624     
0.672762005735        -0.0210830124238      -0.0031964102637      -0.0210830124238      -0.0031964102637      -0.00724216867455     -0.000569971051841    
0.68251352813         -0.0176874588396      -0.00248321461121     -0.0176874588396      -0.00248321461121     -0.00619310885121     -0.000455560496068    
0.692265050526        -0.0147109642454      -0.0019079061463      -0.0147109642454      -0.0019079061463      -0.00525051293791     -0.000360580074525    
0.702016572922        -0.0121119802823      -0.00144702608227     -0.0121119802823      -0.00144702608227     -0.0044065403974      -0.000282150016846    
0.711768095317        -0.0098525605115      -0.00108076583189     -0.0098525605115      -0.00108076583189     -0.00365388012727     -0.000217786743914    
0.721519617713        -0.00789851804651     -0.000792487363339    -0.00789851804651     -0.000792487363339    -0.00298587449345     -0.000165360610477    
0.731271140109        -0.00621900119064     -0.000568204820989    -0.00621900119064     -0.000568204820989    -0.00239643511627     -0.000123045762491    
0.741022662504        -0.0047864149563      -0.000396145517533    -0.0047864149563      -0.000396145517533    -0.00188007957898     -8.92617840822e-05    
0.7507741849          -0.00357612672711     -0.000266448218775    -0.00357612672711     -0.000266448218775    -0.00143190266528     -6.26546079054e-05    
0.7517741849          -0.003463726515       -0.000255206373286    -0.003463726515       -0.000255206373286    -0.00138963525607     -6.02851694547e-05    
0.7687741849          -0.00185420100375     -0.000111382113786    -0.00185420100375     -0.000111382113786    -0.000769507568416    -2.85659306443e-05    
0.7857741849          -0.000755973605853    -3.54851182117e-05    -0.000755973605853    -3.54851182117e-05    -0.000325420335667    -9.84666849164e-06    
0.8027741849          -0.000113599607764    -2.67005953499e-06    -0.000113599607764    -2.67005953499e-06    -5.33683669771e-05    -2.60834264094e-07    
0.8197741849          2.17914258405e-05     0.000128559619251     2.17914258405e-05     0.000128559619251     0.000116032266557     3.0493140271e-06      
0.8367741849          2.46857527569e-05     0.000546340549457     2.46857527569e-05     0.000546340549457     0.000102566149201     0.000212278866177     
0.8537741849          2.02913019025e-05     0.0010319318385       2.02913019025e-05     0.0010319318385       9.1089855753e-05      0.000468491464675     
0.8707741849          1.31915946255e-05     0.00151636566641      1.31915946255e-05     0.00151636566641      8.08889822143e-05     0.000738098050132     
0.8717741849          1.27480281737e-05     0.00154403273734      1.27480281737e-05     0.00154403273734      8.03241908317e-05     0.000753959955835     
0.880520121451        8.88420155745e-06     0.00178033118799      8.88420155745e-06     0.00178033118799      7.55472253208e-05     0.000891694380255     
0.889266058002        5.16683394117e-06     0.00200476332981      5.16683394117e-06     0.00200476332981      7.10494667258e-05     0.00102660813707      
0.898011994553        1.72247409246e-06     0.00221563101609      1.72247409246e-06     0.00221563101609      6.68206011512e-05     0.00115754195099      
0.906757931105        -1.366592098e-06      0.00241154334565      -1.366592098e-06      0.00241154334565      6.28434695261e-05     0.00128345958043      
0.915503867656        -4.05141240046e-06    0.00259179980472      -4.05141240046e-06    0.00259179980472      5.91095479784e-05     0.00140366181226      
0.924249804207        -6.30901565226e-06    0.00275590375681      -6.30901565226e-06    0.00275590375681      5.560609087e-05       0.00151754367586      
0.932995740758        -8.13565744381e-06    0.0029035303464       -8.13565744381e-06    0.0029035303464       5.2318832647e-05      0.00162458112221      
0.941741677309        -9.54194851592e-06    0.00303454431548      -9.54194851592e-06    0.00303454431548      4.92339450354e-05     0.00172434659241      
0.95048761386         -1.05500568735e-05    0.00314925335796      -1.05500568735e-05    0.00314925335796      4.63423121254e-05     0.00181666092705      
0.959233550412        -1.11874811972e-05    0.00324741124141      -1.11874811972e-05    0.00324741124141      4.36247225117e-05     0.001901027479        
0.967979486963        -1.14883982956e-05    0.00332936589917      -1.14883982956e-05    0.00332936589917      4.10705838322e-05     0.00197728983156      
0.976725423514        -1.14869336729e-05    0.00339456558695      -1.14869336729e-05    0.00339456558695      3.8658164108e-05      0.00204475641549      
0.985471360065        -1.12049060408e-05    0.00343810002206      -1.12049060408e-05    0.00343810002206      3.63224293233e-05     0.00210004930601      
0.994217296616        -1.06943404544e-05    0.00346348625471      -1.06943404544e-05    0.00346348625471      3.40961093084e-05     0.00214483767867      
1.00296323317         -1.00107392991e-05    0.00347609025036      -1.00107392991e-05    0.00347609025036      3.20182313812e-05     0.0021820643629       
1.01170916972         -9.19212133671e-06    0.00347680567169      -9.19212133671e-06    0.00347680567169      3.00775387738e-05     0.00221200265874      
1.02045510627         -8.27272217515e-06    0.00346610152447      -8.27272217515e-06    0.00346610152447      2.82600689208e-05     0.00223467653782      
1.02920104282         -7.28459743433e-06    0.00344465211735      -7.28459743433e-06    0.00344465211735      2.65550015401e-05     0.00225025474833      
1.03794697937         -6.25707211088e-06    0.00341325544184      -6.25707211088e-06    0.00341325544184      2.49534747117e-05     0.00225900572237      
1.04669291592         -5.21590608769e-06    0.00337246430075      -5.21590608769e-06    0.00337246430075      2.34457254451e-05     0.0022610559114       
1.05543885247         -4.18399378077e-06    0.00332288993874      -4.18399378077e-06    0.00332288993874      2.20234747268e-05     0.00225658598947      
1.06418478903         -3.18153697638e-06    0.00326543528693      -3.18153697638e-06    0.00326543528693      2.06812087548e-05     0.0022459938586       
1.07293072558         -2.22522471541e-06    0.00320062166987      -2.22522471541e-06    0.00320062166987      1.94116266103e-05     0.00222943898509      
1.08167666213         -1.32907504934e-06    0.00312910550819      -1.32907504934e-06    0.00312910550819      1.82091068042e-05     0.00220719056105      
1.09042259868         -5.04366785386e-07    0.00305164477851      -5.04366785386e-07    0.00305164477851      1.70692787871e-05     0.00217960971549      
1.09916853523         2.40298480985e-07     0.00296842145139      2.40298480985e-07     0.00296842145139      1.59852080715e-05     0.0021466645909       
1.10791447178         8.98592995712e-07     0.00288044222906      8.98592995712e-07     0.00288044222906      1.49551881916e-05     0.00210893048295      
1.11666040833         1.46648808517e-06     0.0027880766954       1.46648808517e-06     0.0027880766954       1.3974556324e-05      0.00206654360931      
1.12540634488         1.94200598394e-06     0.00269191261546      1.94200598394e-06     0.00269191261546      1.30403700947e-05     0.00201981459395      
1.13415228143         2.32499803097e-06     0.00259244875521      2.32499803097e-06     0.00259244875521      1.21497209559e-05     0.00196900541263      
1.14289821799         2.6168257894e-06      0.00249002536369      2.6168257894e-06      0.00249002536369      1.12994384729e-05     0.00191427211571      
1.15164415454         2.82070330727e-06     0.00238534913589      2.82070330727e-06     0.00238534913589      1.04884598602e-05     0.00185606631201      
1.16039009109         2.94070617241e-06     0.00227867571908      2.94070617241e-06     0.00227867571908      9.71404082089e-06     0.00179450887696      
1.16913602764         2.98243383262e-06     0.00217059244639      2.98243383262e-06     0.00217059244639      8.97525296524e-06     0.00172999280884      
1.17788196419         2.95206422331e-06     0.00206137025211      2.95206422331e-06     0.00206137025211      8.27012555222e-06     0.00166267656562      
1.18662790074         2.85644340366e-06     0.001951200381        2.85644340366e-06     0.001951200381        7.59672255149e-06     0.00159266244288      
1.19537383729         2.70442764269e-06     0.0018411888443       2.70442764269e-06     0.0018411888443       6.95690174634e-06     0.00152081428388      
1.20411977384         2.50339306219e-06     0.00173108069369      2.50339306219e-06     0.00173108069369      6.34741786775e-06     0.00144690041029      
1.2128657104          2.26205797594e-06     0.0016212865737       2.26205797594e-06     0.0016212865737       5.76786096191e-06     0.00137124101272      
1.22161164695         1.98934230134e-06     0.00151219353965      1.98934230134e-06     0.00151219353965      5.21787511471e-06     0.00129415140041      
1.2303575835          1.69424025235e-06     0.00140417750251      1.69424025235e-06     0.00140417750251      4.69718406425e-06     0.00121595190846      
1.23910352005         1.38555133745e-06     0.00129748315532      1.38555133745e-06     0.00129748315532      4.20518052754e-06     0.00113686242413      
1.2478494566          1.07210000871e-06     0.00119250678209      1.07210000871e-06     0.00119250678209      3.74185510744e-06     0.00105724663079      
1.25659539315         7.62211465691e-07     0.00108941274474      7.62211465691e-07     0.00108941274474      3.30652870485e-06     0.000977276095981     
1.2653413297          4.64036777481e-07     0.000988576924731     4.64036777481e-07     0.000988576924731     2.89924836599e-06     0.000897320817278     
1.27408726625         1.85134313558e-07     0.000890275597308     1.85134313558e-07     0.000890275597308     2.51977563033e-06     0.000817674920835     
1.2828332028          -6.75312181901e-08    0.000794739291844     -6.75312181901e-08    0.000794739291844     2.1677632784e-06      0.00073860163915      
1.29157913936         -2.87726901133e-07    0.00070240242445      -2.87726901133e-07    0.00070240242445      1.84341373408e-06     0.000660565773924     
1.30032507591         -4.70064851755e-07    0.000613453327972     -4.70064851755e-07    0.000613453327972     1.54622009868e-06     0.000583817075335     
1.30907101246         -6.10095991672e-07    0.000528192057994     -6.10095991672e-07    0.000528192057994     1.27593969778e-06     0.00050872129718      
1.31781694901         -7.04510066259e-07    0.000446957987362     -7.04510066259e-07    0.000446957987362     1.03235081671e-06     0.000435696170699     
1.32656288556         -7.5135580372e-07     0.000370138280114     -7.5135580372e-07     0.000370138280114     8.15233049083e-07     0.000365222341977     
1.33530882211         -7.50129871938e-07    0.000298107041341     -7.50129871938e-07    0.000298107041341     6.24196660862e-07     0.000297785798472     
1.34405475866         -7.02214500379e-07    0.000231334326695     -7.02214500379e-07    0.000231334326695     4.58888400194e-07     0.000233987678555     
1.35280069521         -6.11159694532e-07    0.000170353195693     -6.11159694532e-07    0.000170353195693     3.18858980146e-07     0.000174516905754     
1.36154663177         -4.8356519559e-07     0.00011588704951      -4.8356519559e-07     0.00011588704951      2.03732513425e-07     0.000120286834495     
1.37029256832         -3.29989377531e-07    6.88775914952e-05     -3.29989377531e-07    6.88775914952e-05     1.1312249703e-07      7.24779723056e-05     
1.37903850487         -1.6784185864e-07     3.08399694597e-05     -1.6784185864e-07     3.08399694597e-05     4.70210726368e-08     3.29328337472e-05     
1.38778444142         -2.97523606406e-08    4.85596923039e-06     -2.97523606406e-08    4.85596923039e-06     6.82195618559e-09     5.27629346424e-06     
1.39653037797         8.28910329061e-06     5.67375433788e-08     8.28910329061e-06     5.67375433788e-08     9.17737183187e-06     -2.37497046785e-07    
1.40527631452         3.67463804684e-05     2.7912609849e-07      3.67463804684e-05     2.7912609849e-07      4.10666603586e-05     -1.18452154391e-06    
1.41402225107         7.637519691e-05       6.4006340452e-07      7.637519691e-05       6.4006340452e-07      8.61468481848e-05     -2.74628559515e-06    
1.42276818762         0.000124534239158     1.14550793376e-06     0.000124534239158     1.14550793376e-06     0.000141766484909     -4.94827238154e-06    
1.43151412417         0.000179860460869     1.80750495953e-06     0.000179860460869     1.80750495953e-06     0.000206634062241     -7.82699782588e-06    
1.44026006073         0.000241428642758     2.63976761929e-06     0.000241428642758     2.63976761929e-06     0.000279900016951     -1.14134289745e-05    
1.44900599728         0.00030859164906      3.6573354476e-06      0.00030859164906      3.6573354476e-06      0.000360998968528     -1.57431413435e-05    
1.45775193383         0.000380838333401     4.87576557897e-06     0.000380838333401     4.87576557897e-06     0.000449499185845     -2.08545034551e-05    
1.46649787038         0.000457740287103     6.31084818312e-06     0.000457740287103     6.31084818312e-06     0.000545050806775     -2.67749319883e-05    
1.47524380693         0.000538939278633     7.97866686843e-06     0.000538939278633     7.97866686843e-06     0.000647361987035     -3.3532137848e-05     
1.48398974348         0.000624188305988     9.8964710761e-06      0.000624188305988     9.8964710761e-06      0.000756261802979     -4.11573648262e-05    
1.49273568003         0.000713187455158     1.20803745841e-05     0.000713187455158     1.20803745841e-05     0.000871504313791     -4.96747631276e-05    
1.50148161658         0.000805685710391     1.45468112888e-05     0.000805685710391     1.45468112888e-05     0.000992891670954     -5.91078416016e-05    
1.51022755313         0.000901480287378     1.73126990761e-05     0.000901480287378     1.73126990761e-05     0.00112027938987      -6.94822331564e-05    
1.51897348969         0.00100042576575      2.03958230425e-05     0.00100042576575      2.03958230425e-05     0.0012535729806       -8.08342378331e-05    
1.52771942624         0.00110226323127      2.38114209996e-05     0.00110226323127      2.38114209996e-05     0.00139253335361      -9.31706302295e-05    
1.53646536279         0.00120693502871      2.75786143243e-05     0.00120693502871      2.75786143243e-05     0.00153717010507      -0.000106519924639    
1.54521129934         0.00131422705595      3.17129747435e-05     0.00131422705595      3.17129747435e-05     0.00168728835001      -0.000120895472971    
1.55395723589         0.00142410676497      3.62340729404e-05     0.00142410676497      3.62340729404e-05     0.00184291898102      -0.000136324882558    
1.56270317244         0.00153618719731      4.11522670326e-05     0.00153618719731      4.11522670326e-05     0.00200362903553      -0.000152800081632    
1.57144910899         0.00165060168669      4.649088253e-05       0.00165060168669      4.649088253e-05       0.0021696534627       -0.000170360951989    
1.58019504554         0.00176713497852      5.22640517314e-05     0.00176713497852      5.22640517314e-05     0.00234077070005      -0.000189012120407    
1.5889409821          0.00188571858209      5.84896030414e-05     0.00188571858209      5.84896030414e-05     0.00251694615706      -0.00020877125688     
1.59768691865         0.00200630178507      6.51858773605e-05     0.00200630178507      6.51858773605e-05     0.00269816621373      -0.000229657049993    
1.6064328552          0.00212875246906      7.23684630895e-05     0.00212875246906      7.23684630895e-05     0.00288430474487      -0.000251677804956    
1.61517879175         0.00225305092831      8.00564362962e-05     0.00225305092831      8.00564362962e-05     0.00307538360042      -0.000274853547304    
1.6239247283          0.00237897463743      8.82615001268e-05     0.00237897463743      8.82615001268e-05     0.0032711448335       -0.00029917848596     
1.63267066485         0.00250655355724      9.70039720141e-05     0.00250655355724      9.70039720141e-05     0.00347167118309      -0.000324676158353    
1.6414166014          0.00263590558648      0.000106308131585     0.00263590558648      0.000106308131585     0.0036771692231       -0.000351382247478    
1.65016253795         0.00276660705268      0.000116176521278     0.00276660705268      0.000116176521278     0.00388708934506      -0.000379259943455    
1.6589084745          0.00289905112003      0.000126644736895     0.00289905112003      0.000126644736895     0.00410202100449      -0.000408381056216    
1.66765441106         0.00303317030202      0.000137730322168     0.00303317030202      0.000137730322168     0.00432191339008      -0.000438756665866    
1.67640034761         0.00316896360683      0.000149453706413     0.00316896360683      0.000149453706413     0.00454680967097      -0.000470406655216    
1.68514628416         0.00330694971698      0.000161860953469     0.00330694971698      0.000161860953469     0.00477750855242      -0.000503429953637    
1.69389222071         0.00345975238408      0.000175616543467     0.00345975238408      0.000175616543467     0.00503244916695      -0.000539860404077    
1.70263815726         0.00362870799852      0.000190884605939     0.00362870799852      0.000190884605939     0.00531394633526      -0.000580081068983    
1.71138409381         0.00379894219732      0.000206958700313     0.00379894219732      0.000206958700313     0.00560055569178      -0.000621813800153    
1.72013003036         0.00397078072152      0.000223878883102     0.00397078072152      0.000223878883102     0.00589279182126      -0.000665128851044    
1.72887596691         0.00414428235501      0.00024167225272      0.00414428235501      0.00024167225272      0.00619077962895      -0.000710055628251    
1.73762190347         0.00431941397846      0.000260360972731     0.00431941397846      0.000260360972731     0.00649450689931      -0.000756608247701    
1.74636784002         0.0044961023052       0.00027996459028      0.0044961023052       0.00027996459028      0.00680389864861      -0.000804793032018    
1.75511377657         0.00467425357614      0.000300500881731     0.00467425357614      0.000300500881731     0.00711884536716      -0.00085461133694     
1.76385971312         0.0048537624454       0.000321986206247     0.0048537624454       0.000321986206247     0.00743921574399      -0.000906060812336    
1.77260564967         0.00503451651917      0.000344435664285     0.00503451651917      0.000344435664285     0.00776486316776      -0.000959136039542    
1.78135158622         0.00521639890919      0.000367863168915     0.00521639890919      0.000367863168915     0.00809562939466      -0.00101382888752     
1.79009752277         0.00539928978689      0.000392281474689     0.00539928978689      0.000392281474689     0.00843134679677      -0.00107012873012     
1.79884345932         0.00558306739432      0.000417702184654     0.00558306739432      0.000417702184654     0.00877183984438      -0.0011280225898      
1.80758939587         0.00576760876736      0.000444135747771     0.00576760876736      0.000444135747771     0.00911692619082      -0.00118749524583     
1.81633533243         0.0059527901101       0.000471591438059     0.0059527901101       0.000471591438059     0.00946641724503      -0.00124852928658     
1.82508126898         0.00613848744103      0.000500077360999     0.00613848744103      0.000500077360999     0.00982011920235      -0.00131110522886     
1.83382720553         0.00632457663371      0.000529600418247     0.00632457663371      0.000529600418247     0.0101778331406       -0.00137520152112     
1.84257314208         0.00651093379558      0.00056016630253      0.00651093379558      0.00056016630253      0.0105393556706       -0.00144079462286     
1.85131907863         0.00669743545044      0.000591779480987     0.00669743545044      0.000591779480987     0.0109044792953       -0.00150785904908     
1.86006501518         0.00688395871811      0.000624443181529     0.00688395871811      0.000624443181529     0.0112729927867       -0.00157636741884     
1.86881095173         0.00707038147275      0.000658159380545     0.00707038147275      0.000658159380545     0.0116446815553       -0.00164629050345     
1.87755688828         0.00725658248464      0.000692928792135     0.00725658248464      0.000692928792135     0.0120193280372       -0.00171759727494     
1.88630282483         0.0074424415486       0.000728750859026     0.0074424415486       0.000728750859026     0.0123967121349       -0.00179025495502     
1.89504876139         0.00762783960058      0.000765623745128     0.00762783960058      0.000765623745128     0.0127766118041       -0.00186422906459     
1.90379469794         0.00781265882834      0.000803544330234     0.00781265882834      0.000803544330234     0.0131588040755       -0.00193948347502     
1.91254063449         0.0079967827701       0.000842508206152     0.0079967827701       0.000842508206152     0.0135430677813       -0.00201598045927     
1.92128657104         0.00818009640966      0.000882509675046     0.00818009640966      0.000882509675046     0.0139292100711       -0.00209368588617     
1.93003250759         0.00836248626454      0.000923541749556     0.00836248626454      0.000923541749556     0.014316931856        -0.00217266619304     
1.93877844414         0.00854384046766      0.000965596154713     0.00854384046766      0.000965596154713     0.0147059649897       -0.00225277322692     
1.94752438069         0.00872404884697      0.00100866333204      0.00872404884697      0.00100866333204      0.0150960989812       -0.00233396340289     
1.95627031724         0.00890300299602      0.00105273244501      0.00890300299602      0.00105273244501      0.0154871033296       -0.00241619180223     
1.9650162538          0.00908059634514      0.00109779138694      0.00908059634514      0.00109779138694      0.0158787437749       -0.00249941223063     
1.97376219035         0.00925672422515      0.00114382679026      0.00925672422515      0.00114382679026      0.0162707844712       -0.00258357727641     
1.9825081269          0.00943128392518      0.00119082403736      0.00943128392518      0.00119082403736      0.016662988798        -0.00266863836873     
1.99125406345         0.00960417475732      0.00123876727441      0.00960417475732      0.00123876727441      0.0170551198373       -0.0027545458396      
2                     0.0097752981022       0.00128763942504      0.0097752981022       0.00128763942504      0.0174469406952       -0.00284124898192     
2.001                 0.00979474718848      0.00129328577719      0.00979474718848      0.00129328577719      0.0174917106393       -0.00285121089413     
2.18280808081         0.0127989402449       0.00248030227846      0.0127989402449       0.00248030227846      0.0251640750899       -0.00473941071728     
2.36461616162         0.0143996345283       0.00378715357484      0.0143996345283       0.00378715357484      0.0307108445102       -0.00643843846846     
2.54642424242         0.0144216242485       0.00486726404211      0.0144216242485       0.00486726404211      0.0329456496243       -0.0075057718975      
2.72823232323         0.0130794632966       0.00543107720363      0.0130794632966       0.00543107720363      0.0316610999836       -0.00770818015759     
2.91004040404         0.0108387542667       0.00535888702903      0.0108387542667       0.00535888702903      0.0275450241465       -0.00707992316025     
3.09184848485         0.00824686684323      0.00472974556536      0.00824686684323      0.00472974556536      0.0218278603776       -0.00587010505073     
3.27365656566         0.00577791964867      0.00376321444669      0.00577791964867      0.00376321444669      0.0158186693002       -0.00441983606211     
3.45546464646         0.00373527501373      0.00271493914404      0.00373527501373      0.00271493914404      0.0105157559341       -0.00303580933557     
3.63727272727         0.00223205738833      0.00178433232965      0.00223205738833      0.00178433232965      0.00642914726844      -0.00190921665303     
3.81908080808         0.00123486653132      0.00107255311832      0.00123486653132      0.00107255311832      0.00362348706187      -0.00110286643636     
4.00088888889         0.000633437438932     0.000591622769269     0.000633437438932     0.000591622769269     0.00188656803212      -0.000586763406269    
4.1826969697          0.000301657261778     0.0003003172973       0.000301657261778     0.0003003172973       0.000909044166997     -0.000288196697422    
4.36450505051         0.000133511421853     0.000140619502529     0.000133511421853     0.000140619502529     0.000406006217996     -0.000130929965951    
4.54631313131         5.49667500028e-05     6.08530050044e-05     5.49667500028e-05     6.08530050044e-05     0.000168295884019     -5.51064820882e-05    
4.72812121212         2.10652707534e-05     2.437711676e-05       2.10652707534e-05     2.437711676e-05       6.4813486776e-05      -2.15153560244e-05    
4.90992929293         7.51914246629e-06     9.05146313623e-06     7.51914246629e-06     9.05146313623e-06     2.32105335551e-05     -7.80089432369e-06    
5.09173737374         2.50096223857e-06     3.11866082552e-06     2.50096223857e-06     3.11866082552e-06     7.73472983891e-06     -2.62892502214e-06    
5.27354545455         7.75447284879e-07     9.98002260982e-07     7.75447284879e-07     9.98002260982e-07     2.39997882798e-06     -8.24090738492e-07    
5.45535353535         2.24205569317e-07     2.96858684758e-07     2.24205569317e-07     2.96858684758e-07     6.93735709784e-07     -2.40441938504e-07    
5.63716161616         6.04661144386e-08     8.21325128546e-08     6.04661144386e-08     8.21325128546e-08     1.86894039002e-07     -6.53309922673e-08    
5.81896969697         1.5214445226e-08      2.11485320357e-08     1.5214445226e-08      2.11485320357e-08     4.6943588051e-08      -1.65388500768e-08    
6.00077777778         3.5725052693e-09      5.0706672947e-09      3.5725052693e-09      5.0706672947e-09      1.09971504171e-08     -3.90251933891e-09    
6.18258585859         7.82972503223e-10     1.13256379156e-09     7.82972503223e-10     1.13256379156e-09     2.40344033039e-09     -8.58604744657e-10    
6.36439393939         1.601965758e-10       2.35745510043e-10     1.601965758e-10       2.35745510043e-10     4.90171336187e-10     -1.76192251126e-10    
6.5462020202          3.06027413744e-11     4.57463825447e-11     3.06027413744e-11     4.57463825447e-11     9.33086231015e-11     -3.37322330933e-11    
6.72801010101         5.45971044822e-12     8.27896528229e-12     5.45971044822e-12     8.27896528229e-12     1.65837550919e-11     -6.02719052099e-12    
6.90981818182         9.10891143304e-13     1.39942433322e-12     9.10891143304e-13     1.39942433322e-12     2.75574472426e-12     -1.00651570381e-12    
7.09162626263         1.40745818413e-13     2.18834795848e-13     1.40745818413e-13     2.18834795848e-13     4.24027002725e-13     -1.5558983655e-13     
7.27343434343         1.97028269358e-14     3.09725640607e-14     1.97028269358e-14     3.09725640607e-14     5.9103657091e-14      -2.17809519909e-14    
7.45524242424         4.25127311996e-15     6.75068450725e-15     4.25127311996e-15     6.75068450725e-15     1.26966411142e-14     -4.69792584795e-15    
7.63705050505         5.49737087963e-16     8.81077625852e-16     5.49737087963e-16     8.81077625852e-16     1.63446990223e-15     -6.07070711343e-16    
7.81885858586         5.85639215156e-16     9.46679900358e-16     5.85639215156e-16     9.46679900358e-16     1.73333360501e-15     -6.46083889297e-16    
8.00066666667         6.22863378749e-16     1.0148290123e-15      6.22863378749e-16     1.0148290123e-15      1.83510752999e-15     -6.86309836147e-16    
8.18247474747         6.614180063e-16       1.08553231791e-15     6.614180063e-16       1.08553231791e-15     1.93979254907e-15     -7.27747712298e-16    
8.36428282828         7.01311026371e-16     1.15879660917e-15     7.01311026371e-16     1.15879660917e-15     2.04738950445e-15     -7.70396711576e-16    
8.54609090909         7.4254990556e-16      1.23462816535e-15     7.4254990556e-16      1.23462816535e-15     2.15789921103e-15     -8.14256060762e-16    
8.7278989899          7.85141682326e-16     1.31303279896e-15     7.85141682326e-16     1.31303279896e-15     2.27132245808e-15     -8.59325018878e-16    
8.90970707071         8.29092997933e-16     1.39401589692e-15     8.29092997933e-16     1.39401589692e-15     2.38766001054e-15     -9.05602876285e-16    
9.09151515152         8.74410124775e-16     1.47758245752e-15     8.74410124775e-16     1.47758245752e-15     2.5069126101e-15      -9.53088953665e-16    
9.27332323232         9.21098992335e-16     1.56373712362e-15     9.21098992335e-16     1.56373712362e-15     2.62908097614e-15     -1.00178260092e-15    
9.45513131313         9.69165210992e-16     1.65248421256e-15     9.69165210992e-16     1.65248421256e-15     2.75416580651e-15     -1.05168319603e-15    
9.63693939394         1.01861409388e-15     1.7438277431e-15      1.01861409388e-15     1.7438277431e-15      2.88216777838e-15     -1.10279014388e-15    
9.81874747475         1.069450677e-15       1.83777145984e-15     1.069450677e-15       1.83777145984e-15     3.01308754891e-15     -1.15510287511e-15    
10.0005555556         1.12167973764e-15     1.93431885521e-15     1.12167973764e-15     1.93431885521e-15     3.14692575593e-15     -1.20862084495e-15    
10.1823636364         1.17530581148e-15     2.03347318952e-15     1.17530581148e-15     2.03347318952e-15     3.28368301862e-15     -1.2633435321e-15     
10.3641717172         1.23033320822e-15     2.13523750905e-15     1.23033320822e-15     2.13523750905e-15     3.42335993812e-15     -1.31927043763e-15    
10.545979798          1.28676602606e-15     2.23961466255e-15     1.28676602606e-15     2.23961466255e-15     3.56595709814e-15     -1.37640108389e-15    
10.7277878788         1.34460816508e-15     2.34660731631e-15     1.34460816508e-15     2.34660731631e-15     3.71147506553e-15     -1.43473501356e-15    
10.9095959596         1.4038633396e-15      2.45621796776e-15     1.4038633396e-15      2.45621796776e-15     3.85991439088e-15     -1.49427178856e-15    
11.0914040404         1.46453508961e-15     2.56844895803e-15     1.46453508961e-15     2.56844895803e-15     4.011275609e-15       -1.55501098923e-15    
11.2732121212         1.52662679133e-15     2.68330248334e-15     1.52662679133e-15     2.68330248334e-15     4.16555923955e-15     -1.61695221334e-15    
11.455020202          1.59014166707e-15     2.80078060548e-15     1.59014166707e-15     2.80078060548e-15     4.32276578744e-15     -1.68009507526e-15    
11.6368282828         1.65508279432e-15     2.92088526132e-15     1.65508279432e-15     2.92088526132e-15     4.48289574343e-15     -1.74443920519e-15    
11.8186363636         1.72145311418e-15     3.04361827167e-15     1.72145311418e-15     3.04361827167e-15     4.64594958453e-15     -1.80998424831e-15    
12.0004444444         1.78925543929e-15     3.1689813493e-15      1.78925543929e-15     3.1689813493e-15      4.81192777451e-15     -1.87672986414e-15    
12.1822525253         1.85849246107e-15     3.29697610637e-15     1.85849246107e-15     3.29697610637e-15     4.98083076432e-15     -1.94467572574e-15    
12.3640606061         1.92916675657e-15     3.42760406126e-15     1.92916675657e-15     3.42760406126e-15     5.15265899256e-15     -2.01382151914e-15    
12.5458686869         2.00128079484e-15     3.56086664484e-15     2.00128079484e-15     3.56086664484e-15     5.32741288587e-15     -2.08416694268e-15    
12.7276767677         2.07483694278e-15     3.69676520631e-15     2.07483694278e-15     3.69676520631e-15     5.50509285934e-15     -2.15571170638e-15    
12.9094848485         2.14983747074e-15     3.8353010185e-15      2.14983747074e-15     3.8353010185e-15      5.6856993169e-15      -2.22845553146e-15    
13.0912929293         2.22628455765e-15     3.97647528289e-15     2.22628455765e-15     3.97647528289e-15     5.86923265172e-15     -2.30239814973e-15    
13.2731010101         2.30418029585e-15     4.12028913413e-15     2.30418029585e-15     4.12028913413e-15     6.05569324654e-15     -2.37753930316e-15    
13.4549090909         2.38352669559e-15     4.2667436443e-15      2.38352669559e-15     4.2667436443e-15      6.24508147406e-15     -2.45387874333e-15    
13.6367171717         2.46432568931e-15     4.41583982684e-15     2.46432568931e-15     4.41583982684e-15     6.43739769724e-15     -2.53141623105e-15    
13.8185252525         2.54657913555e-15     4.56757864021e-15     2.54657913555e-15     4.56757864021e-15     6.63264226966e-15     -2.61015153587e-15    
14.0003333333         2.6302888227e-15      4.72196099124e-15     2.6302888227e-15      4.72196099124e-15     6.83081553583e-15     -2.69008443574e-15    
14.1821414141         2.71545647248e-15     4.87898773831e-15     2.71545647248e-15     4.87898773831e-15     7.0319178315e-15      -2.77121471658e-15    
14.3639494949         2.80208374322e-15     5.03865969422e-15     2.80208374322e-15     5.03865969422e-15     7.23594948398e-15     -2.85354217192e-15    
14.5457575758         2.89017223294e-15     5.20097762897e-15     2.89017223294e-15     5.20097762897e-15     7.4429108124e-15      -2.93706660259e-15    
14.7275656566         2.97972348222e-15     5.36594227228e-15     2.97972348222e-15     5.36594227228e-15     7.65280212801e-15     -3.02178781637e-15    
14.9093737374         3.07073897699e-15     5.5335543159e-15      3.07073897699e-15     5.5335543159e-15      7.86562373451e-15     -3.10770562769e-15    
15.0911818182         3.16322015103e-15     5.70381441588e-15     3.16322015103e-15     5.70381441588e-15     8.08137592828e-15     -3.19481985733e-15    
15.272989899          3.25716838844e-15     5.87672319459e-15     3.25716838844e-15     5.87672319459e-15     8.30005899873e-15     -3.28313033216e-15    
15.4547979798         3.35258502589e-15     6.05228124263e-15     3.35258502589e-15     6.05228124263e-15     8.52167322859e-15     -3.37263688484e-15    
15.6366060606         3.44947135476e-15     6.23048912067e-15     3.44947135476e-15     6.23048912067e-15     8.74621889432e-15     -3.46333935362e-15    
15.8184141414         3.54782862325e-15     6.41134736107e-15     3.54782862325e-15     6.41134736107e-15     8.97369626649e-15     -3.55523758207e-15    
16.0002222222         3.6476580382e-15      6.5948564695e-15      3.6476580382e-15      6.5948564695e-15      9.20410561053e-15     -3.64833141888e-15    
16.182030303          3.74896076697e-15     6.78101692639e-15     3.74896076697e-15     6.78101692639e-15     9.43744718775e-15     -3.74262071761e-15    
16.3638383838         3.85173793914e-15     6.96982918829e-15     3.85173793914e-15     6.96982918829e-15     9.67372125771e-15     -3.83810533651e-15    
16.5456464646         3.95599064813e-15     7.16129368922e-15     3.95599064813e-15     7.16129368922e-15     9.9129280856e-15      -3.93478513833e-15    
16.7274545455         4.06171995275e-15     7.3554108418e-15      4.06171995275e-15     7.3554108418e-15      1.01550680184e-14     -4.03266000093e-15    
16.9092626263         4.16892687865e-15     7.55218103849e-15     4.16892687865e-15     7.55218103849e-15     1.04001410953e-14     -4.13173012547e-15    
17.0910707071         4.2776124197e-15      7.75160465256e-15     4.2776124197e-15      7.75160465256e-15     1.06481474298e-14     -4.23199505533e-15    
17.2728787879         4.3877775393e-15      7.95368203916e-15     4.3877775393e-15      7.95368203916e-15     1.08990873245e-14     -4.33345466948e-15    
17.4546868687         4.49942317165e-15     8.15841353624e-15     4.49942317165e-15     8.15841353624e-15     1.11529610145e-14     -4.43610885055e-15    
17.6364949495         4.61255022289e-15     8.36579946546e-15     4.61255022289e-15     8.36579946546e-15     1.14097687203e-14     -4.5399574847e-15     
17.8183030303         4.72715957225e-15     8.575840133e-15       4.72715957225e-15     8.575840133e-15       1.16695106539e-14     -4.64500046146e-15    
18.0001111111         4.84325207312e-15     8.78853583036e-15     4.84325207312e-15     8.78853583036e-15     1.1932187021e-14      -4.75123767361e-15    
18.1819191919         4.96082855403e-15     9.00388683512e-15     4.96082855403e-15     9.00388683512e-15     1.21977980221e-14     -4.85866901708e-15    
18.3637272727         5.07988981966e-15     9.22189341162e-15     5.07988981966e-15     9.22189341162e-15     1.24663438526e-14     -4.96729439079e-15    
18.5455353535         5.20043665173e-15     9.44255581163e-15     5.20043665173e-15     9.44255581163e-15     1.27378247033e-14     -5.07711369656e-15    
18.7273434343         5.32246980989e-15     9.66587427497e-15     5.32246980989e-15     9.66587427497e-15     1.30122407608e-14     -5.18812683901e-15    
18.9091515152         5.44599003252e-15     9.89184903009e-15     5.44599003252e-15     9.89184903009e-15     1.32895922075e-14     -5.30033372543e-15    
19.090959596          5.5709980376e-15      1.01204802947e-14     5.5709980376e-15      1.01204802947e-14     1.35698792219e-14     -5.41373426571e-15    
19.2727676768         5.69749452335e-15     1.03517682761e-14     5.69749452335e-15     1.03517682761e-14     1.38531019786e-14     -5.52832837223e-15    
19.4545757576         5.82548016909e-15     1.05857131719e-14     5.82548016909e-15     1.05857131719e-14     1.41392606486e-14     -5.64411595977e-15    
19.6363838384         5.9549556358e-15      1.08223151705e-14     5.9549556358e-15      1.08223151705e-14     1.44283553991e-14     -5.76109694543e-15    
19.8181919192         6.08592156687e-15     1.10615744512e-14     6.08592156687e-15     1.10615744512e-14     1.4720386394e-14      -5.87927124855e-15    
20                    0                     0                     0                     0                     0                     0                     
