0.0779191396          0                     0                     0                     0                     0                     0                     
0.087577837391        1.89482916578         3.88199156265         1.89482916578         3.88199156265         0.651142163318        1.55523651683         
0.0972365351819       9.42587524903         17.7676986908         9.42587524903         17.7676986908         3.41181610723         7.06462489059         
0.106895232973        20.618756918          36.2939725263         20.618756918          36.2939725263         7.78033718761         14.3349141878         
0.116553930764        32.8658273301         54.3885435633         32.8658273301         54.3885435633         12.8420831846         21.3376451367         
0.126212628555        44.5242547441         69.5854917622         44.5242547441         69.5854917622         17.9235917428         27.1044746672         
0.135871326346        54.7799018652         81.1112221143         54.7799018652         81.1112221143         22.6258591841         31.343799167          
0.145530024137        63.3326485822         89.1214324998         63.3326485822         89.1214324998         26.7512896201         34.1393185274         
0.155188721928        70.2245752115         94.0426376378         70.2245752115         94.0426376378         30.2555697805         35.6715429366         
0.164847419719        75.5446799315         96.434099354          75.5446799315         96.434099354          33.1250887423         36.1740187146         
0.17450611751         79.4915118487         96.8329292189         79.4915118487         96.8329292189         35.4099985239         35.8670747289         
0.184164815301        82.2561531195         95.6640391995         82.2561531195         95.6640391995         37.1611002736         34.9152536372         
0.193823513091        83.9756235804         93.3149011404         83.9756235804         93.3149011404         38.4097689094         33.4791240823         
0.203482210882        84.8051369504         90.0860617664         84.8051369504         90.0860617664         39.20363612           31.677120603          
0.213140908673        84.8351417495         86.2324176861         84.8351417495         86.2324176861         39.5574146724         29.6232691305         
0.222799606464        84.1355112041         82.0084283335         84.1355112041         82.0084283335         39.4895303844         27.4442402486         
0.232458304255        82.8224767458         77.6445775176         82.8224767458         77.6445775176         39.0554196493         25.2590065743         
0.242117002046        81.0316058165         73.33109329           81.0316058165         73.33109329           38.3316549719         23.1665710384         
0.251775699837        78.9250015937         69.1412938501         78.9250015937         69.1412938501         37.4111954451         21.1931282861         
0.261434397628        76.5933686663         65.131689525          76.5933686663         65.131689525          36.3472145886         19.3614076461         
0.271093095419        74.1227479177         61.3374471531         74.1227479177         61.3374471531         35.1910836051         17.681834556          
0.28075179321         71.5896799608         57.7719510876         71.5896799608         57.7719510876         33.9892313558         16.1524697584         
0.290410491001        69.0425153883         54.4251063948         69.0425153883         54.4251063948         32.771401816          14.7591801475         
0.300069188792        66.5201022963         51.2801073969         66.5201022963         51.2801073969         31.5601637414         13.4839126806         
0.309727886583        64.030351876          48.3269910109         64.030351876          48.3269910109         30.3588025535         12.3157874145         
0.319386584374        61.5849040878         45.5600262826         61.5849040878         45.5600262826         29.1732665364         11.2484031884         
0.329045282165        59.1952670856         42.9781374524         59.1952670856         42.9781374524         28.0100366313         10.2791219718         
0.338703979956        56.8726548273         40.5760951929         56.8726548273         40.5760951929         26.8766067159         9.40410233989         
0.348362677747        54.6259404648         38.3512607372         54.6259404648         38.3512607372         25.7795430626         8.62083911142         
0.358021375538        52.4754572123         36.2887526252         52.4754572123         36.2887526252         24.7322565238         7.91869887728         
0.367680073329        50.4278941045         34.3677732566         50.4278941045         34.3677732566         23.7390037909         7.28348089397         
0.37733877112         48.4801440472         32.5714574577         48.4801440472         32.5714574577         22.7982954049         6.7045642004          
0.386997468911        46.6286322834         30.8856809768         46.6286322834         30.8856809768         21.9077988039         6.17257718817         
0.396656166702        44.8672169374         29.2976774102         44.8672169374         29.2976774102         21.0637580773         5.67981043582         
0.406314864492        43.1884447163         27.7990841393         43.1884447163         27.7990841393         20.261352332          5.22127385845         
0.415973562283        41.5851256682         26.3835437295         41.5851256682         26.3835437295         19.4961357271         4.79358989605         
0.425632260074        40.0530026208         25.0457088777         40.0530026208         25.0457088777         18.7652559665         4.3941982827          
0.435290957865        38.5853545009         23.7781594071         38.5853545009         23.7781594071         18.0644957575         4.01989779917         
0.444949655656        37.1771944251         22.579761161          37.1771944251         22.579761161          17.3915433198         3.67087967975         
0.454608353447        35.8248839235         21.4493715656         35.8248839235         21.4493715656         16.7443394932         3.34701010136         
0.464267051238        34.5258958347         20.384370925          34.5258958347         20.384370925          16.1217614258         3.04772110623         
0.473925749029        33.2789997323         19.3816373845         33.2789997323         19.3816373845         15.5235047279         2.77179721739         
0.48358444682         32.0821804545         18.4399839166         32.0821804545         18.4399839166         14.9487323045         2.51941170557         
0.493243144611        30.934036869          17.5541680362         30.934036869          17.5541680362         14.3971859443         2.28816166409         
0.502901842402        29.8343791843         16.7224476592         29.8343791843         16.7224476592         13.8690154504         2.07737436799         
0.512560540193        28.7818214308         15.9411918106         28.7818214308         15.9411918106         13.3637983299         1.88542722479         
0.522219237984        27.7739686403         15.2062603453         27.7739686403         15.2062603453         12.8807112871         1.7107581825          
0.531877935775        26.8128884981         14.5164546423         26.8128884981         14.5164546423         12.4207655803         1.55204456341         
0.541536633566        25.8942161169         13.8662351757         25.8942161169         13.8662351757         11.9821680331         1.40734729888         
0.551195331357        25.0167007049         13.2535284973         25.0167007049         13.2535284973         11.5642251363         1.27546312556         
0.560854029148        24.1789905495         12.6748386675         24.1789905495         12.6748386675         11.1663877133         1.15470531172         
0.570512726939        23.3785207289         12.1272996722         23.3785207289         12.1272996722         10.7873998178         1.04389182923         
0.58017142473         22.6154644458         11.6095871472         22.6154644458         11.6095871472         10.4273405685         0.942158384235        
0.589830122521        21.885914922          11.1174016338         21.885914922          11.1174016338         10.0840392191         0.847413240959        
0.599488820312        21.1893343907         10.6498547414         21.1893343907         10.6498547414         9.75741014475         0.759516827153        
0.609147518103        20.5234803365         10.2054386868         20.5234803365         10.2054386868         9.44605774851         0.677702540976        
0.618806215893        19.8850250361         9.78094098715         19.8850250361         9.78094098715         9.14843092968         0.600903421385        
0.628464913684        19.2748015675         9.37643765037         19.2748015675         9.37643765037         8.86473162361         0.528772187856        
0.638123611475        18.690148591          8.9896440772          18.690148591          8.9896440772          8.59361981996         0.460568245245        
0.647782309266        18.1291160247         8.61965898133         18.1291160247         8.61965898133         8.3340217263          0.396036433566        
0.657441007057        17.5908426278         8.26552899717         17.5908426278         8.26552899717         8.08544550066         0.334799466642        
0.667099704848        17.0737363346         7.92622264683         17.0737363346         7.92622264683         7.84703469487         0.276536496417        
0.676758402639        16.5762012695         7.60077385166         16.5762012695         7.60077385166         7.61794502556         0.221025949103        
0.68641710043         16.0957577465         7.29004600924         16.0957577465         7.29004600924         7.39680605375         0.169077097731        
0.696075798221        15.633465369          6.99204155941         15.633465369          6.99204155941         7.18431787823         0.119651611502        
0.705734496012        15.1891094187         6.70589732616         15.1891094187         6.70589732616         6.98030881186         0.072267780777        
0.715393193803        14.7598957443         6.43115427638         14.7598957443         6.43115427638         6.78322501162         0.0271348606709       
0.725051891594        14.3464105039         6.16696227169         14.3464105039         6.16696227169         6.59363687754         -0.0161236035085      
0.734710589385        13.9471624426         5.91342864912         13.9471624426         5.91342864912         6.41049225075         -0.0572790565643      
0.744369287176        13.5612310077         5.66999387224         13.5612310077         5.66999387224         6.23339277299         -0.0964460252269      
0.754027984967        13.1870819883         5.43665235299         13.1870819883         5.43665235299         6.06150446032         -0.133303216318       
0.763686682758        12.8264624847         5.21137515674         12.8264624847         5.21137515674         5.89601913484         -0.169101783526       
0.773345380549        12.4767160573         4.99561329546         12.4767160573         4.99561329546         5.73528563989         -0.202666243533       
0.78300407834         12.1379320921         4.78847502791         12.1379320921         4.78847502791         5.57947478284         -0.23439052083        
0.792662776131        11.8092085499         4.58940495715         11.8092085499         4.58940495715         5.42816552103         -0.264358729198       
0.802321473922        11.4912255463         4.39859090133         11.4912255463         4.39859090133         5.28167310295         -0.292600275543       
0.811980171713        11.1825274143         4.21539221928         11.1825274143         4.21539221928         5.13933031009         -0.319093759141       
0.821638869504        10.8828167025         4.03956520745         10.8828167025         4.03956520745         5.00098768586         -0.343903667437       
0.831297567294        10.5921294745         3.87083434142         10.5921294745         3.87083434142         4.86672282638         -0.367100137353       
0.840956265085        10.3100815032         3.70908307742         10.3100815032         3.70908307742         4.73632934491         -0.388681316192       
0.850614962876        10.0356321175         3.55373570881         10.0356321175         3.55373570881         4.60934801141         -0.408684249745       
0.860273660667        9.76938105106         3.40499065765         9.76938105106         3.40499065765         4.48604853486         -0.427133046516       
0.869932358458        9.51046924714         3.26227249664         9.51046924714         3.26227249664         4.36607612884         -0.444095330026       
0.879591056249        9.25891258715         3.12549731103         9.25891258715         3.12549731103         4.24942833402         -0.459615674002       
0.88924975404         9.01437787136         2.99439430542         9.01437787136         2.99439430542         4.13597359751         -0.473727546849       
0.898908451831        8.77655868431         2.86874914408         8.77655868431         2.86874914408         4.02556390204         -0.486493110422       
0.908567149622        8.54506431349         2.7483346066          8.54506431349         2.7483346066          3.91809312397         -0.497881990163       
0.918225847413        8.32006027983         2.6330537956          8.32006027983         2.6330537956          3.81360290667         -0.508001187069       
0.927884545204        8.1009164931          2.52255664554         8.1009164931          2.52255664554         3.71181968949         -0.516856150897       
0.937543242995        7.88768740469         2.41607373439         7.88768740469         2.41607373439         3.61277494652         -0.524789457505       
0.947201940786        7.67982164621         2.31388967985         7.67982164621         2.31388967985         3.51619576143         -0.531643182079       
0.956860638577        7.47654823999         2.21567033749         7.47654823999         2.21567033749         3.42177303618         -0.537362304456       
0.966519336368        7.27728906992         2.12100916114         7.27728906992         2.12100916114         3.32924226224         -0.542078390361       
0.976178034159        7.08025152847         2.02943339005         7.08025152847         2.02943339005         3.23779470114         -0.54558997704        
0.98583673195         6.87323947084         1.93739644195         6.87323947084         1.93739644195         3.14186591759         -0.546988653115       
0.995495429741        6.66414851947         1.8471453621          6.66414851947         1.8471453621          3.04507142947         -0.546894176353       
1.00515412753         6.46354321604         1.7615704537          6.46354321604         1.7615704537          2.95225076088         -0.546187163286       
1.01481282532         6.27093136717         1.68040515369         6.27093136717         1.68040515369         2.8631701129          -0.544912200927       
1.02447152311         6.08564524964         1.60318988534         6.08564524964         1.60318988534         2.77754632203         -0.543138417842       
1.0341302209          5.90706597537         1.52978738734         5.90706597537         1.52978738734         2.69506488496         -0.540827470813       
1.0437889187          5.73533813108         1.45998480495         5.73533813108         1.45998480495         2.61581515            -0.538112119446       
1.05344761649         5.56931747833         1.39341199772         5.56931747833         1.39341199772         2.53926199719         -0.534935662325       
1.06310631428         5.40933650642         1.33001081863         5.40933650642         1.33001081863         2.46555788871         -0.53141377155        
1.07276501207         5.25494006518         1.26954911066         5.25494006518         1.26954911066         2.39450204526         -0.527550193127       
1.08242370986         5.1060214097          1.21190089365         5.1060214097          1.21190089365         2.32603575758         -0.523410584259       
1.09208240765         4.96243856502         1.15694616226         4.96243856502         1.15694616226         2.2600904979          -0.519016130259       
1.10174110544         4.82339625267         1.10439978822         4.82339625267         1.10439978822         2.19629496859         -0.514367765657       
1.11139980323         4.68923980627         1.05425942195         4.68923980627         1.05425942195         2.13479312957         -0.509556816374       
1.12105850102         4.55999439334         1.0063597526          4.55999439334         1.0063597526          2.0756523586          -0.504595530703       
1.13071719881         4.43494921246         0.960520253062        4.43494921246         0.960520253062        2.0184753063          -0.499524673457       
1.14037589661         4.3141495911          0.917019409292        4.3141495911          0.917019409292        1.96333769169         -0.494084089719       
1.1500345944          4.19733906224         0.874842618592        4.19733906224         0.874842618592        1.91002298869         -0.488996344183       
1.15969329219         4.08450744564         0.834726670081        4.08450744564         0.834726670081        1.85860453031         -0.483657177767       
1.16935198998         3.97565890031         0.795920058238        3.97565890031         0.795920058238        1.80910483231         -0.478550118186       
1.17901068777         3.87000071855         0.759426523006        3.87000071855         0.759426523006        1.76103626658         -0.472920447086       
1.18866938556         3.76762752445         0.724060391587        3.76762752445         0.724060391587        1.71453525316         -0.467482070682       
1.19832808335         3.66935943083         0.690300169284        3.66935943083         0.690300169284        1.66995720833         -0.462129261973       
1.20798678114         3.57374156649         0.657774184437        3.57374156649         0.657774184437        1.62662184778         -0.456754836357       
1.21764547893         3.48143087164         0.626596971306        3.48143087164         0.626596971306        1.58483229456         -0.451434309089       
1.22730417672         3.39193051274         0.596683885791        3.39193051274         0.596683885791        1.54434157745         -0.446114079347       
1.23696287451         3.3055886494          0.567928111166        3.3055886494          0.567928111166        1.50532624576         -0.440930590468       
1.24662157231         3.22148247486         0.540202387137        3.22148247486         0.540202387137        1.4673514808          -0.435738119218       
1.2562802701          3.14023401755         0.513612785015        3.14023401755         0.513612785015        1.43069474507         -0.430624194469       
1.26593896789         3.06149130959         0.488020348334        3.06149130959         0.488020348334        1.39519284066         -0.425590927697       
1.27559766568         2.98520962403         0.463411570562        2.98520962403         0.463411570562        1.360825606           -0.420629142479       
1.28525636347         2.91149679604         0.439766438338        2.91149679604         0.439766438338        1.32763818644         -0.415764839176       
1.29491506126         2.8396220433          0.416907359354        2.8396220433          0.416907359354        1.29528404167         -0.410977010589       
1.30457375905         2.76988721425         0.394926055869        2.76988721425         0.394926055869        1.26390599714         -0.406238356396       
1.31423245684         2.70241099776         0.373752147782        2.70241099776         0.373752147782        1.23356439195         -0.401617644973       
1.32389115463         2.63692337584         0.35336236151         2.63692337584         0.35336236151         1.20412253607         -0.397076376387       
1.33354985242         2.573088895           0.333875131046        2.573088895           0.333875131046        1.17540131634         -0.392499358226       
1.34320855022         2.51118383752         0.315153634021        2.51118383752         0.315153634021        1.14756611795         -0.387980618034       
1.35286724801         2.45103449979         0.297074351647        2.45103449979         0.297074351647        1.12053783955         -0.38354500985        
1.3625259458          2.39281406027         0.279652344092        2.39281406027         0.279652344092        1.09438374139         -0.379233344237       
1.37218464359         2.33617620573         0.262846252384        2.33617620573         0.262846252384        1.06894290608         -0.374991997474       
1.38184334138         2.28115256852         0.246636224787        2.28115256852         0.246636224787        1.04422964833         -0.370835701379       
1.39150203917         2.22770390227         0.231023294434        2.22770390227         0.231023294434        1.02022005466         -0.366757517674       
1.40116073696         2.17578370578         0.215965497228        2.17578370578         0.215965497228        0.996892592409        -0.362765926046       
1.41081943475         2.1251797762          0.201408198742        2.1251797762          0.201408198742        0.974138484011        -0.358865547089       
1.42047813254         2.07595913442         0.18757418936         2.07595913442         0.18757418936         0.952001327021        -0.354891141755       
1.43013683033         2.02823759748         0.173955889614        2.02823759748         0.173955889614        0.930557023756        -0.351203705093       
1.43979552812         1.9817372399          0.161025224269        1.9817372399          0.161025224269        0.909631029692        -0.347454236945       
1.44945422592         1.93649958196         0.148564082944        1.93649958196         0.148564082944        0.889268414618        -0.343763376931       
1.45911292371         1.89252601022         0.136432761651        1.89252601022         0.136432761651        0.869455001507        -0.340202113119       
1.4687716215          1.84969950833         0.124755186006        1.84969950833         0.124755186006        0.850142876229        -0.336686781657       
1.47843031929         1.80796314215         0.113471785401        1.80796314215         0.113471785401        0.831309288721        -0.333238849108       
1.48808901708         1.76727824662         0.10259958634         1.76727824662         0.10259958634         0.812935064448        -0.329837385649       
1.49774771487         1.72759441195         0.0920985311845       1.72759441195         0.0920985311845       0.794992742788        -0.3265054554         
1.50740641266         1.6888900683          0.0820180682432       1.6888900683          0.0820180682432       0.777471587906        -0.323198108361       
1.51706511045         1.65122083727         0.0722789566546       1.65122083727         0.0722789566546       0.760417316401        -0.319955667979       
1.52672380824         1.61453262088         0.0629337386445       1.61453262088         0.0629337386445       0.743788285112        -0.316746900563       
1.53638250603         1.57867699094         0.0539425445987       1.57867699094         0.0539425445987       0.727515066405        -0.313568556871       
1.54604120383         1.54377598323         0.0453047645051       1.54377598323         0.0453047645051       0.71166070465         -0.310434474466       
1.55569990162         1.50971340899         0.0370095217987       1.50971340899         0.0370095217987       0.696170798507        -0.307326647766       
1.56535859941         1.4764659549          0.0290442691326       1.4764659549          0.0290442691326       0.681035937368        -0.304243487741       
1.5750172972          1.44396493405         0.0214019386883       1.44396493405         0.0214019386883       0.66622334391         -0.3011744761         
1.58467599499         1.41233708428         0.0140734524597       1.41233708428         0.0140734524597       0.651796954496        -0.298144357652       
1.59433469278         1.38142990889         0.0070543370074       1.38142990889         0.0070543370074       0.637682294043        -0.295127917272       
1.60399339057         1.35141935033         0.000331370958392     1.35141935033         0.000331370958392     0.623963278831        -0.292165146824       
1.61365208836         1.32203246978         -0.00609720143098     1.32203246978         -0.00609720143098     0.61051600829         -0.289196649694       
1.62331078615         1.29342579647         -0.0122470690431      1.29342579647         -0.0122470690431      0.5974118643          -0.286262694245       
1.63296948394         1.26549363684         -0.0181205066464      1.26549363684         -0.0181205066464      0.584604362001        -0.283340632757       
1.64262818173         1.23826939698         -0.0237336186835      1.23826939698         -0.0237336186835      0.572109010838        -0.280445736944       
1.65228687953         1.21182245379         -0.0290790249156      1.21182245379         -0.0290790249156      0.559960827414        -0.277581747045       
1.66194557732         1.18607009611         -0.0341874955924      1.18607009611         -0.0341874955924      0.548121133959        -0.274753318456       
1.67160427511         1.16106856351         -0.0390495071471      1.16106856351         -0.0390495071471      0.53661653976         -0.271961127545       
1.6812629729          1.13683494986         -0.043692972449       1.13683494986         -0.043692972449       0.525455138961        -0.269229103984       
1.69092167069         1.11462925117         -0.0484016490346      1.11462925117         -0.0484016490346      0.515214668456        -0.267016490625       
1.70058036848         1.10130627022         -0.052821616329       1.10130627022         -0.052821616329       0.509089253013        -0.266487272452       
1.71023906627         1.08726451522         -0.0573128015857      1.08726451522         -0.0573128015857      0.502614962941        -0.265890853373       
1.71989776406         1.07282982404         -0.0616140916374      1.07282982404         -0.0616140916374      0.495953594946        -0.265108706422       
1.72955646185         1.05812038534         -0.0657423785743      1.05812038534         -0.0657423785743      0.489155993884        -0.264179448945       
1.73921515964         1.04322712463         -0.0696897287447      1.04322712463         -0.0696897287447      0.482270259644        -0.263112592008       
1.74887385744         1.02819471843         -0.0734666311644      1.02819471843         -0.0734666311644      0.47531526346         -0.261925983385       
1.75853255523         1.01304521474         -0.0770626976654      1.01304521474         -0.0770626976654      0.468301248361        -0.26061820527        
1.76819125302         0.997872864087        -0.0804939810386      0.997872864087        -0.0804939810386      0.461280085078        -0.259208570068       
1.77784995081         0.982617617945        -0.0837454337657      0.982617617945        -0.0837454337657      0.454213872707        -0.257687825922       
1.7875086486          0.967332299731        -0.086832044076       0.967332299731        -0.086832044076       0.447132891243        -0.256070469914       
1.79716734639         0.952042988074        -0.0897485285763      0.952042988074        -0.0897485285763      0.440048945637        -0.254357651747       
1.80682604418         0.936768030808        -0.0924952890522      0.936768030808        -0.0924952890522      0.432973379471        -0.25255208662        
1.81648474197         0.921512980404        -0.0950833948559      0.921512980404        -0.0950833948559      0.425906433752        -0.250663078788       
1.82614343976         0.906317040939        -0.0975076913711      0.906317040939        -0.0975076913711      0.418870214422        -0.248691625874       
1.83580213755         0.89113759623         -0.0997721386928      0.89113759623         -0.0997721386928      0.411841051372        -0.246638546588       
1.84546083534         0.876041258485        -0.101884977714       0.876041258485        -0.101884977714       0.404853463193        -0.244514583858       
1.85511953314         0.861022301235        -0.103847066296       0.861022301235        -0.103847066296       0.397905487151        -0.242320892801       
1.86477823093         0.846087080756        -0.105663233494       0.846087080756        -0.105663233494       0.390999180226        -0.240062010992       
1.87443692872         0.831244404305        -0.107330091664       0.831244404305        -0.107330091664       0.384139971867        -0.237739041868       
1.88409562651         0.816525151898        -0.108840953964       0.816525151898        -0.108840953964       0.377343931048        -0.235351808394       
1.8937543243          0.801930048039        -0.110249266801       0.801930048039        -0.110249266801       0.370606703329        -0.232926886211       
1.90341302209         0.78745066692         -0.111558503582       0.78745066692         -0.111558503582       0.363925522369        -0.230467018241       
1.91307171988         0.77311655857         -0.112752293713       0.77311655857         -0.112752293713       0.357317731524        -0.22796800795        
1.92273041767         0.758898020548        -0.113847195833       0.758898020548        -0.113847195833       0.350767861786        -0.225439436965       
1.93238911546         0.744762234429        -0.114809733613       0.744762234429        -0.114809733613       0.344253906661        -0.222859197028       
1.94204781325         0.730826775057        -0.115694784342       0.730826775057        -0.115694784342       0.33784739012         -0.220269976651       
1.95170651105         0.716988291536        -0.116470909548       0.716988291536        -0.116470909548       0.331484035849        -0.217646875103       
1.96136520884         0.703304103309        -0.11715602046        0.703304103309        -0.11715602046        0.325197536873        -0.215004721287       
1.97102390663         0.689750118071        -0.117636949856       0.689750118071        -0.117636949856       0.318983041513        -0.212264057001       
1.98068260442         0.676250867803        -0.118124950757       0.676250867803        -0.118124950757       0.312772173064        -0.209576216225       
1.99034130221         0.66299254371         -0.118477750843       0.66299254371         -0.118477750843       0.306695192357        -0.206841803203       
2                     0.649904276289        -0.118758265334       0.649904276289        -0.118758265334       0.30070358642         -0.204102482902       
2.01                  0.636527536419        -0.118967828013       0.636527536419        -0.118967828013       0.294584662073        -0.201260232826       
2.20428729233         0.411119183148        -0.11166493899        0.411119183148        -0.11166493899        0.191832904852        -0.147928919005       
2.39857458465         0.246576273196        -0.0916672856861      0.246576273196        -0.0916672856861      0.115909665339        -0.102520538573       
2.59286187698         0.135479578935        -0.0650789627597      0.135479578935        -0.0650789627597      0.0637386918069       -0.0651140190629      
2.78714916931         0.069097768433        -0.0406096556763      0.069097768433        -0.0406096556763      0.0326014581526       -0.0376392566314      
2.98143646163         0.0324333452977       -0.0231970028244      0.0324333452977       -0.0231970028244      0.0153562563915       -0.0202324396304      
3.17572375396         0.0137066088734       -0.0119143771211      0.0137066088734       -0.0119143771211      0.00646251780172      -0.00992640464344     
3.37001104629         0.00523990422967      -0.00549507090255     0.00523990422967      -0.00549507090255     0.00245603034842      -0.00441963214636     
3.56429833861         0.00176409301749      -0.00228549362816     0.00176409301749      -0.00228549362816     0.000811436023988     -0.00178722453007     
3.75858563094         0.000515335265498     -0.000849284774195    0.000515335265498     -0.000849284774195    0.000228312742008     -0.000649411226285    
3.95287292327         0.000123629705429     -0.000279246979938    0.000123629705429     -0.000279246979938    4.99265471336e-05     -0.000209714553432    
4.14716021559         2.14801965004e-05     -7.96519733871e-05    2.14801965004e-05     -7.96519733871e-05    6.25767793159e-06     -5.89798993762e-05    
4.34144750792         1.31785558447e-06     -1.88940545462e-05    1.31785558447e-06     -1.88940545462e-05    -8.44388686806e-07    -1.38443288811e-05    
4.53573480025         -6.76719413639e-07    -3.35568643733e-06    -6.76719413639e-07    -3.35568643733e-06    -7.53007083176e-07    -2.44204591702e-06    
4.73002209257         -2.24305296346e-07    -2.95673382902e-07    -2.24305296346e-07    -2.95673382902e-07    -1.84925880676e-07    -2.14692204621e-07    
4.9243093849          -2.33302275504e-10    5.88330926807e-10     -2.33302275504e-10    5.88330926807e-10     -2.34110450526e-10    4.88441476904e-10     
4.9343093849          1.10063678165e-10     9.83286335104e-10     1.10063678165e-10     9.83286335104e-10     3.6575030036e-11      8.01549195593e-10     
4.93453160712         1.1023069935e-10      9.9977579309e-10      1.1023069935e-10      9.9977579309e-10      3.66705809348e-11     8.14934192281e-10     
4.93475382934         1.10388081461e-10     1.01649755189e-09     1.10388081461e-10     1.01649755189e-09     3.67627081229e-11     8.28511634653e-10     
4.93497605157         1.10536078215e-10     1.03344066992e-09     1.10536078215e-10     1.03344066992e-09     3.68514894336e-11     8.42272636198e-10     
4.93519827379         1.10674930971e-10     1.05059498365e-09     1.10674930971e-10     1.05059498365e-09     3.69369994842e-11     8.56208941019e-10     
4.93542049601         1.10804869736e-10     1.06795102878e-09     1.10804869736e-10     1.06795102878e-09     3.70193098673e-11     8.7031286092e-10      
4.93564271823         1.10926114044e-10     1.08549995054e-09     1.10926114044e-10     1.08549995054e-09     3.70984893489e-11     8.84577201457e-10     
4.93586494046         1.11038873817e-10     1.10323343416e-09     1.11038873817e-10     1.10323343416e-09     3.71746040705e-11     8.98995205583e-10     
4.93608716268         1.11143349911e-10     1.12114362198e-09     1.11143349911e-10     1.12114362198e-09     3.72477175802e-11     9.13560487491e-10     
4.9363093849          1.11239734427e-10     1.13922306479e-09     1.11239734427e-10     1.13922306479e-09     3.73178908357e-11     9.28266993235e-10     
4.9463093849          1.09312093224e-10     2.05610823277e-09     1.09312093224e-10     2.05610823277e-09     3.81261805444e-11     1.6776459568e-09      
5.12767915135         -2.43357960531e-11    7.41359692607e-09     -2.43357960531e-11    7.41359692607e-09     -7.48443185868e-12    6.34963716395e-09     
5.30904891779         -5.97648428314e-12    3.04382298975e-09     -5.97648428314e-12    3.04382298975e-09     -2.14874589341e-12    2.71162001073e-09     
5.49041868424         2.8061379564e-13      8.11492722601e-10     2.8061379564e-13      8.11492722601e-10     6.79118891588e-14     7.49657788854e-10     
5.67178845069         2.39434049091e-13     1.63437110723e-10     2.39434049091e-13     1.63437110723e-10     8.1481812558e-14      1.56330777062e-10     
5.85315821713         2.18466679402e-14     2.46300615919e-11     2.18466679402e-14     2.46300615919e-11     7.93457337781e-15     2.43735065579e-11     
6.03452798358         -3.63998984418e-15    2.33541463698e-12     -3.63998984418e-15    2.33541463698e-12     -1.22496111885e-15    2.38997312132e-12     
6.21589775003         -1.74783058382e-16    2.94120455735e-14     -1.74783058382e-16    2.94120455735e-14     -6.10962717705e-17    3.11228844423e-14     
6.39726751648         5.92983771007e-14     7.29520152264e-16     5.92983771007e-14     7.29520152264e-16     6.49006146859e-14     2.56992745289e-16     
6.57863728292         3.59213643117e-14     7.42375165466e-16     3.59213643117e-14     7.42375165466e-16     4.06824489166e-14     2.26946775491e-16     
6.76000704937         1.1783433663e-14      3.66034639806e-16     1.1783433663e-14      3.66034639806e-16     1.38034574277e-14     9.62687782514e-17     
6.94137681582         2.94019512802e-15     1.27976068455e-16     2.94019512802e-15     1.27976068455e-16     3.56115438424e-15     3.03483778536e-17     
7.12274658226         6.0319566481e-16      3.50432683031e-17     6.0319566481e-16      3.50432683031e-17     7.55235041629e-16     7.8365873687e-18      
7.30411634871         1.09455944664e-16     8.18969072506e-18     1.09455944664e-16     8.18969072506e-18     1.41657073187e-16     1.77817268856e-18     
7.48548611516         2.15636214402e-17     2.02186719345e-18     2.15636214402e-17     2.02186719345e-18     2.88470642414e-17     4.34636434383e-19     
7.6668558816          5.74051811339e-18     6.6009683252e-19      5.74051811339e-18     6.6009683252e-19      7.93852102408e-18     1.42015917722e-19     
7.84822564805         6.87102744346e-18     9.52198887059e-19     6.87102744346e-18     9.52198887059e-19     9.8243005986e-18      2.06431705595e-19     
8.0295954145          8.03928699206e-18     1.32354591688e-18     8.03928699206e-18     1.32354591688e-18     1.18869440651e-17     2.90240169936e-19     
8.21096518095         9.23291516054e-18     1.78431225845e-18     9.23291516054e-18     1.78431225845e-18     1.41219335173e-17     3.96808334559e-19     
8.39233494739         1.04404551966e-17     2.34457723372e-18     1.04404551966e-17     2.34457723372e-18     1.65238485633e-17     5.287003018e-19       
8.57370471384         1.16513124856e-17     3.01426985511e-18     1.16513124856e-17     3.01426985511e-18     1.90880299246e-17     6.89766878143e-19     
8.75507448029         1.28556939037e-17     3.8031262282e-18      1.28556939037e-17     3.8031262282e-18      2.18104040316e-17     8.83249696378e-19     
8.93644424673         1.4044549374e-17      4.72065738668e-18     1.4044549374e-17      4.72065738668e-18     2.46868266682e-17     1.11144869648e-18     
9.11781401318         1.52095160191e-17     5.77612565793e-18     1.52095160191e-17     5.77612565793e-18     2.771262676e-17       1.37810229081e-18     
9.29918377963         1.6342865265e-17      6.97852797304e-18     1.6342865265e-17      6.97852797304e-18     3.0884398425e-17      1.68640031097e-18     
9.48055354607         1.74374531312e-17     8.3365848038e-18      1.74374531312e-17     8.3365848038e-18      3.41987685671e-17     2.0393667586e-18      
9.66192331252         1.84866738159e-17     9.8587336361e-18      1.84866738159e-17     9.8587336361e-18      3.76528607604e-17     2.43980455681e-18     
9.84329307897         1.94844165828e-17     1.15531260796e-17     1.94844165828e-17     1.15531260796e-17     4.12428673369e-17     2.8898054941e-18      
10.0246628454         2.04250258789e-17     1.34276278721e-17     2.04250258789e-17     1.34276278721e-17     4.49657704712e-17     3.39291286701e-18     
10.2060326119         2.1303264558e-17      1.54898211683e-17     2.1303264558e-17      1.54898211683e-17     4.88189973095e-17     3.95182811849e-18     
10.3874023783         2.21142800524e-17     1.77470086141e-17     2.21142800524e-17     1.77470086141e-17     5.28000441688e-17     4.56916822732e-18     
10.5687721448         2.28535733118e-17     2.02062187954e-17     2.28535733118e-17     2.02062187954e-17     5.69065605712e-17     5.24746538702e-18     
10.7501419112         2.35169703251e-17     2.28742127271e-17     2.35169703251e-17     2.28742127271e-17     6.11363735154e-17     5.98916734817e-18     
10.9315116777         2.41005960326e-17     2.57574911094e-17     2.41005960326e-17     2.57574911094e-17     6.54876981739e-17     6.79660831584e-18     
11.1128814441         2.4600850447e-17      2.88623021304e-17     2.4600850447e-17      2.88623021304e-17     6.99580640097e-17     7.67111794524e-18     
11.2942512105         2.50143868014e-17     3.21946496338e-17     2.50143868014e-17     3.21946496338e-17     7.45452636615e-17     8.61576423142e-18     
11.475620977          2.53380915598e-17     3.57603015084e-17     2.53380915598e-17     3.57603015084e-17     7.92477540767e-17     9.63266824839e-18     
11.6569907434         2.55690661292e-17     3.95647981813e-17     2.55690661292e-17     3.95647981813e-17     8.40639376878e-17     1.07238745403e-17     
11.8383605099         2.57046101268e-17     4.36134611246e-17     2.57046101268e-17     4.36134611246e-17     8.89922937641e-17     1.18913532802e-17     
12.0197302763         2.57422060679e-17     4.79114012994e-17     2.57422060679e-17     4.79114012994e-17     9.40313879767e-17     1.31370025224e-17     
12.2011000428         2.56795053478e-17     5.24635274819e-17     2.56795053478e-17     5.24635274819e-17     9.91798718339e-17     1.44626505119e-17     
12.3824698092         2.55143154034e-17     5.72745544262e-17     2.55143154034e-17     5.72745544262e-17     1.04436480678e-16     1.5870058024e-17      
12.5638395757         2.52445879509e-17     6.23490108301e-17     2.52445879509e-17     6.23490108301e-17     1.09800033434e-16     1.73609207104e-17     
12.7452093421         2.48684082022e-17     6.76912470792e-17     2.48684082022e-17     6.76912470792e-17     1.15269440164e-16     1.89368714332e-17     
12.9265791086         2.43839849737e-17     7.33054427516e-17     2.43839849737e-17     7.33054427516e-17     1.20843759362e-16     2.05994825723e-17     
13.107948875          2.37896416089e-17     7.91956138703e-17     2.37896416089e-17     7.91956138703e-17     1.26522131293e-16     2.23496453003e-17     
13.2893186415         2.30838076418e-17     8.53656198975e-17     2.30838076418e-17     8.53656198975e-17     1.32302746543e-16     2.41891205229e-17     
13.4706884079         2.22650111355e-17     9.18191704652e-17     2.22650111355e-17     9.18191704652e-17     1.38184995941e-16     2.61195664024e-17     
13.6520581744         2.13318716385e-17     9.85598318429e-17     2.13318716385e-17     9.85598318429e-17     1.44168090025e-16     2.8142335508e-17      
13.8334279408         2.02830937018e-17     1.05591033144e-16     2.02830937018e-17     1.05591033144e-16     1.50251250949e-16     3.02587307926e-17     
14.0147977072         1.91174609105e-17     1.12916072273e-16     1.91174609105e-17     1.12916072273e-16     1.56433734227e-16     3.24700075669e-17     
14.1961674737         1.78338303843e-17     1.20538121622e-16     1.78338303843e-17     1.20538121622e-16     1.62714832239e-16     3.47773754069e-17     
14.3775372401         1.6431127706e-17      1.28460233517e-16     1.6431127706e-17      1.28460233517e-16     1.69093874009e-16     3.71819999939e-17     
14.5589070066         1.49083422432e-17     1.36685345431e-16     1.49083422432e-17     1.36685345431e-16     1.75570223915e-16     3.96850048868e-17     
14.740276773          1.32645228273e-17     1.45216284954e-16     1.32645228273e-17     1.45216284954e-16     1.82143280047e-16     4.22874732276e-17     
14.9216465395         1.14987737626e-17     1.54055774553e-16     1.14987737626e-17     1.54055774553e-16     1.88812472524e-16     4.49904493808e-17     
15.1030163059         9.61025113488e-18     1.63206436103e-16     9.61025113488e-18     1.63206436103e-16     1.95577261863e-16     4.7794940507e-17      
15.2843860724         7.59815939699e-18     1.72670795217e-16     7.59815939699e-18     1.72670795217e-16     2.02437137473e-16     5.07019180742e-17     
15.4657558388         5.46174820724e-18     1.82451285381e-16     5.46174820724e-18     1.82451285381e-16     2.09391616354e-16     5.3712319306e-17      
15.6471256053         3.20030950026e-18     1.92550251885e-16     3.20030950026e-18     1.92550251885e-16     2.16440242091e-16     5.68270485701e-17     
15.8284953717         8.13174771466e-19     2.02969955587e-16     8.13174771466e-19     2.02969955587e-16     2.2358258437e-16      6.00469787088e-17     
16.0098651382         -1.70028744213e-18    2.13712576494e-16     -1.70028744213e-18    2.13712576494e-16     2.30818239571e-16     6.33729523127e-17     
16.1912349046         -4.34067390048e-18    2.24780217172e-16     -4.34067390048e-18    2.24780217172e-16     2.38146834241e-16     6.68057829406e-17     
16.3726046711         -7.10854883286e-18    2.36174906011e-16     -7.10854883286e-18    2.36174906011e-16     2.45568039926e-16     7.03462562862e-17     
16.5539744375         -1.0004445957e-17     2.47898600326e-16     -1.0004445957e-17     2.47898600326e-16     2.53081745546e-16     7.39950669251e-17     
16.735344204          -1.30288703569e-17    2.59953189315e-16     -1.30288703569e-17    2.59953189315e-16     2.6068712241e-16      7.77523612745e-17     
16.9167139704         -1.61823002307e-17    2.72340496889e-16     -1.61823002307e-17    2.72340496889e-16     2.68383718468e-16     8.1619468134e-17      
17.0980837368         -1.94651885184e-17    2.85062284358e-16     -1.94651885184e-17    2.85062284358e-16     2.76171358379e-16     8.55970725624e-17     
17.2794535033         -2.28779644177e-17    2.98120253002e-16     -2.28779644177e-17    2.98120253002e-16     2.84049781475e-16     8.96858368826e-17     
17.4608232697         -2.64210347986e-17    3.1151604652e-16      -2.64210347986e-17    3.1151604652e-16      2.92018723058e-16     9.38864015757e-17     
17.6421930362         -3.00947855218e-17    3.25251253363e-16     -3.00947855218e-17    3.25251253363e-16     3.00077924898e-16     9.81993861358e-17     
17.8235628026         -3.38995826703e-17    3.39327408967e-16     -3.38995826703e-17    3.39327408967e-16     3.08227138014e-16     1.02625389888e-16     
18.0049325691         -3.7835773699e-17     3.53745997876e-16     -3.7835773699e-17     3.53745997876e-16     3.16466123444e-16     1.07164992772e-16     
18.1863023355         -4.19036885091e-17    3.68508455776e-16     -4.19036885091e-17    3.68508455776e-16     3.24794652329e-16     1.11818756086e-16     
18.367672102          -4.61036404534e-17    3.83616171427e-16     -4.61036404534e-17    3.83616171427e-16     3.33212505701e-16     1.16587223209e-16     
18.5490418684         -5.04359272752e-17    3.99070488517e-16     -5.04359272752e-17    3.99070488517e-16     3.41719474152e-16     1.21470920281e-16     
18.7304116349         -5.49008319889e-17    4.14872707428e-16     -5.49008319889e-17    4.14872707428e-16     3.50315357461e-16     1.26470356859e-16     
18.9117814013         -5.94986237034e-17    4.3102408692e-16      -5.94986237034e-17    4.3102408692e-16      3.58999964186e-16     1.31586026548e-16     
19.0931511678         -6.42295583941e-17    4.47525845745e-16     -6.42295583941e-17    4.47525845745e-16     3.6777311127e-16      1.36818407595e-16     
19.2745209342         -6.90938796268e-17    4.64379164185e-16     -6.90938796268e-17    4.64379164185e-16     3.76634623653e-16     1.42167963469e-16     
19.4558907007         -7.40918192362e-17    4.81585185527e-16     -7.40918192362e-17    4.81585185527e-16     3.85584333888e-16     1.47635143411e-16     
19.6372604671         -7.92235979632e-17    4.99145017464e-16     -7.92235979632e-17    4.99145017464e-16     3.94622081785e-16     1.53220382956e-16     
19.8186302336         -8.44894260524e-17    5.17059733447e-16     -8.44894260524e-17    5.17059733447e-16     4.03747714065e-16     1.58924104442e-16     
20                    0                     0                     0                     0                     0                     0                     
