0.0779191396          0                     0                     0                     0                     0                     0                     
0.0876443045093       0.342446275401        -0.325645801813       0.342446275401        -0.325645801813       0.0358342626533       -0.0650698285162      
0.0973694694187       1.20208339328         -1.44107801068        1.20208339328         -1.44107801068        0.0906431119258       -0.293174918285       
0.107094634328        2.05639520735         -2.78330691441        2.05639520735         -2.78330691441        0.103148051352        -0.572710735343       
0.116819799237        2.70675942886         -3.97329168402        2.70675942886         -3.97329168402        0.0765223220523       -0.823807061089       
0.126544964147        3.1278589667          -4.88825368937        3.1278589667          -4.88825368937        0.0275984185303       -1.01878716387        
0.136270129056        3.35401408821         -5.52580638514        3.35401408821         -5.52580638514        -0.0293802198164      -1.15590402148        
0.145995293965        3.43073293947         -5.9262233604         3.43073293947         -5.9262233604         -0.0853783875297      -1.2430834793         
0.155720458875        3.40047418718         -6.13922790257        3.40047418718         -6.13922790257        -0.135867866817       -1.29036679712        
0.165445623784        3.29706503685         -6.2103060374         3.29706503685         -6.2103060374         -0.179052212344       -1.30709787059        
0.175170788693        3.14605797037         -6.17706846427        3.14605797037         -6.17706846427        -0.214508318736       -1.30121733227        
0.184895953603        2.96648880449         -6.06964263593        2.96648880449         -6.06964263593        -0.242726573768       -1.27909612037        
0.194621118512        2.77127378841         -5.90925906433        2.77127378841         -5.90925906433        -0.264526904964       -1.2453424139         
0.204346283421        2.57002949123         -5.71449717183        2.57002949123         -5.71449717183        -0.280755651241       -1.20399378435        
0.214071448331        2.36930474646         -5.49766657436        2.36930474646         -5.49766657436        -0.292214849326       -1.15777321808        
0.22379661324         2.17333614205         -5.26823535348        2.17333614205         -5.26823535348        -0.299792443015       -1.10875122852        
0.23352177815         1.98476704164         -5.03283174732        1.98476704164         -5.03283174732        -0.304169679495       -1.05839942624        
0.243246943059        1.80555462201         -4.79643689634        1.80555462201         -4.79643689634        -0.305927690054       -1.00783751493        
0.252972107968        1.636648785           -4.56262431559        1.636648785           -4.56262431559        -0.305554952589       -0.957868690512       
0.262697272878        1.47840224712         -4.33386654949        1.47840224712         -4.33386654949        -0.303452782722       -0.909043119874       
0.272422437787        1.33089872176         -4.11178435044        1.33089872176         -4.11178435044        -0.300053443916       -0.861671858328       
0.282147602696        1.19383891106         -3.89758459074        1.19383891106         -3.89758459074        -0.295646375795       -0.816025357527       
0.291872767606        1.0670361522          -3.69195320574        1.0670361522          -3.69195320574        -0.290462087281       -0.772238756915       
0.301597932515        0.949631605287        -3.49495768342        0.949631605287        -3.49495768342        -0.284734482915       -0.730325040558       
0.311323097424        0.841555671707        -3.30691000257        0.841555671707        -3.30691000257        -0.278555066252       -0.690347752084       
0.321048262334        0.742149577467        -3.12782363677        0.742149577467        -3.12782363677        -0.272071288949       -0.652313220894       
0.330773427243        0.650782694372        -2.95752103743        0.650782694372        -2.95752103743        -0.265386986601       -0.616182014964       
0.340498592152        0.566930116631        -2.79570249161        0.566930116631        -2.79570249161        -0.258565226413       -0.581891845537       
0.350223757062        0.49010322744         -2.64209226129        0.49010322744         -2.64209226129        -0.25166672           -0.549383280691       
0.359948921971        0.419760399063        -2.49644343584        0.419760399063        -2.49644343584        -0.244746820658       -0.518601512084       
0.36967408688         0.355537905443        -2.35833567137        0.355537905443        -2.35833567137        -0.237828411135       -0.48945459765        
0.37939925179         0.296771573115        -2.22740618364        0.296771573115        -2.22740618364        -0.230968352826       -0.461861247323       
0.389124416699        0.243302927365        -2.10333354875        0.243302927365        -2.10333354875        -0.224155791344       -0.435755274374       
0.398849581608        0.194535351459        -1.98581373961        0.194535351459        -1.98581373961        -0.217442425399       -0.41106592122        
0.408574746518        0.150173794046        -1.8744260938         0.150173794046        -1.8744260938         -0.210826714841       -0.387700424474       
0.418299911427        0.109881674857        -1.76890313018        0.109881674857        -1.76890313018        -0.204326563849       -0.365599868883       
0.428025076336        0.0733679862604       -1.66890753822        0.0733679862604       -1.66890753822        -0.197943334929       -0.34469084016        
0.437750241246        0.0403127429533       -1.57413072522        0.0403127429533       -1.57413072522        -0.191688696423       -0.32490364327        
0.447475406155        0.0104420679809       -1.48431412311        0.0104420679809       -1.48431412311        -0.185572230933       -0.306179402733       
0.457200571064        -0.0164626126347      -1.39914177786        -0.0164626126347      -1.39914177786        -0.179584706849       -0.288451368228       
0.466925735974        -0.0406365583633      -1.31839594067        -0.0406365583633      -1.31839594067        -0.173733231661       -0.27167094369        
0.476650900883        -0.0622969306225      -1.24179753808        -0.0622969306225      -1.24179753808        -0.168016714814       -0.255775856905       
0.486376065793        -0.0816286428498      -1.169141956          -0.0816286428498      -1.169141956          -0.162435545941       -0.240721300401       
0.496101230702        -0.0988076504664      -1.10022003281        -0.0988076504664      -1.10022003281        -0.156989469493       -0.226460732339       
0.505826395611        -0.114001785554       -1.03480139101        -0.114001785554       -1.03480139101        -0.151674506728       -0.212943056992       
0.515551560521        -0.127354318658       -0.972711439796       -0.127354318658       -0.972711439796       -0.146486827376       -0.200131273579       
0.52527672543         -0.139015088055       -0.913790375065       -0.139015088055       -0.913790375065       -0.141430189872       -0.18798924011        
0.535001890339        -0.149080911628       -0.857785443967       -0.149080911628       -0.857785443967       -0.136486772401       -0.176462702707       
0.544727055249        -0.157713630872       -0.804649138303       -0.157713630872       -0.804649138303       -0.131672409354       -0.165539893704       
0.554452220158        -0.164983926476       -0.754179880468       -0.164983926476       -0.754179880468       -0.1269719351         -0.155176850457       
0.564177385067        -0.170978840082       -0.706279410475       -0.170978840082       -0.706279410475       -0.122381980761       -0.145351993105       
0.573902549977        -0.175850531366       -0.660709414543       -0.175850531366       -0.660709414543       -0.117901506796       -0.136015680633       
0.583627714886        -0.179636337402       -0.61747599083        -0.179636337402       -0.61747599083        -0.113530304035       -0.127166147583       
0.593352879795        -0.182425260664       -0.576407084842       -0.182425260664       -0.576407084842       -0.109260863382       -0.118766575552       
0.603078044705        -0.184279640105       -0.537399627048       -0.184279640105       -0.537399627048       -0.105087566201       -0.110795466341       
0.612803209614        -0.185273852416       -0.500367488743       -0.185273852416       -0.500367488743       -0.101009839857       -0.103233786244       
0.622528374523        -0.185473780785       -0.465214879617       -0.185473780785       -0.465214879617       -0.0970256542093      -0.0960602802903      
0.632253539433        -0.184929961102       -0.431849697387       -0.184929961102       -0.431849697387       -0.0931289025814      -0.0892552278655      
0.641978704342        -0.183696376304       -0.400221322515       -0.183696376304       -0.400221322515       -0.0893178426031      -0.0828072525104      
0.651703869251        -0.18181915768        -0.370174425018       -0.18181915768        -0.370174425018       -0.0855856558694      -0.0766838082089      
0.661429034161        -0.179353402455       -0.341730087496       -0.179353402455       -0.341730087496       -0.0819356176328      -0.0708883095499      
0.67115419907         -0.176334569219       -0.314786663296       -0.176334569219       -0.314786663296       -0.0783609702781      -0.0653992096176      
0.680879363979        -0.172796524358       -0.289285759072       -0.172796524358       -0.289285759072       -0.0748574289819      -0.0602037089061      
0.690604528889        -0.168791829458       -0.265176510956       -0.168791829458       -0.265176510956       -0.0714262013408      -0.0552907530687      
0.700329693798        -0.164377151363       -0.242453681123       -0.164377151363       -0.242453681123       -0.068075254079       -0.0506589446293      
0.710054858707        -0.159496388269       -0.22093392857        -0.159496388269       -0.22093392857        -0.0647643523208      -0.0462696897161      
0.719780023617        -0.154278837708       -0.200721215589       -0.154278837708       -0.200721215589       -0.0615315857776      -0.0421442429079      
0.729505188526        -0.148721468182       -0.181718199517       -0.148721468182       -0.181718199517       -0.0583603670369      -0.0382620490997      
0.739230353436        -0.142861130006       -0.163904119815       -0.142861130006       -0.163904119815       -0.0552513786733      -0.0346184682574      
0.748955518345        -0.136735357525       -0.147244026126       -0.136735357525       -0.147244026126       -0.0522051309339      -0.0312057994288      
0.758680683254        -0.130368372606       -0.13171414511        -0.130368372606       -0.13171414511        -0.0492184795943      -0.028019540833       
0.768405848164        -0.123807429626       -0.117286655166       -0.123807429626       -0.117286655166       -0.0462953324887      -0.0250531692162      
0.778131013073        -0.117088746694       -0.103940828839       -0.117088746694       -0.103940828839       -0.0434364300817      -0.0223024882293      
0.787856177982        -0.110255574318       -0.0916538866292      -0.110255574318       -0.0916538866292      -0.0406446100382      -0.0197629183082      
0.797581342892        -0.103355677932       -0.0804034111849      -0.103355677932       -0.0804034111849      -0.0379239777462      -0.017429933449       
0.807306507801        -0.0964378031747      -0.070164960936       -0.0964378031747      -0.070164960936       -0.0352788637908      -0.0152987642416      
0.81703167271         -0.0895552845582      -0.0609079143592      -0.0895552845582      -0.0609079143592      -0.0327150123596      -0.0133636296617      
0.82675683762         -0.0827626843177      -0.0525979269246      -0.0827626843177      -0.0525979269246      -0.0302386944498      -0.0116180253189      
0.836482002529        -0.0761155791106      -0.0451930929757      -0.0761155791106      -0.0451930929757      -0.0278568274678      -0.0100540868237      
0.846207167438        -0.0696669124702      -0.0386450710153      -0.0696669124702      -0.0386450710153      -0.0255761243973      -0.00866274842202     
0.855932332348        -0.0634630183979      -0.0328957379343      -0.0634630183979      -0.0328957379343      -0.0234020759785      -0.00743301411624     
0.865657497257        -0.0575467899723      -0.0278839064611      -0.0575467899723      -0.0278839064611      -0.0213403994045      -0.00635330014869     
0.875382662166        -0.0519487895982      -0.023542079015       -0.0519487895982      -0.023542079015       -0.0193941597277      -0.00541067110703     
0.885107827076        -0.0466917786044      -0.0198024625797      -0.0466917786044      -0.0198024625797      -0.0175653890308      -0.00459206994623     
0.894832991985        -0.0417896098236      -0.0165974492262      -0.0417896098236      -0.0165974492262      -0.0158547238205      -0.00388437871101     
0.904558156894        -0.0372450230363      -0.0138623029611      -0.0372450230363      -0.0138623029611      -0.0142603317589      -0.00327491412756     
0.914283321804        -0.0330550354376      -0.0115367230666      -0.0330550354376      -0.0115367230666      -0.012779678516       -0.00275177431889     
0.924008486713        -0.0292118426821      -0.00956615418561     -0.0292118426821      -0.00956615418561     -0.0114095831053      -0.0023041297889      
0.933733651622        -0.0257014031237      -0.00790106726153     -0.0257014031237      -0.00790106726153     -0.0101453552113      -0.00192202730432     
0.943458816532        -0.0225085032448      -0.00649823284193     -0.0225085032448      -0.00649823284193     -0.00898247389453     -0.00159674245715     
0.953183981441        -0.0196127697392      -0.0053189095125      -0.0196127697392      -0.0053189095125      -0.00791481780239     -0.00132034608117     
0.96290914635         -0.0169971969739      -0.00433062806055     -0.0169971969739      -0.00433062806055     -0.00693782906591     -0.00108617421516     
0.97263431126         -0.0146401449467      -0.00350430101814     -0.0146401449467      -0.00350430101814     -0.00604518343314     -0.00088816425898     
0.982359476169        -0.0125137936056      -0.00281353204805     -0.0125137936056      -0.00281353204805     -0.00522793147851     -0.00072069301255     
0.992084641079        -0.0105893214992      -0.00223558025071     -0.0105893214992      -0.00223558025071     -0.00447644007986     -0.000578843126761    
1.00180980599         -0.00888971353414     -0.00176135639028     -0.00888971353414     -0.00176135639028     -0.00380288487795     -0.000461066651938    
1.0115349709          -0.00739381297446     -0.00137387429749     -0.00739381297446     -0.00137387429749     -0.00320098842876     -0.000363650668898    
1.02126013581         -0.00608159140103     -0.00105879039885     -0.00608159140103     -0.00105879039885     -0.00266469216432     -0.000283436549168    
1.03098530072         -0.00493604362563     -0.000804188942901    -0.00493604362563     -0.000804188942901    -0.0021889862108      -0.000217774122916    
1.04071046563         -0.00394171122472     -0.000600025428612    -0.00394171122472     -0.000600025428612    -0.00176930056666     -0.000164407669178    
1.05043563053         -0.00308419099203     -0.000437749519312    -0.00308419099203     -0.000437749519312    -0.00140130150255     -0.000121391512526    
1.06016079544         -0.00235095418776     -0.000310214902734    -0.00235095418776     -0.000310214902734    -0.00108127455938     -8.70842676543e-05    
1.06988596035         -0.00173076078502     -0.000211367040065    -0.00173076078502     -0.000211367040065    -0.000805896131824    -6.00770943298e-05    
1.07961112526         -0.00121363200038     -0.000136084715176    -0.00121363200038     -0.000136084715176    -0.000572238807219    -3.91627588064e-05    
1.08933629017         -0.000791205197254    -8.00612141575e-05    -0.000791205197254    -8.00612141575e-05    -0.00037797203143     -2.33131772549e-05    
1.09906145508         -0.00045650478614     -3.96278250194e-05    -0.00045650478614     -3.96278250194e-05    -0.000221293112594    -1.16385144932e-05    
1.10878661999         -0.00020563057115     -1.17406362371e-05    -0.00020563057115     -1.17406362371e-05    -0.000101797335368    -3.391581913e-06      
1.1185117849          -3.99839959543e-05    6.18480557832e-06     -3.99839959543e-05    6.18480557832e-06     -2.17034290336e-05    2.07408534721e-06     
1.1285117849          1.08522275091e-05     3.92501814093e-05     1.08522275091e-05     3.92501814093e-05     0.000134088508622     -0.000127705205548    
1.12873400712         1.09451986108e-05     4.13001208075e-05     1.09451986108e-05     4.13001208075e-05     0.000133825282208     -0.000126608242413    
1.12895622934         1.10366836858e-05     4.33941866598e-05     1.10366836858e-05     4.33941866598e-05     0.000133568865384     -0.000125488660383    
1.12917845157         1.11264249007e-05     4.55299043614e-05     1.11264249007e-05     4.55299043614e-05     0.000133315460601     -0.000124344014784    
1.12940067379         1.1214397081e-05      4.7705709272e-05      1.1214397081e-05      4.7705709272e-05      0.000133064221541     -0.000123174587335    
1.12962289601         1.13008658638e-05     4.9921378285e-05      1.13008658638e-05     4.9921378285e-05      0.000132817785821     -0.000121983791271    
1.12984511823         1.13856966528e-05     5.21750935607e-05     1.13856966528e-05     5.21750935607e-05     0.000132574061497     -0.000120770572501    
1.13006734046         1.14688841199e-05     5.44656241952e-05     1.14688841199e-05     5.44656241952e-05     0.000132332546914     -0.000119535301473    
1.13028956268         1.15506605508e-05     5.67929606467e-05     1.15506605508e-05     5.67929606467e-05     0.000132095488668     -0.000118280758008    
1.1305117849          1.16308358068e-05     5.91551206287e-05     1.16308358068e-05     5.91551206287e-05     0.000131860296754     -0.000117005314231    
1.1405117849          1.38971086021e-05     0.000191455199597     1.38971086021e-05     0.000191455199597     0.000122744595894     -4.44004426124e-05    
1.14995671034         1.42443606591e-05     0.000343775730558     1.42443606591e-05     0.000343775730558     0.000115381175842     4.10619901905e-05     
1.15940163578         1.34599440967e-05     0.000508050297507     1.34599440967e-05     0.000508050297507     0.000108615760158     0.000135190200832     
1.16884656122         1.1952000727e-05      0.000676629512075     1.1952000727e-05      0.000676629512075     0.000102295508944     0.000233879416707     
1.17829148666         1.00123510612e-05     0.000844620533045     1.00123510612e-05     0.000844620533045     9.6348939672e-05      0.000334437797587     
1.1877364121          7.85541091062e-06     0.00100886330439      7.85541091062e-06     0.00100886330439      9.07554367735e-05     0.00043502450661      
1.19718133754         5.63391708645e-06     0.00116674777976      5.63391708645e-06     0.00116674777976      8.54645440262e-05     0.000534109091555     
1.20662626298         3.46214530023e-06     0.0013169995004       3.46214530023e-06     0.0013169995004       8.04897975972e-05     0.000630786929647     
1.21607118843         1.4178170799e-06      0.00145841837343      1.4178170799e-06      0.00145841837343      7.58085971724e-05     0.000724226629938     
1.22551611387         -4.46116102957e-07    0.00159027374716      -4.46116102957e-07    0.00159027374716      7.14082461831e-05     0.000813832935923     
1.23496103931         -2.09612924563e-06    0.00171186904979      -2.09612924563e-06    0.00171186904979      6.72664390882e-05     0.000899032000713     
1.24440596475         -3.51463214021e-06    0.00182349230467      -3.51463214021e-06    0.00182349230467      6.33919681132e-05     0.000979771055108     
1.25385089019         -4.69440956551e-06    0.00192454836309      -4.69440956551e-06    0.00192454836309      5.97518502172e-05     0.00105554221086      
1.26329581563         -5.63765014032e-06    0.00201518547862      -5.63765014032e-06    0.00201518547862      5.63379096407e-05     0.00112623517287      
1.27274074107         -6.35280421703e-06    0.00209550147778      -6.35280421703e-06    0.00209550147778      5.31364546269e-05     0.00119172208208      
1.28218566651         -6.85297440225e-06    0.00216565151453      -6.85297440225e-06    0.00216565151453      5.01337028129e-05     0.00125191316325      
1.29163059195         -7.15544494653e-06    0.00222613308994      -7.15544494653e-06    0.00222613308994      4.73224234283e-05     0.00130692504117      
1.30107551739         -7.27822543089e-06    0.00227704157065      -7.27822543089e-06    0.00227704157065      4.46852714231e-05     0.00135665067838      
1.31052044283         -7.2412983389e-06     0.00231874014734      -7.2412983389e-06     0.00231874014734      4.22110032688e-05     0.00140114543814      
1.31996536827         -7.0648965705e-06     0.00235152754757      -7.0648965705e-06     0.00235152754757      3.988714467e-05       0.00144043428882      
1.32941029371         -6.76964461165e-06    0.00237585186712      -6.76964461165e-06    0.00237585186712      3.77041077769e-05     0.0014746413465       
1.33885521915         -6.37536787462e-06    0.00239205821133      -6.37536787462e-06    0.00239205821133      3.56508254285e-05     0.00150383695145      
1.34830014459         -5.90131886587e-06    0.00240057209254      -5.90131886587e-06    0.00240057209254      3.37180010536e-05     0.00152815004819      
1.35774507004         -5.36578814168e-06    0.00240185867754      -5.36578814168e-06    0.00240185867754      3.18973088683e-05     0.0015477447871       
1.36718999548         -4.78541114944e-06    0.00239619101496      -4.78541114944e-06    0.00239619101496      3.01784136647e-05     0.00156267096349      
1.37663492092         -4.17611642317e-06    0.00238412313802      -4.17611642317e-06    0.00238412313802      2.85553080744e-05     0.0015731687378       
1.38607984636         -3.55164365998e-06    0.00236577683742      -3.55164365998e-06    0.00236577683742      2.70173051323e-05     0.00157920327595      
1.3955247718          -2.92514298399e-06    0.00234173169303      -2.92514298399e-06    0.00234173169303      2.55599274248e-05     0.00158104933525      
1.40496969724         -2.30795511087e-06    0.00231239041744      -2.30795511087e-06    0.00231239041744      2.41770685099e-05     0.00157887540276      
1.41441462268         -1.70994666212e-06    0.00227812211308      -1.70994666212e-06    0.00227812211308      2.28628664819e-05     0.00157283592267      
1.42385954812         -1.14051931738e-06    0.0022411258048       -1.14051931738e-06    0.0022411258048       2.16297274948e-05     0.00156437105675      
1.43330447356         -6.03951069899e-07    0.00219613196981      -6.03951069899e-07    0.00219613196981      2.04185995445e-05     0.00154971499987      
1.442749399           -1.08942755715e-07    0.00214903852932      -1.08942755715e-07    0.00214903852932      1.92788130963e-05     0.00153290401841      
1.45219432444         3.40821896489e-07     0.00209839105992      3.40821896489e-07     0.00209839105992      1.81891991399e-05     0.00151285145254      
1.46163924988         7.41878397998e-07     0.00204443081631      7.41878397998e-07     0.00204443081631      1.71455687143e-05     0.00148965926556      
1.47108417532         1.0918894539e-06      0.00198757559458      1.0918894539e-06      0.00198757559458      1.61457217021e-05     0.00146356448018      
1.48052910076         1.38950232345e-06     0.00192809424647      1.38950232345e-06     0.00192809424647      1.51866124948e-05     0.00143470403891      
1.4899740262          1.6342437116e-06      0.00186622130063      1.6342437116e-06      0.00186622130063      1.42653780124e-05     0.00140319537917      
1.49941895165         1.82657662994e-06     0.00180230030652      1.82657662994e-06     0.00180230030652      1.33803973115e-05     0.0013692440815       
1.50886387709         1.96769458171e-06     0.00173660398096      1.96769458171e-06     0.00173660398096      1.2529838189e-05      0.00133301027058      
1.51830880253         2.05933242284e-06     0.00166927909548      2.05933242284e-06     0.00166927909548      1.17113112416e-05     0.00129456329889      
1.52775372797         2.10421042688e-06     0.00160078015527      2.10421042688e-06     0.00160078015527      1.09249172008e-05     0.00125421662283      
1.53719865341         2.10517166956e-06     0.00153120944559      2.10517166956e-06     0.00153120944559      1.01685402245e-05     0.00121201787605      
1.54664357885         2.06566603484e-06     0.00146079042334      2.06566603484e-06     0.00146079042334      9.44120207233e-06     0.00116811345544      
1.55608850429         1.98958634833e-06     0.00138977566871      1.98958634833e-06     0.00138977566871      8.74234074296e-06     0.00112267916783      
1.56553342973         1.88110191305e-06     0.0013183763604       1.88110191305e-06     0.0013183763604       8.0713245852e-06      0.00107586402648      
1.57497835517         1.74467402279e-06     0.00124682311069      1.74467402279e-06     0.00124682311069      7.4278234667e-06      0.00102783882678      
1.58442328061         1.5849703571e-06      0.00117535418128      1.5849703571e-06      0.00117535418128      6.8116973368e-06      0.000978787324862     
1.59386820605         1.40657332263e-06     0.00110404429565      1.40657332263e-06     0.00110404429565      6.22200147006e-06     0.000928762694162     
1.60331313149         1.21448413113e-06     0.00103322568931      1.21448413113e-06     0.00103322568931      5.65939813529e-06     0.00087803852173      
1.61275805693         1.01347848822e-06     0.000963057044945     1.01347848822e-06     0.000963057044945     5.12363649442e-06     0.000826749932724     
1.62220298237         8.08225450024e-07     0.000893618479875     8.08225450024e-07     0.000893618479875     4.61415822197e-06     0.000774968642202     
1.63164790781         6.03486922442e-07     0.000825163394809     6.03486922442e-07     0.000825163394809     4.13139827263e-06     0.000722920250789     
1.64109283325         4.03789464008e-07     0.000757885244137     4.03789464008e-07     0.000757885244137     3.67549821259e-06     0.000670785609386     
1.6505377587          2.13418073492e-07     0.000691927832639     2.13418073492e-07     0.000691927832639     3.24638154888e-06     0.000618707557783     
1.65998268414         3.64221810382e-08     0.000627455245517     3.64221810382e-08     0.000627455245517     2.84409182435e-06     0.000566851950766     
1.66942760958         -1.23463492056e-07    0.00056466321385      -1.23463492056e-07    0.00056466321385      2.46880775342e-06     0.00051541912259      
1.67887253502         -2.62912281403e-07    0.000503766283748     -2.62912281403e-07    0.000503766283748     2.12074673862e-06     0.000464633671785     
1.68831746046         -3.79053476392e-07    0.000444944603399     -3.79053476392e-07    0.000444944603399     1.79991618638e-06     0.000414695995165     
1.6977623859          -4.7273963519e-07     0.000391043122472     -4.7273963519e-07     0.000391043122472     1.51659337329e-06     0.000368323175557     
1.70720731134         -5.39886552497e-07    0.000338886163426     -5.39886552497e-07    0.000338886163426     1.25683696595e-06     0.0003226151712       
1.71665223678         -5.77933093703e-07    0.000288287919818     -5.77933093703e-07    0.000288287919818     1.01944955525e-06     0.000277421367843     
1.72609716222         -5.85715169703e-07    0.000239667641588     -5.85715169703e-07    0.000239667641588     8.05420675256e-07     0.000233170802856     
1.73554208766         -5.63060411509e-07    0.000193440812198     -5.63060411509e-07    0.000193440812198     6.1544640805e-07      0.000190304996321     
1.7449870131          -5.11028425838e-07    0.000150056621626     -5.11028425838e-07    0.000150056621626     4.50023372598e-07     0.00014931546932      
1.75443193854         -4.3224894801e-07     0.000110030570442     -4.3224894801e-07     0.000110030570442     3.09486432128e-07     0.000110778881832     
1.76387686398         -3.31454485372e-07    7.39930695347e-05     -3.31454485372e-07    7.39930695347e-05     1.94048271015e-07     7.54108588116e-05     
1.77332178942         -2.16446867045e-07    4.27846424663e-05     -2.16446867045e-07    4.27846424663e-05     1.03890543124e-07     4.41717189644e-05     
1.78276671486         -1.00287628551e-07    1.76969793243e-05     -1.00287628551e-07    1.76969793243e-05     3.94585183493e-08     1.8532715868e-05      
1.79221164031         -9.39523010808e-09    1.49047449342e-06     -9.39523010808e-09    1.49047449342e-06     3.02079549448e-09     1.58952910065e-06     
1.80165656575         8.67081557857e-06     6.04256551251e-08     8.67081557857e-06     6.04256551251e-08     9.39570846199e-06     -3.95237892822e-07    
1.81110149119         3.0586157537e-05      2.34384088478e-07     3.0586157537e-05      2.34384088478e-07     3.34092258939e-05     -1.48600977703e-06    
1.82054641663         6.02532999856e-05     5.05302269842e-07     6.02532999856e-05     5.05302269842e-07     6.63390045106e-05     -3.10863679046e-06    
1.82999134207         9.6117076429e-05      8.78379241033e-07     9.6117076429e-05      8.78379241033e-07     0.000106662223014     -5.24874829151e-06    
1.83943626751         0.000137318874862     1.36223121173e-06     0.000137318874862     1.36223121173e-06     0.00015358120473      -7.91363607865e-06    
1.84888119295         0.000183279502883     1.96679122699e-06     0.000183279502883     1.96679122699e-06     0.000206583235233     -1.11176737641e-05    
1.85832611839         0.000233563983109     2.70267198613e-06     0.000233563983109     2.70267198613e-06     0.000265299997264     -1.48787317538e-05    
1.86777104383         0.000287822295583     3.58088972848e-06     0.000287822295583     3.58088972848e-06     0.000329446750015     -1.92140613251e-05    
1.87721596927         0.000345758832321     4.61271416236e-06     0.000345758832321     4.61271416236e-06     0.000398789923762     -2.4143644292e-05     
1.88666089471         0.00040711493004      5.80957165894e-06     0.00040711493004      5.80957165894e-06     0.000473129895184     -2.96803865561e-05    
1.89610582015         0.00047165813254      7.18297402483e-06     0.00047165813254      7.18297402483e-06     0.000552285796634     -3.58392771173e-05    
1.90555074559         0.000539175230949     8.74446080803e-06     0.000539175230949     8.74446080803e-06     0.000636092359616     -4.26385076597e-05    
1.91499567103         0.000609467568473     1.05055493775e-05     0.000609467568473     1.05055493775e-05     0.000724401446595     -5.00886152392e-05    
1.92444059647         0.000682347773878     1.24776898289e-05     0.000682347773878     1.24776898289e-05     0.000817064359583     -5.81991526864e-05    
1.93388552192         0.000757637434156     1.46722231305e-05     0.000757637434156     1.46722231305e-05     0.000913938492095     -6.69798381888e-05    
1.94333044736         0.000835165405673     1.7100341631e-05      0.000835165405673     1.7100341631e-05      0.00101488438839      -7.64389744143e-05    
1.9527753728          0.000914766571578     1.9773051429e-05      0.000914766571578     1.9773051429e-05      0.00111976437681      -8.65834336568e-05    
1.96222029824         0.000996280918487     2.27011363254e-05     0.000996280918487     2.27011363254e-05     0.0012284416404       -9.74186513189e-05    
1.97166522368         0.00107955284606      2.58951232027e-05     0.00107955284606      2.58951232027e-05     0.00134077954969      -0.000108948625876    
1.98111014912         0.00116443064929      2.93652487517e-05     0.00116443064929      2.93652487517e-05     0.00145664118109      -0.00012117592408     
1.99055507456         0.0012507661307       3.31214275111e-05     0.0012507661307       3.31214275111e-05     0.00157588897378      -0.000134101690517    
2                     0.00133841431117      3.71732212141e-05     0.00133841431117      3.71732212141e-05     0.00169838449209      -0.000147725660914    
2.01                  0.00143248650789      4.17955164951e-05     0.00143248650789      4.17955164951e-05     0.00183146366218      -0.000162909402865    
2.19171717172         0.00319403949411      0.000194250039379     0.00319403949411      0.000194250039379     0.00465516676249      -0.000562684211795    
2.37343434343         0.00457220529322      0.000478029991474     0.00457220529322      0.000478029991474     0.0075363800673       -0.00110666281793     
2.55515151515         0.00517176256953      0.000833367068222     0.00517176256953      0.000833367068222     0.00958892097328      -0.00161433890925     
2.73686868687         0.00496970952013      0.00115068111625      0.00496970952013      0.00115068111625      0.0103259276958       -0.00192397174171     
2.91858585859         0.00419323059187      0.00132917989223      0.00419323059187      0.00132917989223      0.00973897545626      -0.00196185199353     
3.1003030303          0.00316087143979      0.00132447880611      0.00316087143979      0.00132447880611      0.00819290405583      -0.00175540083438     
3.28202020202         0.00215025542778      0.00116032268612      0.00215025542778      0.00116032268612      0.00621460589409      -0.00139923624179     
3.46373737374         0.00132875565369      0.000905200100147     0.00132875565369      0.000905200100147     0.00428141605842      -0.00100372821394     
3.64545454545         0.000749383236206     0.000634715738023     0.000749383236206     0.000634715738023     0.00269321090021      -0.000652749237839    
3.82717171717         0.000387083213894     0.000402874598524     0.000387083213894     0.000402874598524     0.00155337463132      -0.000387020849265    
4.00888888889         0.000183622293767     0.000232780335025     0.000183622293767     0.000232780335025     0.000824273946171     -0.000210146069452    
4.19060606061         8.01580588762e-05     0.000122982910398     8.01580588762e-05     0.000122982910398     0.000403500735059     -0.000104874551814    
4.37232323232         3.22465262015e-05     5.96232187254e-05     3.22465262015e-05     5.96232187254e-05     0.000182623070631     -4.82402811949e-05    
4.55404040404         1.19646793549e-05     2.66013370729e-05     1.19646793549e-05     2.66013370729e-05     7.65562575832e-05     -2.04991526641e-05    
4.73575757576         4.09578707084e-06     1.09474974507e-05     4.09578707084e-06     1.09474974507e-05     2.97675775575e-05     -8.06211526514e-06    
4.91747474747         1.2932787735e-06      4.16360050117e-06     1.2932787735e-06      4.16360050117e-06     1.07485463198e-05     -2.93898862477e-06    
5.09919191919         3.76360546726e-07     1.46568460544e-06     3.76360546726e-07     1.46568460544e-06     3.60755853893e-06     -9.94291534445e-07    
5.28090909091         1.00783270467e-07     4.78178946661e-07     1.00783270467e-07     4.78178946661e-07     1.12636036406e-06     -3.1249007525e-07     
5.46262626263         2.476945131e-08       1.44740695629e-07     2.476945131e-08       1.44740695629e-07     3.27362579088e-07     -9.1313173263e-08     
5.64434343434         5.564002084e-09       4.06856878407e-08     5.564002084e-09       4.06856878407e-08     8.86159476447e-08     -2.48265626331e-08    
5.82606060606         1.13470588615e-09     1.0628851662e-08      1.13470588615e-09     1.0628851662e-08      2.23529142525e-08     -6.28421768549e-09    
6.00777777778         2.07693644957e-10     2.58238244633e-09     2.07693644957e-10     2.58238244633e-09     5.2562442071e-09      -1.4817186495e-09     
6.18949494949         3.3393803255e-11      5.83849619826e-10     3.3393803255e-11      5.83849619826e-10     1.15263539134e-09     -3.25580036392e-10    
6.37121212121         4.49814058863e-12     1.22900355952e-10     4.49814058863e-12     1.22900355952e-10     2.35787613432e-10     -6.66961374574e-11    
6.55292929293         4.40007198692e-13     2.40980653268e-11     4.40007198692e-13     2.40980653268e-11     4.50081290695e-11     -1.27424794567e-11    
6.73464646465         8.18659264534e-15     4.40334344317e-12     8.18659264534e-15     4.40334344317e-12     8.0191439638e-12      -2.27128735159e-12    
6.91636363636         -9.6346952587e-15     7.4913895096e-13      -9.6346952587e-15     7.4913895096e-13      1.33223317473e-12     -3.77333273994e-13    
7.09808080808         -3.12466697061e-15    1.19625076389e-13     -3.12466697061e-15    1.19625076389e-13     2.08015209474e-13     -5.88953231362e-14    
7.2797979798          -6.91131319154e-16    1.8138155624e-14      -6.91131319154e-16    1.8138155624e-14      3.08784966285e-14     -8.7365650874e-15     
7.46151515152         -1.09460266823e-16    2.23538698355e-15     -1.09460266823e-16    2.23538698355e-15     3.72991273126e-15     -1.05427973857e-15    
7.64323232323         -3.08748164298e-17    5.24692826432e-16     -3.08748164298e-17    5.24692826432e-16     8.58991269788e-16     -2.4249693688e-16     
7.82494949495         -3.85442426804e-17    5.6810143565e-16      -3.85442426804e-17    5.6810143565e-16      9.13414109504e-16     -2.57481222629e-16    
8.00666666667         -4.66678433305e-17    6.13431473989e-16     -4.66678433305e-17    6.13431473989e-16     9.6951775841e-16      -2.72838033246e-16    
8.18838383838         -5.52445308844e-17    6.60692922647e-16     -5.52445308844e-17    6.60692922647e-16     1.02730409905e-15     -2.88562661684e-16    
8.3701010101          -6.42731985182e-17    7.09895066525e-16     -6.42731985182e-17    7.09895066525e-16     1.08677499665e-15     -3.04650619003e-16    
8.55181818182         -7.37527300639e-17    7.6104655397e-16      -7.37527300639e-17    7.6104655397e-16      1.14793229542e-15     -3.2109762188e-16     
8.73353535354         -8.36820080751e-17    8.14155450516e-16     -8.36820080751e-17    8.14155450516e-16     1.21077781546e-15     -3.37899580822e-16    
8.91525252525         -9.40599203102e-17    8.69229287301e-16     -9.40599203102e-17    8.69229287301e-16     1.27531335032e-15     -3.55052589072e-16    
9.09696969697         -1.04885364913e-16    9.26275104775e-16     -1.04885364913e-16    9.26275104775e-16     1.3415406649e-15      -3.72552912187e-16    
9.27868686869         -1.16157254514e-16    9.85299492196e-16     -1.16157254514e-16    9.85299492196e-16     1.40946149401e-15     -3.9039697826e-16     
9.4604040404          -1.27874519453e-16    1.0463086234e-15      -1.27874519453e-16    1.0463086234e-15      1.47907754106e-15     -4.0858136875e-16     
9.64212121212         -1.40036110259e-16    1.10930828921e-15     -1.40036110259e-16    1.10930828921e-15     1.55039047728e-15     -4.27102809898e-16    
9.82383838384         -1.52640999534e-16    1.1743039269e-15      -1.52640999534e-16    1.1743039269e-15      1.62340194105e-15     -4.45958164682e-16    
10.0055555556         -1.65688183341e-16    1.24130064696e-15     -1.65688183341e-16    1.24130064696e-15     1.69811353756e-15     -4.65144425294e-16    
10.1872727273         -1.79176682178e-16    1.31030325746e-15     -1.79176682178e-16    1.31030325746e-15     1.77452683866e-15     -4.84658706095e-16    
10.368989899          -1.93105541624e-16    1.38131628629e-15     -1.93105541624e-16    1.38131628629e-15     1.85264338277e-15     -5.04498237012e-16    
10.5507070707         -2.07473832707e-16    1.45434400148e-15     -2.07473832707e-16    1.45434400148e-15     1.93246467508e-15     -5.24660357372e-16    
10.7324242424         -2.22280652051e-16    1.52939042971e-15     -2.22280652051e-16    1.52939042971e-15     2.01399218774e-15     -5.45142510115e-16    
10.9141414141         -2.37525121837e-16    1.60645937334e-15     -2.37525121837e-16    1.60645937334e-15     2.09722736022e-15     -5.65942236374e-16    
11.0958585859         -2.53206389627e-16    1.68555442598e-15     -2.53206389627e-16    1.68555442598e-15     2.18217159972e-15     -5.87057170403e-16    
11.2775757576         -2.6932362806e-16     1.76667898673e-15     -2.6932362806e-16     1.76667898673e-15     2.2688262816e-15      -6.08485034817e-16    
11.4592929293         -2.85876034464e-16    1.84983627338e-15     -2.85876034464e-16    1.84983627338e-15     2.35719274997e-15     -6.30223636124e-16    
11.641010101          -3.02862830393e-16    1.93502933443e-15     -3.02862830393e-16    1.93502933443e-15     2.44727231821e-15     -6.52270860538e-16    
11.8227272727         -3.20283261101e-16    2.02226106025e-15     -3.20283261101e-16    2.02226106025e-15     2.53906626957e-15     -6.74624670047e-16    
12.0044444444         -3.3813659499e-16     2.11153419331e-15     -3.3813659499e-16     2.11153419331e-15     2.63257585781e-15     -6.97283098713e-16    
12.1861616162         -3.56422123007e-16    2.20285133765e-15     -3.56422123007e-16    2.20285133765e-15     2.72780230784e-15     -7.20244249201e-16    
12.3678787879         -3.75139158037e-16    2.29621496761e-15     -3.75139158037e-16    2.29621496761e-15     2.82474681633e-15     -7.43506289514e-16    
12.5495959596         -3.94287034274e-16    2.39162743595e-15     -3.94287034274e-16    2.39162743595e-15     2.92341055243e-15     -7.67067449915e-16    
12.7313131313         -4.13865106589e-16    2.48909098128e-15     -4.13865106589e-16    2.48909098128e-15     3.02379465838e-15     -7.90926020032e-16    
12.913030303          -4.3387274989e-16     2.58860773506e-15     -4.3387274989e-16     2.58860773506e-15     3.12590025021e-15     -8.15080346133e-16    
13.0947474747         -4.54309358496e-16    2.69017972799e-15     -4.54309358496e-16    2.69017972799e-15     3.22972841839e-15     -8.39528828551e-16    
13.2764646465         -4.75174345504e-16    2.79380889599e-15     -4.75174345504e-16    2.79380889599e-15     3.33528022849e-15     -8.64269919262e-16    
13.4581818182         -4.96467142177e-16    2.89949708575e-15     -4.96467142177e-16    2.89949708575e-15     3.44255672187e-15     -8.8930211959e-16     
13.6398989899         -5.18187197334e-16    3.0072460599e-15      -5.18187197334e-16    3.0072460599e-15      3.55155891632e-15     -9.14623978049e-16    
13.8216161616         -5.40333976758e-16    3.11705750183e-15     -5.40333976758e-16    3.11705750183e-15     3.66228780674e-15     -9.40234088299e-16    
14.0033333333         -5.62906962614e-16    3.22893302014e-15     -5.62906962614e-16    3.22893302014e-15     3.77474436584e-15     -9.6613108721e-16     
14.1850505051         -5.85905652887e-16    3.34287415283e-15     -5.85905652887e-16    3.34287415283e-15     3.88892954485e-15     -9.92313653036e-16    
14.3667676768         -6.09329560834e-16    3.45888237117e-15     -6.09329560834e-16    3.45888237117e-15     4.00484427438e-15     -1.01878050368e-15    
14.5484848485         -6.33178214448e-16    3.57695908341e-15     -6.33178214448e-16    3.57695908341e-15     4.12248946538e-15     -1.04553039507e-15    
14.7302020202         -6.57451155945e-16    3.6971056381e-15      -6.57451155945e-16    3.6971056381e-15      4.24186601081e-15     -1.07256211958e-15    
14.9119191919         -6.82147941262e-16    3.81932332733e-15     -6.82147941262e-16    3.81932332733e-15     4.36297478907e-15     -1.09987450457e-15    
15.0936363636         -7.07268139577e-16    3.94361338968e-15     -7.07268139577e-16    3.94361338968e-15     4.48581668004e-15     -1.12746641099e-15    
15.2753535354         -7.32811332839e-16    4.06997701301e-15     -7.32811332839e-16    4.06997701301e-15     4.61039254874e-15     -1.15533689057e-15    
15.4570707071         -7.58777115323e-16    4.1984153371e-15      -7.58777115323e-16    4.1984153371e-15      4.73670298515e-15     -1.18348478352e-15    
15.6387878788         -7.85165093188e-16    4.3289294561e-15      -7.85165093188e-16    4.3289294561e-15      4.86474886196e-15     -1.21190897632e-15    
15.8205050505         -8.11974884069e-16    4.46152042081e-15     -8.11974884069e-16    4.46152042081e-15     4.99453097286e-15     -1.24060845162e-15    
16.0022222222         -8.39206116663e-16    4.59618924087e-15     -8.39206116663e-16    4.59618924087e-15     5.12605008503e-15     -1.26958221964e-15    
16.1839393939         -8.6685843035e-16     4.73293688679e-15     -8.6685843035e-16     4.73293688679e-15     5.25930694625e-15     -1.29882931716e-15    
16.3656565657         -8.94931474811e-16    4.87176429186e-15     -8.94931474811e-16    4.87176429186e-15     5.39430228712e-15     -1.32834880652e-15    
16.5473737374         -9.23424909675e-16    5.01267235397e-15     -9.23424909675e-16    5.01267235397e-15     5.53103682215e-15     -1.35813977466e-15    
16.7290909091         -9.5233840417e-16     5.15566193727e-15     -9.5233840417e-16     5.15566193727e-15     5.66951125043e-15     -1.38820133227e-15    
16.9108080808         -9.81671636791e-16    5.30073387381e-15     -9.81671636791e-16    5.30073387381e-15     5.80972625622e-15     -1.41853261291e-15    
17.0925252525         -1.01142429498e-15    5.44788896503e-15     -1.01142429498e-15    5.44788896503e-15     5.95168250944e-15     -1.44913277221e-15    
17.2742424242         -1.04159607481e-15    5.59712798319e-15     -1.04159607481e-15    5.59712798319e-15     6.09538066607e-15     -1.4800009871e-15     
17.455959596          -1.0721866807e-15     5.7484516727e-15      -1.0721866807e-15     5.7484516727e-15      6.24082136857e-15     -1.51113645504e-15    
17.6376767677         -1.10319582514e-15    5.90186075142e-15     -1.10319582514e-15    5.90186075142e-15     6.38800524626e-15     -1.54253839333e-15    
17.8193939394         -1.13462322838e-15    6.05735591183e-15     -1.13462322838e-15    6.05735591183e-15     6.53693291567e-15     -1.57420603846e-15    
18.0011111111         -1.16646861822e-15    6.21493782217e-15     -1.16646861822e-15    6.21493782217e-15     6.68760498088e-15     -1.60613864542e-15    
18.1828282828         -1.19873172969e-15    6.37460712754e-15     -1.19873172969e-15    6.37460712754e-15     6.84002203388e-15     -1.63833548708e-15    
18.3645454545         -1.23141230487e-15    6.53636445087e-15     -1.23141230487e-15    6.53636445087e-15     6.99418465485e-15     -1.67079585364e-15    
18.5462626263         -1.26451009263e-15    6.70021039394e-15     -1.26451009263e-15    6.70021039394e-15     7.15009341248e-15     -1.70351905203e-15    
18.727979798          -1.2980248484e-15     6.86614553825e-15     -1.2980248484e-15     6.86614553825e-15     7.3077488643e-15      -1.73650440537e-15    
18.9096969697         -1.33195633395e-15    7.03417044589e-15     -1.33195633395e-15    7.03417044589e-15     7.46715155691e-15     -1.76975125244e-15    
19.0914141414         -1.36630431721e-15    7.20428566038e-15     -1.36630431721e-15    7.20428566038e-15     7.6283020263e-15      -1.80325894721e-15    
19.2731313131         -1.40106857203e-15    7.37649170744e-15     -1.40106857203e-15    7.37649170744e-15     7.79120079813e-15     -1.83702685833e-15    
19.4548484848         -1.43624887803e-15    7.55078909573e-15     -1.43624887803e-15    7.55078909573e-15     7.95584838793e-15     -1.87105436867e-15    
19.6365656566         -1.47184502037e-15    7.72717831755e-15     -1.47184502037e-15    7.72717831755e-15     8.12224530143e-15     -1.90534087492e-15    
19.8182828283         -1.50785678961e-15    7.90565984949e-15     -1.50785678961e-15    7.90565984949e-15     8.29039203474e-15     -1.93988578711e-15    
20                    0                     0                     0                     0                     0                     0                     
