0.0779191396          0                     0                     0                     0                     0                     0                     
0.087577837391        1.18549215923         0.326852356179        1.18549215923         0.326852356179        0.25930986746         0.214371767304        
0.0972365351819       5.82968429197         1.39640946585         5.82968429197         1.39640946585         1.40085900149         0.932138229445        
0.106895232973        12.7014758311         2.55625884321         12.7014758311         2.55625884321         3.31004013308         1.74607107969         
0.116553930764        20.1876226485         3.28896362006         20.1876226485         3.28896362006         5.63017808128         2.31371183498         
0.126212628555        27.2842838703         3.4167420451          27.2842838703         3.4167420451          8.05801607262         2.50408266426         
0.135871326346        33.5018710948         2.92254998104         33.5018710948         2.92254998104         10.3909894695         2.29130303041         
0.145530024137        38.6376935388         1.85652336008         38.6376935388         1.85652336008         12.4917717158         1.69600005565         
0.155188721928        42.6270373828         0.288976291052        42.6270373828         0.288976291052        14.2597619454         0.756099165336        
0.164847419719        45.4139975415         -1.65058280732        45.4139975415         -1.65058280732        15.5856744029         -0.449880192209       
0.17450611751         47.0304917639         -3.7216493861         47.0304917639         -3.7216493861         16.4148549697         -1.76812078235        
0.184164815301        47.6406079116         -5.7093676969         47.6406079116         -5.7093676969         16.7871330638         -3.0526954119         
0.193823513091        47.4701488694         -7.46404988705        47.4701488694         -7.46404988705        16.7980230646         -4.20026489591        
0.203482210882        46.7371499794         -8.93239289803        46.7371499794         -8.93239289803        16.5500323876         -5.17083535455        
0.213140908673        45.6179229442         -10.113388531         45.6179229442         -10.113388531         16.1276672887         -5.9600945442         
0.222799606464        44.2456717756         -11.0206572703        44.2456717756         -11.0206572703        15.5946548346         -6.5750231535         
0.232458304255        42.7339494641         -11.7040525798        42.7339494641         -11.7040525798        15.0057011285         -7.04511618353        
0.242117002046        41.1422109408         -12.2041451986        41.1422109408         -12.2041451986        14.3875065568         -7.39582798725        
0.251775699837        39.5139610433         -12.5532900563        39.5139610433         -12.5532900563        13.7573585606         -7.6482035497         
0.261434397628        37.8756603465         -12.77313481          37.8756603465         -12.77313481          13.1251491395         -7.81590745071        
0.271093095419        36.2534860286         -12.8801511327        36.2534860286         -12.8801511327        12.5019466691         -7.90928189919        
0.28075179321         34.6732152969         -12.8933578729        34.6732152969         -12.8933578729        11.8995895863         -7.94026752187        
0.290410491001        33.1478709297         -12.8322513115        33.1478709297         -12.8322513115        11.3243307981         -7.92146312356        
0.300069188792        31.6863966096         -12.7162098913        31.6863966096         -12.7162098913        10.7798904169         -7.86549343951        
0.309727886583        30.2911646542         -12.5616051118        30.2911646542         -12.5616051118        10.2662253342         -7.78319233732        
0.319386584374        28.9586791367         -12.379735396         28.9586791367         -12.379735396         9.78026915399         -7.68208163523        
0.329045282165        27.6872821396         -12.1790678622        27.6872821396         -12.1790678622        9.32007841854         -7.56784203011        
0.338703979956        26.4716256611         -11.9625799546        26.4716256611         -11.9625799546        8.88198958524         -7.44258131787        
0.348362677747        25.3079996941         -11.731802884         25.3079996941         -11.731802884         8.46359852249         -7.30746380911        
0.358021375538        24.1975641956         -11.4894299442        24.1975641956         -11.4894299442        8.06535052561         -7.16436450214        
0.367680073329        23.1383857422         -11.2334463355        23.1383857422         -11.2334463355        7.68639330095         -7.01165913965        
0.37733877112         22.1314112867         -10.9722968058        22.1314112867         -10.9722968058        7.3273467565          -6.85474738851        
0.386997468911        21.1744643191         -10.7052403981        21.1744643191         -10.7052403981        6.98748769208         -6.69321533994        
0.396656166702        20.266138784          -10.4340147678        20.266138784          -10.4340147678        6.66646126736         -6.52820692896        
0.406314864492        19.4055659335         -10.1610890843        19.4055659335         -10.1610890843        6.3641351368          -6.36134768252        
0.415973562283        18.5917716899         -9.88855079062        18.5917716899         -9.88855079062        6.08031380175         -6.19400584264        
0.425632260074        17.8199127073         -9.61759471668        17.8199127073         -9.61759471668        5.81290773795         -6.02707720656        
0.435290957865        17.0907366184         -9.35119884595        17.0907366184         -9.35119884595        5.56239352702         -5.86247701957        
0.444949655656        16.4011273551         -9.08876237633        16.4011273551         -9.08876237633        5.32754900976         -5.6998855311         
0.454608353447        15.7484184131         -8.8335485628         15.7484184131         -8.8335485628         5.10697215153         -5.54149107856        
0.464267051238        15.1300924174         -8.58530943534        15.1300924174         -8.58530943534        4.89965039015         -5.387193682          
0.473925749029        14.5440093524         -8.34478441714        14.5440093524         -8.34478441714        4.70449481291         -5.23750002581        
0.48358444682         13.9876799802         -8.11223784355        13.9876799802         -8.11223784355        4.52038842389         -5.09262192039        
0.493243144611        13.4588710623         -7.88770938667        13.4588710623         -7.88770938667        4.34643976514         -4.9526506531         
0.502901842402        12.9559002504         -7.67055082324        12.9559002504         -7.67055082324        4.18174133658         -4.81722104851        
0.512560540193        12.4772089179         -7.46201455045        12.4772089179         -7.46201455045        4.02572374621         -4.68695378073        
0.522219237984        12.0201389185         -7.26094126598        12.0201389185         -7.26094126598        3.87721106862         -4.56135241732        
0.531877935775        11.5844334104         -7.06785514156        11.5844334104         -7.06785514156        3.73586856029         -4.44073125532        
0.541536633566        11.1675548181         -6.88141308671        11.1675548181         -6.88141308671        3.60082470531         -4.32424865798        
0.551195331357        10.7686441476         -6.7015590583         10.7686441476         -6.7015590583         3.47162918166         -4.21189373854        
0.560854029148        10.3864248185         -6.52783055283        10.3864248185         -6.52783055283        3.34777211153         -4.10335271985        
0.570512726939        10.019799415          -6.35939091815        10.019799415          -6.35939091815        3.22889788939         -3.99810599145        
0.58017142473         9.66855911642         -6.19646424107        9.66855911642         -6.19646424107        3.11491485674         -3.89629062898        
0.589830122521        9.33161111787         -6.03849417448        9.33161111787         -6.03849417448        3.00549541709         -3.7975654929         
0.599488820312        9.0082006509          -5.88522256641        9.0082006509          -5.88522256641        2.90034761429         -3.7017584355         
0.609147518103        8.69802362646         -5.73656021197        8.69802362646         -5.73656021197        2.79938277871         -3.60881546515        
0.618806215893        8.39944780856         -5.59170246767        8.39944780856         -5.59170246767        2.70206825672         -3.51822318734        
0.628464913684        8.11319907642         -5.45086392296        8.11319907642         -5.45086392296        2.60876280118         -3.43011237415        
0.638123611475        7.83812473067         -5.31381754879        7.83812473067         -5.31381754879        2.51899296464         -3.34434701127        
0.647782309266        7.57383280814         -5.18039841085        7.57383280814         -5.18039841085        2.43270271657         -3.26082492631        
0.657441007057        7.3198271699          -5.05031287829        7.3198271699          -5.05031287829        2.34972229612         -3.17936465429        
0.667099704848        7.07598209341         -4.92390675875        7.07598209341         -4.92390675875        2.2700892606          -3.10014770251        
0.676758402639        6.84092309918         -4.79999478385        6.84092309918         -4.79999478385        2.19322549376         -3.0225092509         
0.68641710043         6.61526397472         -4.67874816664        6.61526397472         -4.67874816664        2.11951906547         -2.94655046982        
0.696075798221        6.39870358629         -4.56080360823        6.39870358629         -4.56080360823        2.04893731116         -2.87260110805        
0.705734496012        6.19104933295         -4.44607475426        6.19104933295         -4.44607475426        1.98137831132         -2.80061774598        
0.715393193803        5.99140058765         -4.33423800788        5.99140058765         -4.33423800788        1.9165493708          -2.730412015          
0.725051891594        5.79984291942         -4.22536452183        5.79984291942         -4.22536452183        1.85451743253         -2.66202535429        
0.734710589385        5.61543071661         -4.11934894312        5.61543071661         -4.11934894312        1.79490015935         -2.59541264845        
0.744369287176        5.43842364488         -4.01614938812        5.43842364488         -4.01614938812        1.73783313268         -2.53053158953        
0.754027984967        5.26823962742         -3.91570553627        5.26823962742         -3.91570553627        1.68312180098         -2.46735726628        
0.763686682758        5.10453461634         -3.81796435399        5.10453461634         -3.81796435399        1.63064008173         -2.40585539878        
0.773345380549        4.94712531429         -3.72295060404        4.94712531429         -3.72295060404        1.58031716856         -2.34604928977        
0.78300407834         4.79567482865         -3.63057339506        4.79567482865         -3.63057339506        1.53203587471         -2.28789169878        
0.792662776131        4.64991970026         -3.54058952462        4.64991970026         -3.54058952462        1.48575616403         -2.23120343511        
0.802321473922        4.50980962226         -3.45336783679        4.50980962226         -3.45336783679        1.44137146252         -2.17625364394        
0.811980171713        4.3746680385          -3.3685388996         4.3746680385          -3.3685388996         1.39867658814         -2.12279881086        
0.821638869504        4.24449743867         -3.28613543349        4.24449743867         -3.28613543349        1.35767014076         -2.07085720141        
0.831297567294        4.11899386201         -3.20600289771        4.11899386201         -3.20600289771        1.31823850945         -2.02033705073        
0.840956265085        3.99805370453         -3.12819463362        3.99805370453         -3.12819463362        1.28035887975         -1.9712888608         
0.850614962876        3.88126363642         -3.05260472943        3.88126363642         -3.05260472943        1.24390435183         -1.92358353753        
0.860273660667        3.76857958595         -2.97938822108        3.76857958595         -2.97938822108        1.20878304787         -1.87738046306        
0.869932358458        3.65960584092         -2.90817063103        3.65960584092         -2.90817063103        1.17488523064         -1.83243680786        
0.879591056249        3.5542393208          -2.83902452424        3.5542393208          -2.83902452424        1.14216769673         -1.78880093119        
0.88924975404         3.45233408918         -2.77184185516        3.45233408918         -2.77184185516        1.11056065202         -1.74641344069        
0.898908451831        3.35363108404         -2.70655726803        3.35363108404         -2.70655726803        1.07996153012         -1.70522546282        
0.908567149622        3.25800013349         -2.64306893012        3.25800013349         -2.64306893012        1.0503573215          -1.66518005435        
0.918225847413        3.16520908567         -2.58128007671        3.16520908567         -2.58128007671        1.0216057452          -1.62621025749        
0.927884545204        3.07518365569         -2.52104047192        3.07518365569         -2.52104047192        0.993722954287        -1.58822582603        
0.937543242995        2.98779698405         -2.46238852774        2.98779698405         -2.46238852774        0.966673928528        -1.55124391675        
0.947201940786        2.90240613481         -2.40504968583        2.90240613481         -2.40504968583        0.940122704348        -1.51511409088        
0.956860638577        2.81930150383         -2.3489498353         2.81930150383         -2.3489498353         0.91428620882         -1.47976538323        
0.966519336368        2.73790302226         -2.29377554785        2.73790302226         -2.29377554785        0.888900789843        -1.44501169259        
0.976178034159        2.65793948232         -2.23920509793        2.65793948232         -2.23920509793        0.863987910923        -1.41063584781        
0.98583673195         2.57427780688         -2.18104953044        2.57427780688         -2.18104953044        0.837737799585        -1.37401712276        
0.995495429741        2.49011376117         -2.12183900651        2.49011376117         -2.12183900651        0.811258254314        -1.33673912982        
1.00515412753         2.4093122359          -2.06489696568        2.4093122359          -2.06489696568        0.785780123913        -1.30089565648        
1.01481282532         2.33172167642         -2.01016078463        2.33172167642         -2.01016078463        0.761265409974        -1.26644819923        
1.02447152311         2.25696577138         -1.95728057924        2.25696577138         -1.95728057924        0.737585213626        -1.23317575323        
1.0341302209          2.18493378757         -1.90621236008        2.18493378757         -1.90621236008        0.714720655514        -1.20104781488        
1.0437889187          2.11554347265         -1.85690210394        2.11554347265         -1.85690210394        0.692631217952        -1.1700306569         
1.05344761649         2.04842992047         -1.80902604611        2.04842992047         -1.80902604611        0.671216095489        -1.13992007632        
1.06310631428         1.98370835215         -1.76269222841        1.98370835215         -1.76269222841        0.650512151456        -1.11078393287        
1.07276501207         1.9211148836          -1.7177253469         1.9211148836          -1.7177253469         0.630430829507        -1.08250977774        
1.08242370986         1.86072312082         -1.6741487382         1.86072312082         -1.6741487382         0.611013835511        -1.0551124635         
1.09208240765         1.8023472348          -1.63190530063        1.8023472348          -1.63190530063        0.592187327396        -1.02855613392        
1.10174110544         1.74575797384         -1.59080520937        1.74575797384         -1.59080520937        0.573867309474        -1.00271886001        
1.11139980323         1.69096193064         -1.55052441852        1.69096193064         -1.55052441852        0.556074687509        -0.977419612549       
1.12105850102         1.6381993154          -1.51150267782        1.6381993154          -1.51150267782        0.538927162313        -0.952901938962       
1.13071719881         1.58726453186         -1.47354429547        1.58726453186         -1.47354429547        0.522364585748        -0.929052342837       
1.14037589661         1.53803079443         -1.43663248016        1.53803079443         -1.43663248016        0.506337519012        -0.905839578103       
1.1500345944          1.49054599863         -1.40082113634        1.49054599863         -1.40082113634        0.49087845809         -0.883315026007       
1.15969329219         1.44465237658         -1.36600778767        1.44465237658         -1.36600778767        0.475918054503        -0.861416277639       
1.16935198998         1.40029145846         -1.33213612434        1.40029145846         -1.33213612434        0.461444064165        -0.84010728887        
1.17901068777         1.35738687831         -1.29918164458        1.35738687831         -1.29918164458        0.447428279741        -0.819374348841       
1.18866938556         1.31584275286         -1.26700534671        1.31584275286         -1.26700534671        0.433849836825        -0.799127816582       
1.19832808335         1.27593112245         -1.23593186574        1.27593112245         -1.23593186574        0.420800329766        -0.779572769496       
1.20798678114         1.23713539467         -1.20549015775        1.23713539467         -1.20549015775        0.408096804431        -0.760412274516       
1.21764547893         1.19976725342         -1.17600584018        1.19976725342         -1.17600584018        0.395874544438        -0.741856307537       
1.22730417672         1.16360401799         -1.14715767673        1.16360401799         -1.14715767673        0.384044049698        -0.723691402885       
1.23696287451         1.12871669965         -1.11920796157        1.12871669965         -1.11920796157        0.372621230109        -0.706093560206       
1.24662157231         1.09491638774         -1.09186052619        1.09491638774         -1.09186052619        0.361577471535        -0.688870770916       
1.2562802701          1.06228255257         -1.06530815463        1.06228255257         -1.06530815463        0.350908679571        -0.672147139788       
1.26593896789         1.03074610746         -1.03945714259        1.03074610746         -1.03945714259        0.340605065113        -0.655863647365       
1.27559766568         1.00027036969         -1.01431614498        1.00027036969         -1.01431614498        0.330654728105        -0.64002460663        
1.28525636347         0.970858349984        -0.989897321058       0.970858349984        -0.989897321058       0.321057704059        -0.624639611191       
1.29491506126         0.9424053065          -0.966091772283       0.9424053065          -0.966091772283       0.311784912331        -0.609638888452       
1.30457375905         0.914786637861        -0.942874652593       0.914786637861        -0.942874652593       0.302780229941        -0.595008514323       
1.31423245684         0.888154663971        -0.920415520703       0.888154663971        -0.920415520703       0.294094724096        -0.580855110883       
1.32389115463         0.862493563589        -0.89841777817        0.862493563589        -0.89841777817        0.285772538044        -0.566988046685       
1.33354985242         0.837649776178        -0.877098929004       0.837649776178        -0.877098929004       0.277708631069        -0.553548664639       
1.34320855022         0.813569775897        -0.856349488409       0.813569775897        -0.856349488409       0.269889476402        -0.540469504279       
1.35286724801         0.790264868946        -0.836132966145       0.790264868946        -0.836132966145       0.262333997586        -0.52772569152        
1.3625259458          0.767767167933        -0.816533580542       0.767767167933        -0.816533580542       0.255044487853        -0.515369743804       
1.37218464359         0.745909780382        -0.797432027341       0.745909780382        -0.797432027341       0.247963012722        -0.50332962028        
1.38184334138         0.724881551968        -0.778850562098       0.724881551968        -0.778850562098       0.241170635844        -0.491610543239       
1.39150203917         0.704467408559        -0.76081545204        0.704467408559        -0.76081545204        0.234574556539        -0.480234982331       
1.40116073696         0.684758833187        -0.743340520465       0.684758833187        -0.743340520465       0.228223100998        -0.469212291107       
1.41081943475         0.665631588412        -0.726344877817       0.665631588412        -0.726344877817       0.222056709413        -0.458494565144       
1.42047813254         0.647056900739        -0.709791681993       0.647056900739        -0.709791681993       0.216059216657        -0.448056676933       
1.43013683033         0.629060077454        -0.69371933392        0.629060077454        -0.69371933392        0.210247196096        -0.43792346921        
1.43979552812         0.611614019415        -0.678112037239       0.611614019415        -0.678112037239       0.20460932287         -0.428085433234       
1.44945422592         0.594664211059        -0.662918824709       0.594664211059        -0.662918824709       0.199124794205        -0.418509648945       
1.45911292371         0.578222770263        -0.648164955049       0.578222770263        -0.648164955049       0.193798470198        -0.409213032502       
1.4687716215          0.562222142992        -0.633788672479       0.562222142992        -0.633788672479       0.188600437045        -0.400156625935       
1.47843031929         0.546732800176        -0.619834912577       0.546732800176        -0.619834912577       0.18356928463         -0.391366269342       
1.48808901708         0.531596969995        -0.606175547145       0.531596969995        -0.606175547145       0.178628618762        -0.382767363628       
1.49774771487         0.516893112264        -0.592848094564       0.516893112264        -0.592848094564       0.173817124968        -0.374382886464       
1.50740641266         0.502644579287        -0.579889877953       0.502644579287        -0.579889877953       0.169153491189        -0.366230447756       
1.51706511045         0.48880530571         -0.567271298069       0.48880530571         -0.567271298069       0.164616614325        -0.358292108342       
1.52672380824         0.475365859131        -0.55499255151        0.475365859131        -0.55499255151        0.160201087412        -0.350567926079       
1.53638250603         0.462333365604        -0.543027352078       0.462333365604        -0.543027352078       0.155916370897        -0.343041292397       
1.54604120383         0.449600881039        -0.531381077507       0.449600881039        -0.531381077507       0.151705061392        -0.335718205319       
1.55569990162         0.437246955486        -0.520012938183       0.437246955486        -0.520012938183       0.147614333863        -0.328569745424       
1.56535859941         0.425230785468        -0.508920513363       0.425230785468        -0.508920513363       0.143625680873        -0.321595032272       
1.5750172972          0.413520952741        -0.498072505711       0.413520952741        -0.498072505711       0.139726586279        -0.314773847686       
1.58467599499         0.402161568661        -0.487504056816       0.402161568661        -0.487504056816       0.135938584406        -0.308127604972       
1.59433469278         0.391114632947        -0.477207706372       0.391114632947        -0.477207706372       0.132248663251        -0.301650691331       
1.60399339057         0.380421787741        -0.467182576575       0.380421787741        -0.467182576575       0.128668473544        -0.295344116642       
1.61365208836         0.36994550564         -0.457373510461       0.36994550564         -0.457373510461       0.125149346014        -0.289174425613       
1.62331078615         0.359792374504        -0.447817947235       0.359792374504        -0.447817947235       0.121730362882        -0.283163956741       
1.63296948394         0.349909566907        -0.438469014605       0.349909566907        -0.438469014605       0.118395097664        -0.277283341449       
1.64262818173         0.340307717027        -0.42935181468        0.340307717027        -0.42935181468        0.115147424175        -0.271548481576       
1.65228687953         0.330984555183        -0.420474818765       0.330984555183        -0.420474818765       0.111987414184        -0.265964904792       
1.66194557732         0.321963921023        -0.411813756972       0.321963921023        -0.411813756972       0.108927084123        -0.260516183406       
1.67160427511         0.313214319882        -0.403390307915       0.313214319882        -0.403390307915       0.105952940968        -0.255216812752       
1.6812629729          0.304756214285        -0.395217160321       0.304756214285        -0.395217160321       0.103073905472        -0.250074914212       
1.69092167069         0.29691905998         -0.387725421489       0.29691905998         -0.387725421489       0.100402315978        -0.245363071542       
1.70058036848         0.291503871791        -0.383298003462       0.291503871791        -0.383298003462       0.09854639325         -0.242589575858       
1.71023906627         0.285954229285        -0.378608595632       0.285954229285        -0.378608595632       0.0966468291022       -0.239649671771       
1.71989776406         0.280346805949        -0.373758439444       0.280346805949        -0.373758439444       0.0947245770576       -0.236606951507       
1.72955646185         0.274728295937        -0.36879899724        0.274728295937        -0.36879899724        0.0927991754894       -0.233494444662       
1.73921515964         0.269108204331        -0.36375703982        0.269108204331        -0.36375703982        0.0908718162801       -0.230328544284       
1.74887385744         0.263503224544        -0.358642362051       0.263503224544        -0.358642362051       0.0889498411021       -0.22711582511        
1.75853255523         0.257952131064        -0.353482416722       0.257952131064        -0.353482416722       0.0870532864695       -0.223871081453       
1.76819125302         0.252431309346        -0.348289448629       0.252431309346        -0.348289448629       0.0851678714776       -0.220604609154       
1.77784995081         0.246954541937        -0.34307170365        0.246954541937        -0.34307170365        0.0832996038137       -0.217321766955       
1.7875086486          0.241536785532        -0.3378333539         0.241536785532        -0.3378333539         0.0814529387374       -0.214024478119       
1.79716734639         0.236139902038        -0.332559792233       0.236139902038        -0.332559792233       0.0796155716836       -0.21070561968        
1.80682604418         0.230771236703        -0.32726593678        0.230771236703        -0.32726593678        0.0777796673435       -0.207377876981       
1.81648474197         0.225510835671        -0.321979859211       0.225510835671        -0.321979859211       0.075991378807        -0.204052520173       
1.82614343976         0.220282617211        -0.316684517615       0.220282617211        -0.316684517615       0.0742103475861       -0.200720616114       
1.83580213755         0.215158437339        -0.311438119735       0.215158437339        -0.311438119735       0.0724758064423       -0.197419113409       
1.84546083534         0.210091044452        -0.306193771959       0.210091044452        -0.306193771959       0.0707581974593       -0.1941179181         
1.85511953314         0.205073022557        -0.300958189843       0.205073022557        -0.300958189843       0.069055633817        -0.190822186596       
1.86477823093         0.200143639788        -0.295763935804       0.200143639788        -0.295763935804       0.0673882425791       -0.18755205246        
1.87443692872         0.195278085954        -0.290589212688       0.195278085954        -0.290589212688       0.0657402330507       -0.184293821745       
1.88409562651         0.190450676238        -0.285437753046       0.190450676238        -0.285437753046       0.0641009641051       -0.181050432782       
1.8937543243          0.185720786644        -0.280326623662       0.185720786644        -0.280326623662       0.0624994586608       -0.177831820556       
1.90341302209         0.181048223598        -0.275253150128       0.181048223598        -0.275253150128       0.0609153945531       -0.174635310093       
1.91307171988         0.176447568857        -0.270222709988       0.176447568857        -0.270222709988       0.0593553763801       -0.171466018344       
1.92273041767         0.171901757806        -0.265232058086       0.171901757806        -0.265232058086       0.0578100211417       -0.16832173815        
1.93238911546         0.167423043057        -0.260280303054       0.167423043057        -0.260280303054       0.0562853437951       -0.165201936283       
1.94204781325         0.16300346242         -0.255369382104       0.16300346242         -0.255369382104       0.0547770127073       -0.162108037392       
1.95170651105         0.158648856663        -0.250499509455       0.158648856663        -0.250499509455       0.0532884135554       -0.159040097328       
1.96136520884         0.154353889621        -0.245671163977       0.154353889621        -0.245671163977       0.0518162012357       -0.155998146637       
1.97102390663         0.150130511724        -0.240886030807       0.150130511724        -0.240886030807       0.0503655979924       -0.152983206544       
1.98068260442         0.145965637437        -0.236142753074       0.145965637437        -0.236142753074       0.0489306993429       -0.149994605627       
1.99034130221         0.141872553423        -0.231438941556       0.141872553423        -0.231438941556       0.0475197863258       -0.14703067503        
2                     0.137816207443        -0.226830974164       0.137816207443        -0.226830974164       0.0461076432951       -0.144128008736       
2.001                 0.137427528398        -0.226299844277       0.137427528398        -0.226299844277       0.0459813675386       -0.143792316212       
2.22251916927         0.0646583677855       -0.132722679899       0.0646583677855       -0.132722679899       0.0206190236572       -0.0846866723347      
2.44403833854         0.0247304202354       -0.06901282214        0.0247304202354       -0.06901282214        0.00685047672976      -0.0442692972972      
2.66555750781         0.00659730572382      -0.0311754077075      0.00659730572382      -0.0311754077075      0.000884170586558     -0.0201353808957      
2.88707667709         0.000351507185249     -0.0117285815802      0.000351507185249     -0.0117285815802      -0.000813336504395    -0.00764534793654     
3.10859584636         -0.000762495508649    -0.00332775942978     -0.000762495508649    -0.00332775942978     -0.000747634105147    -0.00219784353314     
3.33011501563         -0.000385767149053    -0.0005055652509      -0.000385767149053    -0.0005055652509      -0.000294662737185    -0.000341606858324    
3.5516341849          -1.59896049504e-05    -3.95419523361e-06    -1.59896049504e-05    -3.95419523361e-06    -1.22395081314e-05    -2.8670912174e-06     
3.5526341849          -1.54785901465e-05    -3.78748300802e-06    -1.54785901465e-05    -3.78748300802e-06    -1.18525782003e-05    -2.74681825757e-06    
3.5696341849          -8.20718098013e-06    -1.60144693227e-06    -8.20718098013e-06    -1.60144693227e-06    -6.32349843113e-06    -1.16038416833e-06    
3.5866341849          -3.32537262597e-06    -3.3856924753e-07     -3.32537262597e-06    -3.3856924753e-07     -2.57877208936e-06    -2.31688125398e-07    
3.6036341849          -5.36119814895e-07    3.3022265844e-07      -5.36119814895e-07    3.3022265844e-07      -4.1985211342e-07     2.682416372e-07       
3.6206341849          -4.26534957526e-10    1.17893481857e-06     -4.26534957526e-10    1.17893481857e-06     -3.51298107707e-09    9.29627019763e-07     
3.6376341849          7.40015364499e-09     3.07623843834e-06     7.40015364499e-09     3.07623843834e-06     1.99716247157e-09     2.43551433383e-06     
3.6546341849          1.1764625102e-08      5.08246263979e-06     1.1764625102e-08      5.08246263979e-06     5.55975195525e-09     4.04956912551e-06     
3.6716341849          1.36135959838e-08     6.94678145868e-06     1.36135959838e-08     6.94678145868e-06     7.52711858849e-09     5.57031843201e-06     
3.6726341849          1.36630714877e-08     7.04963781799e-06     1.36630714877e-08     7.04963781799e-06     7.60284485035e-09     5.65487813329e-06     
3.85205578726         4.76618816711e-10     1.25127498459e-05     4.76618816711e-10     1.25127498459e-05     1.40720268968e-09     1.06409540623e-05     
4.03147738963         -1.09483338847e-09    6.94101445969e-06     -1.09483338847e-09    6.94101445969e-06     -6.07292555791e-10    6.2105339316e-06      
4.21089899199         -5.49928383158e-11    2.55884453189e-06     -5.49928383158e-11    2.55884453189e-06     -1.19022172139e-10    2.40086237636e-06     
4.39032059435         5.3186217918e-11      6.64306561218e-07     5.3186217918e-11      6.64306561218e-07     1.68339041561e-11     6.52366752721e-07     
4.56974219672         -3.21125821144e-13    9.91129291523e-08     -3.21125821144e-13    9.91129291523e-08     3.55452384097e-12     1.01760214999e-07     
4.74916379908         -8.55318494822e-15    2.45134202519e-11     -8.55318494822e-15    2.45134202519e-11     -1.57301194197e-15    2.62986302254e-11     
4.92858540145         1.26646325589e-08     1.27152861048e-11     1.26646325589e-08     1.27152861048e-11     1.41969511986e-08     3.80336727174e-12     
5.10800700381         1.14474931004e-08     2.29111702727e-11     1.14474931004e-08     2.29111702727e-11     1.34153220671e-08     -3.13343984406e-12    
5.28742860617         6.18735641001e-09     2.08348321711e-11     6.18735641001e-09     2.08348321711e-11     7.57688484482e-09     -1.23174165738e-11    
5.46685020854         2.59594367064e-09     1.33045576751e-11     2.59594367064e-09     1.33045576751e-11     3.32013114739e-09     -1.10137677433e-11    
5.6462718109          9.18316395404e-10     6.70163767347e-12     9.18316395404e-10     6.70163767347e-12     1.22633166683e-09     -6.28017120593e-12    
5.82569341326         2.84338293579e-10     2.817518647e-12       2.84338293579e-10     2.817518647e-12       3.96427768625e-10     -2.7262645548e-12     
6.00511501563         7.86363922019e-11     1.02109064311e-12     7.86363922019e-11     1.02109064311e-12     1.14470155537e-10     -9.80500852131e-13    
6.18453661799         1.96647071593e-11     3.2553813082e-13      1.96647071593e-11     3.2553813082e-13      2.98959979008e-11     -3.03807759653e-13    
6.36395822036         4.48240482214e-12     9.25623831955e-14     4.48240482214e-12     9.25623831955e-14     7.11942599974e-12     -8.26455286141e-14    
6.54337982272         9.36490390606e-13     2.37020847559e-14     9.36490390606e-13     2.37020847559e-14     1.55477033771e-12     -2.01991878437e-14    
6.72280142508         1.80051416609e-13     5.50512227881e-15     1.80051416609e-13     5.50512227881e-15     3.12640657688e-13     -4.4474048529e-15     
6.90222302745         3.19225362325e-14     1.16507795101e-15     3.19225362325e-14     1.16507795101e-15     5.80184971963e-14     -8.91135025004e-16    
7.08164462981         5.27777395949e-15     2.27641180316e-16     5.27777395949e-15     2.27641180316e-16     1.00483680275e-14     -1.64783184275e-16    
7.26106623217         8.42032793757e-16     4.25621360817e-17     8.42032793757e-16     4.25621360817e-17     1.68101581272e-15     -2.91127834138e-17    
7.44048783454         1.44401694276e-16     8.49359684196e-18     1.44401694276e-16     8.49359684196e-18     3.0262376791e-16      -5.48853797382e-18    
7.6199094369          1.86463781336e-17     1.26870075254e-18     1.86463781336e-17     1.26870075254e-18     4.10718679265e-17     -7.75974817322e-19    
7.79933103927         9.11368044401e-17     7.13751096266e-18     9.11368044401e-17     7.13751096266e-18     2.11280431789e-16     -4.13138218305e-18    
7.97875264163         2.06481110863e-17     1.85368539281e-18     2.06481110863e-17     1.85368539281e-18     5.04582087128e-17     -1.01551897889e-18    
8.15817424399         2.14817403403e-17     2.2033097653e-18      2.14817403403e-17     2.2033097653e-18      5.54315437901e-17     -1.14272121848e-18    
8.33759584636         2.21922184158e-17     2.59364351451e-18     2.21922184158e-17     2.59364351451e-18     6.05850633969e-17     -1.27460966117e-18    
8.51701744872         2.27717360319e-17     3.02655468255e-18     2.27717360319e-17     3.02655468255e-18     6.59118190831e-17     -1.41112873232e-18    
8.69643905108         2.32131470042e-17     3.50383427624e-18     2.32131470042e-17     3.50383427624e-18     7.14072921345e-17     -1.55046104383e-18    
8.87586065345         2.35099054066e-17     4.02719796163e-18     2.35099054066e-17     4.02719796163e-18     7.70671989977e-17     -1.69189087261e-18    
9.05528225581         2.36560090492e-17     4.59828810754e-18     2.36560090492e-17     4.59828810754e-18     8.28874408989e-17     -1.83471295258e-18    
9.23470385818         2.36459486557e-17     5.21867607669e-18     2.36459486557e-17     5.21867607669e-18     8.88641914686e-17     -1.9782348824e-18     
9.41412546054         2.34746621671e-17     5.88986468396e-18     2.34746621671e-17     5.88986468396e-18     9.49939419042e-17     -2.12177897454e-18    
9.5935470629          2.31374936485e-17     6.61329075793e-18     2.31374936485e-17     6.61329075793e-18     1.01273951244e-16     -2.26495340134e-18    
9.77296866527         2.26301563203e-17     7.39032775572e-18     2.26301563203e-17     7.39032775572e-18     1.07699655802e-16     -2.4084266746e-18     
9.95239026763         2.19486992822e-17     8.22228839174e-18     2.19486992822e-17     8.22228839174e-18     1.14267888022e-16     -2.55017756477e-18    
10.13181187           2.10894775424e-17     9.11042725027e-18     2.10894775424e-17     9.11042725027e-18     1.20976102714e-16     -2.68959853384e-18    
10.3112334724         2.00491250031e-17     1.00559433586e-17     2.00491250031e-17     1.00559433586e-17     1.27821733922e-16     -2.82610022323e-18    
10.4906550747         1.8824530091e-17      1.10599827034e-17     1.8824530091e-17      1.10599827034e-17     1.34802343783e-16     -2.95911154918e-18    
10.6700766771         1.74128137555e-17     1.21236406775e-17     1.74128137555e-17     1.21236406775e-17     1.41915635921e-16     -3.08807965815e-18    
10.8494982794         1.58113095846e-17     1.32479644482e-17     1.58113095846e-17     1.32479644482e-17     1.49159453859e-16     -3.21246976963e-18    
11.0289198818         1.40175458197e-17     1.443395524e-17       1.40175458197e-17     1.443395524e-17       1.56531777345e-16     -3.33176492944e-18    
11.2083414842         1.20292290711e-17     1.56825705301e-17     1.20292290711e-17     1.56825705301e-17     1.64030721707e-16     -3.44546569253e-18    
11.3877630865         9.84422955912e-18     1.69947261511e-17     9.84422955912e-18     1.69947261511e-17     1.71654550133e-16     -3.55308975121e-18    
11.5671846889         7.4605677243e-18      1.83712983046e-17     7.4605677243e-18      1.83712983046e-17     1.79401765517e-16     -3.6541715219e-18     
11.7466062913         4.87640206827e-18     1.9813125482e-17      4.87640206827e-18     1.9813125482e-17      1.87271052104e-16     -3.74928969584e-18    
11.9260278936         2.09001810041e-18     2.13210102971e-17     2.09001810041e-18     2.13210102971e-17     1.95259387298e-16     -3.83756637949e-18    
12.105449496          -9.00181719986e-19    2.2895721231e-17      -9.00181719986e-19    2.2895721231e-17      2.03365832579e-16     -3.9181026645e-18     
12.2848710984         -4.09568714482e-18    2.45379942911e-17     -4.09568714482e-18    2.45379942911e-17     2.11589141189e-16     -3.99049494573e-18    
12.4642927007         -7.49788848979e-18    2.62485345895e-17     -7.49788848979e-18    2.62485345895e-17     2.1992807658e-16      -4.05435391607e-18    
12.6437143031         -1.11080842573e-17    2.80280178404e-17     -1.11080842573e-17    2.80280178404e-17     2.28381452676e-16     -4.10930408301e-18    
12.8231359055         -1.49274881003e-17    2.98770917831e-17     -1.49274881003e-17    2.98770917831e-17     2.36948140655e-16     -4.15498328871e-18    
13.0025575078         -1.89572351896e-17    3.17963775311e-17     -1.89572351896e-17    3.17963775311e-17     2.45627068984e-16     -4.19104223597e-18    
13.1819791102         -2.31983880423e-17    3.37864708519e-17     -2.31983880423e-17    3.37864708519e-17     2.54417221509e-16     -4.21714402238e-18    
13.3614007125         -2.76519418604e-17    3.58479433815e-17     -2.76519418604e-17    3.58479433815e-17     2.63317634914e-16     -4.23296368419e-18    
13.5408223149         -3.23188294274e-17    3.79813437741e-17     -3.23188294274e-17    3.79813437741e-17     2.72327396065e-16     -4.23818775117e-18    
13.7202439173         -3.71999256006e-17    4.01871987939e-17     -3.71999256006e-17    4.01871987939e-17     2.81445639411e-16     -4.23251381336e-18    
13.8996655196         -4.22960514397e-17    4.24660143481e-17     -4.22960514397e-17    4.24660143481e-17     2.90671544591e-16     -4.21565010051e-18    
14.079087122          -4.7607978001e-17     4.48182764677e-17     -4.7607978001e-17     4.48182764677e-17     3.00004334317e-16     -4.18731507447e-18    
14.2585087244         -5.31364298302e-17    4.72444522356e-17     -5.31364298302e-17    4.72444522356e-17     3.09443272692e-16     -4.14723703499e-18    
14.4379303267         -5.8882088178e-17     4.97449906678e-17     -5.8882088178e-17     4.97449906678e-17     3.18987664227e-16     -4.09515373896e-18    
14.6173519291         -6.48455939656e-17    5.23203235478e-17     -6.48455939656e-17    5.23203235478e-17     3.28636854243e-16     -4.0308120331e-18     
14.7967735315         -7.10275505186e-17    5.49708662179e-17     -7.10275505186e-17    5.49708662179e-17     3.38390232686e-16     -3.95396750008e-18    
14.9761951338         -7.74285260929e-17    5.76970183298e-17     -7.74285260929e-17    5.76970183298e-17     3.48247249666e-16     -3.86438411783e-18    
15.1556167362         -8.40490562074e-17    6.04991645563e-17     -8.40490562074e-17    6.04991645563e-17     3.58207515677e-16     -3.76183393188e-18    
15.3350383385         -9.08896458015e-17    6.33776752664e-17     -9.08896458015e-17    6.33776752664e-17     3.68270517949e-16     -3.64702476187e-18    
15.5144599409         -9.79507712314e-17    6.63329071657e-17     -9.79507712314e-17    6.63329071657e-17     3.78434709767e-16     -3.51908601369e-18    
15.6938815433         -1.0523288212e-16     6.93652039043e-17     -1.0523288212e-16     6.93652039043e-17     3.88699987907e-16     -3.37758753841e-18    
15.8733031456         -1.12736403069e-16    7.24748966539e-17     -1.12736403069e-16    7.24748966539e-17     3.99065944882e-16     -3.22233034395e-18    
16.052724748          -1.20461735249e-16    7.56623046554e-17     -1.20461735249e-16    7.56623046554e-17     4.09532152323e-16     -3.05312204701e-18    
16.2321463504         -1.28409257877e-16    7.8927735739e-17      -1.28409257877e-16    7.8927735739e-17      4.20098188295e-16     -2.86977661734e-18    
16.4115679527         -1.36579329581e-16    8.22714868188e-17     -1.36579329581e-16    8.22714868188e-17     4.30763643937e-16     -2.67211413266e-18    
16.5909895551         -1.44972289679e-16    8.56938443616e-17     -1.44972289679e-16    8.56938443616e-17     4.41528125429e-16     -2.45996054351e-18    
16.7704111575         -1.53588459359e-16    8.91950848338e-17     -1.53588459359e-16    8.91950848338e-17     4.52391254432e-16     -2.23314744803e-18    
16.9498327598         -1.62428142783e-16    9.27754751252e-17     -1.62428142783e-16    9.27754751252e-17     4.6335266792e-16      -1.99151187601e-18    
17.1292543622         -1.71491628114e-16    9.64352729527e-17     -1.71491628114e-16    9.64352729527e-17     4.7441201775e-16      -1.73489608194e-18    
17.3086759645         -1.80779188471e-16    1.00174727244e-16     -1.80779188471e-16    1.00174727244e-16     4.85568970126e-16     -1.46314734674e-18    
17.4880975669         -1.90291082821e-16    1.03994078502e-16     -1.90291082821e-16    1.03994078502e-16     4.96823205008e-16     -1.17611778775e-18    
17.6675191693         -2.00027556811e-16    1.07893559154e-16     -2.00027556811e-16    1.07893559154e-16     5.08174415516e-16     -8.73664176676e-19    
17.8469407716         -2.09988843546e-16    1.11873393881e-16     -2.09988843546e-16    1.11873393881e-16     5.19622307336e-16     -5.55647765118e-19    
18.026362374          -2.20175164311e-16    1.15933799934e-16     -2.20175164311e-16    1.15933799934e-16     5.31166598151e-16     -2.21934117421e-19    
18.2057839764         -2.30586729255e-16    1.20074987432e-16     -2.30586729255e-16    1.20074987432e-16     5.42807017084e-16     1.2760704953e-19      
18.3852055787         -2.41223738018e-16    1.24297159652e-16     -2.41223738018e-16    1.24297159652e-16     5.54543304172e-16     4.93102019822e-19     
18.5646271811         -2.5208638033e-16     1.28600513297e-16     -2.5208638033e-16     1.28600513297e-16     5.66375209861e-16     8.74673225651e-19     
18.7440487835         -2.63174836566e-16    1.32985238761e-16     -2.63174836566e-16    1.32985238761e-16     5.78302494534e-16     1.27243938835e-18     
18.9234703858         -2.74489278263e-16    1.37451520371e-16     -2.74489278263e-16    1.37451520371e-16     5.9032492805e-16      1.68651565357e-18     
19.1028919882         -2.8602986861e-16     1.41999536631e-16     -2.8602986861e-16     1.41999536631e-16     6.02442289326e-16     2.11701372091e-18     
19.2823135905         -2.97796762907e-16    1.4662946044e-16      -2.97796762907e-16    1.4662946044e-16      6.1465436593e-16      2.56404196814e-18     
19.4617351929         -3.0979010899e-16     1.51341459313e-16     -3.0979010899e-16     1.51341459313e-16     6.26960953702e-16     3.0277055704e-18      
19.6411567953         -3.22010047639e-16    1.56135695584e-16     -3.22010047639e-16    1.56135695584e-16     6.39361856405e-16     3.50810661448e-18     
19.8205783976         -3.34456712952e-16    1.61012326606e-16     -3.34456712952e-16    1.61012326606e-16     6.5185688539e-16      4.00534420844e-18     
20                    0                     0                     0                     0                     0                     0                     
