0.0779191396          0                     0                     0                     0                     0                     0                     
0.087577837391        1.36450744417         0.443256893705        1.36450744417         0.443256893705        0.286062903032        0.234645286752        
0.0972365351819       6.66931224293         1.92878628911         6.66931224293         1.92878628911         1.51823880111         1.02363848433         
0.106895232973        14.4640383784         3.64563690843         14.4640383784         3.64563690843         3.54482172681         1.9384001943          
0.116553930764        22.9117389816         4.93578607801         22.9117389816         4.93578607801         5.98205825214         2.62275267025         
0.126212628555        30.8684396045         5.54017213063         30.8684396045         5.54017213063         8.50734424904         2.92878019913         
0.135871326346        37.7974834623         5.44538027907         37.7974834623         5.44538027907         10.9141849161         2.84086681385         
0.145530024137        43.5170433788         4.71250058383         43.5170433788         4.71250058383         13.0837975897         2.38527946262         
0.155188721928        47.9901092072         3.42581004471         47.9901092072         3.42581004471         14.9331937255         1.60259173363         
0.164847419719        51.2306369937         1.6763670816          51.2306369937         1.6763670816          16.3914775699         0.538380507078        
0.17450611751         53.2500701287         -0.358308914469       53.2500701287         -0.358308914469       17.3868994826         -0.705801728156       
0.184164815301        54.1506490928         -2.42707799704        54.1506490928         -2.42707799704        17.911322977          -1.97886429234        
0.193823513091        54.1580548262         -4.3505661705         54.1580548262         -4.3505661705         18.0442532234         -3.16631502989        
0.203482210882        53.4961736104         -6.02968198338        53.4961736104         -6.02968198338        17.8804912357         -4.20383812288        
0.213140908673        52.3634004484         -7.43736669394        52.3634004484         -7.43736669394        17.5100679422         -5.07280084257        
0.222799606464        50.9134454863         -8.58361510711        50.9134454863         -8.58361510711        17.0020484406         -5.77857153818        
0.232458304255        49.2582326768         -9.48888240381        49.2582326768         -9.48888240381        16.4068324832         -6.33337376865        
0.242117002046        47.4858787081         -10.1808846589        47.4858787081         -10.1808846589        15.7644696588         -6.75439552958        
0.251775699837        45.666757328          -10.6910109476        45.666757328          -10.6910109476        15.1064983675         -7.0620685637         
0.261434397628        43.8406507748         -11.0662542126        43.8406507748         -11.0662542126        14.4490216797         -7.28458864326        
0.271093095419        42.0246309859         -11.327694236         42.0246309859         -11.327694236         13.7966134561         -7.4357046954         
0.28075179321         40.2382141987         -11.4889912171        40.2382141987         -11.4889912171        13.1559153173         -7.52413876674        
0.290410491001        38.4948330268         -11.5611590759        38.4948330268         -11.5611590759        12.532416936          -7.55680119874        
0.300069188792        36.8117029286         -11.557807305         36.8117029286         -11.557807305         11.9340268034         -7.54200098906        
0.309727886583        35.1999056322         -11.4927411098        35.1999056322         -11.4927411098        11.3661075173         -7.48855640659        
0.319386584374        33.6647588306         -11.3849431817        33.6647588306         -11.3849431817        10.8313164245         -7.40761556195        
0.329045282165        32.2056126441         -11.2459939753        32.2056126441         -11.2459939753        10.3285963118         -7.30730410096        
0.338703979956        30.8178966904         -11.0863292237        30.8178966904         -11.0863292237        9.85536204316         -7.19425843101        
0.348362677747        29.500191422          -10.9122145327        29.500191422          -10.9122145327        9.4094913106          -7.07255614922        
0.358021375538        28.2438016073         -10.7280857154        28.2438016073         -10.7280857154        8.98685415164         -6.94512579791        
0.367680073329        27.0467233024         -10.5368377898        27.0467233024         -10.5368377898        8.58573574972         -6.81382919077        
0.37733877112         25.9037872109         -10.3393512832        25.9037872109         -10.3393512832        8.20349242558         -6.67923635831        
0.386997468911        24.8130517488         -10.1361428366        24.8130517488         -10.1361428366        7.83912112667         -6.54167216256        
0.396656166702        23.7717469809         -9.92798403512        23.7717469809         -9.92798403512        7.49146921684         -6.40157175756        
0.406314864492        22.7778826905         -9.71427125128        22.7778826905         -9.71427125128        7.15985842932         -6.2585424264         
0.415973562283        21.831897337          -9.4975596734         21.831897337          -9.4975596734         6.8447091244          -6.11404232834        
0.425632260074        20.9273426251         -9.2729220381         20.9273426251         -9.2729220381         6.54342923178         -5.96546825007        
0.435290957865        20.0697458033         -9.04769714325        20.0697458033         -9.04769714325        6.25906572046         -5.81674770905        
0.444949655656        19.2560655308         -8.82217256506        19.2560655308         -8.82217256506        5.99052671801         -5.66808472476        
0.454608353447        18.4836528687         -8.59717774206        18.4836528687         -8.59717774206        5.73682574195         -5.52000652842        
0.464267051238        17.7506383551         -8.3736665454         17.7506383551         -8.3736665454         5.49741327394         -5.37312307975        
0.473925749029        17.055465469          -8.15324548114        17.055465469          -8.15324548114        5.27176187293         -5.22840779487        
0.48358444682         16.3961278951         -7.93669103424        16.3961278951         -7.93669103424        5.05913098946         -5.08635614723        
0.493243144611        15.7705494055         -7.72374220661        15.7705494055         -7.72374220661        4.85886379543         -4.94676467617        
0.502901842402        15.1761831994         -7.51714033598        15.1761831994         -7.51714033598        4.66968634253         -4.8114007568         
0.512560540193        14.6129357377         -7.31630763155        14.6129357377         -7.31630763155        4.49183092084         -4.67985106278        
0.522219237984        14.0750405743         -7.12036152552        14.0750405743         -7.12036152552        4.32270447001         -4.5516377181         
0.531877935775        13.5654427503         -6.93169240133        13.5654427503         -6.93169240133        4.16358188887         -4.42820117028        
0.541536633566        13.0793282755         -6.7488438822         13.0793282755         -6.7488438822         4.0125416127          -4.30864749361        
0.551195331357        12.6162217072         -6.57259132067        12.6162217072         -6.57259132067        3.86934351361         -4.19343928348        
0.560854029148        12.17415556           -6.40243508022        12.17415556           -6.40243508022        3.73318240185         -4.08229106199        
0.570512726939        11.7516909763         -6.23828285195        11.7516909763         -6.23828285195        3.60354118646         -3.97512723628        
0.58017142473         11.3480033588         -6.08014048717        11.3480033588         -6.08014048717        3.47992825887         -3.87195579369        
0.589830122521        10.9615310727         -5.92755125039        10.9615310727         -5.92755125039        3.36180890424         -3.77247670559        
0.599488820312        10.591176354          -5.78025431745        10.591176354          -5.78025431745        3.24874776274         -3.67652618848        
0.609147518103        10.2364654676         -5.63825325425        10.2364654676         -5.63825325425        3.14053439523         -3.58409940158        
0.618806215893        9.89549119366         -5.50054990541        9.89549119366         -5.50054990541        3.03658799819         -3.49455931935        
0.628464913684        9.56827810583         -5.36775834964        9.56827810583         -5.36775834964        2.93670372039         -3.40828592149        
0.638123611475        9.25378861099         -5.23911497226        9.25378861099         -5.23911497226        2.84066149397         -3.32477555521        
0.647782309266        8.95157273726         -5.11440693963        8.95157273726         -5.11440693963        2.74830360898         -3.24389770403        
0.657441007057        8.66067817143         -4.99314434151        8.66067817143         -4.99314434151        2.65926049895         -3.16537317159        
0.667099704848        8.38085446276         -4.87570585576        8.38085446276         -4.87570585576        2.57354306936         -3.08929129876        
0.676758402639        8.11183406831         -4.76188264197        8.11183406831         -4.76188264197        2.49113488772         -3.01559420876        
0.68641710043         7.85244282185         -4.65121451565        7.85244282185         -4.65121451565        2.41149721607         -2.94401107193        
0.696075798221        7.60232981812         -4.54345037709        7.60232981812         -4.54345037709        2.33458469111         -2.87437057697        
0.705734496012        7.36143228907         -4.43863780797        7.36143228907         -4.43863780797        2.26039153057         -2.80670493549        
0.715393193803        7.12805412535         -4.33796332213        7.12805412535         -4.33796332213        2.18807429998         -2.74172806072        
0.725051891594        6.90501126093         -4.23653075715        6.90501126093         -4.23653075715        2.11955803257         -2.67640000608        
0.734710589385        6.68888377039         -4.13913890746        6.68888377039         -4.13913890746        2.05274588614         -2.61369287419        
0.744369287176        6.48055255073         -4.04407935195        6.48055255073         -4.04407935195        1.98829491059         -2.55253706382        
0.754027984967        6.27949464366         -3.95117116797        6.27949464366         -3.95117116797        1.92605039926         -2.49281120728        
0.763686682758        6.08541790976         -3.86034097688        6.08541790976         -3.86034097688        1.86593350683         -2.43446345771        
0.773345380549        5.89828705372         -3.77157565941        5.89828705372         -3.77157565941        1.80796130354         -2.37748460546        
0.78300407834         5.71765606284         -3.68478082953        5.71765606284         -3.68478082953        1.7519970286          -2.32180830324        
0.792662776131        5.5432065674          -3.59981658712        5.5432065674          -3.59981658712        1.69797624551         -2.26734118835        
0.802321473922        5.37520401652         -3.51701909413        5.37520401652         -3.51701909413        1.64598048857         -2.21429374045        
0.811980171713        5.21249384749         -3.43543329642        5.21249384749         -3.43543329642        1.59557839636         -2.16209227748        
0.821638869504        5.05552141044         -3.35546275458        5.05552141044         -3.35546275458        1.54703259145         -2.11099094157        
0.831297567294        4.9044093407          -3.27743832914        4.9044093407          -3.27743832914        1.5004321527          -2.06113792967        
0.840956265085        4.75853881593         -3.20137155464        4.75853881593         -3.20137155464        1.45551619138         -2.0125460225         
0.850614962876        4.61758876531         -3.12669852659        4.61758876531         -3.12669852659        1.41221426293         -1.96486871851        
0.860273660667        4.48166209579         -3.05400230835        4.48166209579         -3.05400230835        1.37054680993         -1.91846442676        
0.869932358458        4.35037984561         -2.98289986625        4.35037984561         -2.98289986625        1.33039211201         -1.87309521853        
0.879591056249        4.22348853767         -2.91343394367        4.22348853767         -2.91343394367        1.29166553897         -1.82878839782        
0.88924975404         4.10093644508         -2.8456316533         4.10093644508         -2.8456316533         1.25435542896         -1.78555528613        
0.898908451831        3.98243001592         -2.77943355541        3.98243001592         -2.77943355541        1.2183580795          -1.74336108223        
0.908567149622        3.86777608608         -2.71463386468        3.86777608608         -2.71463386468        1.1836449932          -1.70207294715        
0.918225847413        3.75680498102         -2.65143310035        3.75680498102         -2.65143310035        1.15009819198         -1.66181823712        
0.927884545204        3.64924255463         -2.58962177374        3.64924255463         -2.58962177374        1.11765911437         -1.62246488513        
0.937543242995        3.54490297301         -2.52917048099        3.54490297301         -2.52917048099        1.08625336677         -1.58399377117        
0.947201940786        3.44385903278         -2.470127806          3.44385903278         -2.470127806          1.05592269317         -1.54643025401        
0.956860638577        3.34545716699         -2.41215199319        3.34545716699         -2.41215199319        1.02642530747         -1.50956668102        
0.966519336368        3.24945972471         -2.3551599362         3.24945972471         -2.3551599362         0.99769590442         -1.47334901166        
0.976178034159        3.1549885562          -2.29852477058        3.1549885562          -2.29852477058        0.969444006523        -1.43738363665        
0.98583673195         3.05667193804         -2.23834113394        3.05667193804         -2.23834113394        0.940041487756        -1.39922807515        
0.995495429741        2.95776918357         -2.17697771805        2.95776918357         -2.17697771805        0.91041751901         -1.36036513851        
1.00515412753         2.86325218864         -2.11803365636        2.86325218864         -2.11803365636        0.882189435746        -1.32306083779        
1.01481282532         2.77272392868         -2.06153394757        2.77272392868         -2.06153394757        0.855186180991        -1.28726363943        
1.02447152311         2.68570203387         -2.00707390333        2.68570203387         -2.00707390333        0.829243236395        -1.25277727658        
1.0341302209          2.60194810023         -1.95454742052        2.60194810023         -1.95454742052        0.804271103199        -1.21952717881        
1.0437889187          2.52159894486         -1.90407568254        2.52159894486         -1.90407568254        0.780344399334        -1.18758708034        
1.05344761649         2.44376359004         -1.85509946368        2.44376359004         -1.85509946368        0.757129331401        -1.1566130806         
1.06310631428         2.36886045697         -1.80784105866        2.36886045697         -1.80784105866        0.734783194114        -1.1267376249         
1.07276501207         2.29653068414         -1.76211185981        2.29653068414         -1.76211185981        0.713184799255        -1.09784258697        
1.08242370986         2.22675881429         -1.71792275991        2.22675881429         -1.71792275991        0.692329849741        -1.06993424767        
1.09208240765         2.1595136572          -1.67522267917        2.1595136572          -1.67522267917        0.672222904179        -1.04297671847        
1.10174110544         2.09421525013         -1.63372447837        2.09421525013         -1.63372447837        0.652634483046        -1.01679879964        
1.11139980323         2.03129149135         -1.59361691985        2.03129149135         -1.59361691985        0.633745176376        -0.991508909804       
1.12105850102         1.97042602257         -1.55483825321        1.97042602257         -1.55483825321        0.615422536804        -0.967069724432       
1.13071719881         1.91162235533         -1.51714329883        1.91162235533         -1.51714329883        0.597723391016        -0.943325633623       
1.14037589661         1.85464795303         -1.4806014241         1.85464795303         -1.4806014241         0.580518369942        -0.920321093591       
1.1500345944          1.7995432106          -1.4451754475         1.7995432106          -1.4451754475         0.563837924544        -0.898031946274       
1.15969329219         1.74621146713         -1.41081038162        1.74621146713         -1.41081038162        0.547658334684        -0.876420849571       
1.16935198998         1.69456216502         -1.37741225468        1.69456216502         -1.37741225468        0.531951351605        -0.855431949733       
1.17901068777         1.64451885767         -1.34498643764        1.64451885767         -1.34498643764        0.516686182222        -0.835063398134       
1.18866938556         1.59592460995         -1.31336755591        1.59592460995         -1.31336755591        0.501828800899        -0.815212870975       
1.19832808335         1.54916034742         -1.28286047588        1.54916034742         -1.28286047588        0.487497275935        -0.796070191879       
1.20798678114         1.50361664579         -1.25301065375        1.50361664579         -1.25301065375        0.473500935489        -0.777350360191       
1.21764547893         1.45954332093         -1.22402998491        1.45954332093         -1.22402998491        0.459920583984        -0.759185066492       
1.22730417672         1.41683147822         -1.19578770157        1.41683147822         -1.19578770157        0.446729178506        -0.741490830967       
1.23696287451         1.375552372           -1.16840362571        1.375552372           -1.16840362571        0.433950443078        -0.724342591247       
1.24662157231         1.33528695737         -1.14153411025        1.33528695737         -1.14153411025        0.421442086974        -0.70752551046        
1.2562802701          1.2964362428          -1.11538914346        1.2964362428          -1.11538914346        0.409370658401        -0.691168244101       
1.26593896789         1.25859020713         -1.08980243832        1.25859020713         -1.08980243832        0.397546581751        -0.675183839098       
1.27559766568         1.22206147364         -1.06485248916        1.22206147364         -1.06485248916        0.386125803083        -0.659604777474       
1.28525636347         1.18665520212         -1.04058528119        1.18665520212         -1.04058528119        0.375047407076        -0.644453607565       
1.29491506126         1.15232055137         -1.01681067917        1.15232055137         -1.01681067917        0.364281742887        -0.629617557111       
1.30457375905         1.1191085447          -0.993628797635       1.1191085447          -0.993628797635       0.353876878166        -0.61514458729        
1.31423245684         1.08699207693         -0.971089391911       1.08699207693         -0.971089391911       0.343809828398        -0.601071563645       
1.32389115463         1.05587987335         -0.949118437992       1.05587987335         -0.949118437992       0.334049094423        -0.587356897546       
1.33354985242         1.02571453724         -0.927678456158       1.02571453724         -0.927678456158       0.324576151438        -0.573977395081       
1.34320855022         0.996503545663        -0.906761826762       0.996503545663        -0.906761826762       0.315399780484        -0.560927704378       
1.35286724801         0.968147694698        -0.88629994774        0.968147694698        -0.88629994774        0.306486986434        -0.548164870663       
1.3625259458          0.94092144649         -0.866404959119       0.94092144649         -0.866404959119       0.297976484325        -0.535763691684       
1.37218464359         0.914164896802        -0.846946157355       0.914164896802        -0.846946157355       0.289514937886        -0.523627431834       
1.38184334138         0.888406199826        -0.827947353684       0.888406199826        -0.827947353684       0.281416994537        -0.511785844404       
1.39150203917         0.863456656412        -0.809418145717       0.863456656412        -0.809418145717       0.273572100517        -0.500239079395       
1.40116073696         0.839316500961        -0.791343359224       0.839316500961        -0.791343359224       0.265989862742        -0.488977426703       
1.41081943475         0.815901015124        -0.773695741755       0.815901015124        -0.773695741755       0.258633424481        -0.477984924169       
1.42047813254         0.793220888904        -0.756467742146       0.793220888904        -0.756467742146       0.2515148975          -0.467255290982       
1.43013683033         0.771263664237        -0.739677805906       0.771263664237        -0.739677805906       0.244628979812        -0.456801004359       
1.43979552812         0.749996579638        -0.723306259311       0.749996579638        -0.723306259311       0.237963039129        -0.446607979284       
1.44945422592         0.729375076125        -0.707321029596       0.729375076125        -0.707321029596       0.231506374397        -0.436658709516       
1.45911292371         0.709398758329        -0.691734428833       0.709398758329        -0.691734428833       0.225256359296        -0.426959200862       
1.4687716215          0.690138259082        -0.676490105953       0.690138259082        -0.676490105953       0.219260648474        -0.417473159862       
1.47843031929         0.671343629409        -0.661723625402       0.671343629409        -0.661723625402       0.213377278484        -0.408288508643       
1.48808901708         0.653150949772        -0.647264748164       0.653150949772        -0.647264748164       0.207701749176        -0.399296354467       
1.49774771487         0.635558316705        -0.633197013162       0.635558316705        -0.633197013162       0.202222462883        -0.390548935017       
1.50740641266         0.618483103776        -0.619476579783       0.618483103776        -0.619476579783       0.196906791976        -0.382019948646       
1.51706511045         0.601924489924        -0.606099504652       0.601924489924        -0.606099504652       0.191756559954        -0.373706893562       
1.52672380824         0.585881673086        -0.593079268014       0.585881673086        -0.593079268014       0.186770034334        -0.3656164591         
1.53638250603         0.570302252663        -0.580376545183       0.570302252663        -0.580376545183       0.181929376792        -0.357725972856       
1.54604120383         0.555222131033        -0.568019304536       0.555222131033        -0.568019304536       0.177250033789        -0.350050682886       
1.55569990162         0.540622485872        -0.556004423766       0.540622485872        -0.556004423766       0.17272707679         -0.342584263325       
1.56535859941         0.526423501669        -0.544305023665       0.526423501669        -0.544305023665       0.168329582446        -0.335316853319       
1.5750172972          0.512598628229        -0.532894191481       0.512598628229        -0.532894191481       0.164043143812        -0.328230543673       
1.58467599499         0.499188174308        -0.521800370374       0.499188174308        -0.521800370374       0.159884348129        -0.321343695887       
1.59433469278         0.486157916732        -0.510987722959       0.486157916732        -0.510987722959       0.155842339636        -0.314633363424       
1.60399339057         0.473534043585        -0.500512660183       0.473534043585        -0.500512660183       0.151921853211        -0.308135091443       
1.61365208836         0.461233196964        -0.490272539008       0.461233196964        -0.490272539008       0.148100286726        -0.301784735391       
1.62331078615         0.449294367022        -0.480325425446       0.449294367022        -0.480325425446       0.144382563608        -0.295618319249       
1.63296948394         0.437662288385        -0.470630810948       0.437662288385        -0.470630810948       0.140756068923        -0.289611006502       
1.64262818173         0.42634821785         -0.46118986451        0.42634821785         -0.46118986451        0.137218868861        -0.283763214455       
1.65228687953         0.415338253045        -0.451989529871       0.415338253045        -0.451989529871       0.133764889471        -0.27807089655        
1.66194557732         0.404657087055        -0.443025811199       0.404657087055        -0.443025811199       0.130410219734        -0.272529079751       
1.67160427511         0.394323742681        -0.434340518318       0.394323742681        -0.434340518318       0.127161646001        -0.267160273364       
1.6812629729          0.384331636171        -0.425942868745       0.384331636171        -0.425942868745       0.124014810766        -0.261970840805       
1.69092167069         0.375072051912        -0.418286580177       0.375072051912        -0.418286580177       0.121089267646        -0.25723902111        
1.70058036848         0.368866968471        -0.413953741913       0.368866968471        -0.413953741913       0.119152580713        -0.254557164602       
1.71023906627         0.362489656514        -0.40936904339        0.362489656514        -0.40936904339        0.117155386158        -0.25171553381        
1.71989776406         0.355952313288        -0.40459363502        0.355952313288        -0.40459363502        0.115086534925        -0.248762079197       
1.72955646185         0.349375656897        -0.399712686045       0.349375656897        -0.399712686045       0.112999736746        -0.245745445252       
1.73921515964         0.342767581128        -0.39473737909        0.342767581128        -0.39473737909        0.110893919767        -0.242671804247       
1.74887385744         0.33615741395         -0.389686998689       0.33615741395         -0.389686998689       0.108782338653        -0.239553543499       
1.75853255523         0.329534645567        -0.384641580619       0.329534645567        -0.384641580619       0.106655362446        -0.236436915356       
1.76819125302         0.322948167385        -0.379423359767       0.322948167385        -0.379423359767       0.10454458626         -0.233214539366       
1.77784995081         0.316368272869        -0.374234353591       0.316368272869        -0.374234353591       0.102425066116        -0.230011920335       
1.7875086486          0.309807821906        -0.368995941854       0.309807821906        -0.368995941854       0.100303913959        -0.226780301032       
1.79716734639         0.303276406031        -0.363721142267       0.303276406031        -0.363721142267       0.0981865105842       -0.223527553191       
1.80682604418         0.2967895541          -0.35841956103        0.2967895541          -0.35841956103        0.0960799155713       -0.220259389553       
1.81648474197         0.290329975809        -0.353154536672       0.290329975809        -0.353154536672       0.0939731558445       -0.217013390559       
1.82614343976         0.283945058135        -0.347738621152       0.283945058135        -0.347738621152       0.0918930016575       -0.213677963356       
1.83580213755         0.277606275131        -0.342370227013       0.277606275131        -0.342370227013       0.0898221447968       -0.210371141703       
1.84546083534         0.27132816771         -0.336990039945       0.27132816771         -0.336990039945       0.0877685883111       -0.207057848599       
1.85511953314         0.265112480323        -0.331598367929       0.265112480323        -0.331598367929       0.0857326499041       -0.203738391977       
1.86477823093         0.258964046488        -0.326199971851       0.258964046488        -0.326199971851       0.0837166008218       -0.20041516082        
1.87443692872         0.252897666234        -0.32080759187        0.252897666234        -0.32080759187        0.0817293833259       -0.197096346879       
1.88409562651         0.246905983777        -0.315415180353       0.246905983777        -0.315415180353       0.0797648325707       -0.19377793844        
1.8937543243          0.240994250313        -0.310029674153       0.240994250313        -0.310029674153       0.0778259759341       -0.190464292699       
1.90341302209         0.235163233055        -0.304657049621       0.235163233055        -0.304657049621       0.0759139624812       -0.18715881971        
1.91307171988         0.229421049596        -0.299293481339       0.229421049596        -0.299293481339       0.074033063784        -0.183859315648       
1.92273041767         0.223773342108        -0.293962551036       0.223773342108        -0.293962551036       0.0721850074738       -0.180578705811       
1.93238911546         0.218209633908        -0.288656359376       0.218209633908        -0.288656359376       0.070366050497        -0.177312902186       
1.94204781325         0.212737583143        -0.283386916913       0.212737583143        -0.283386916913       0.0685790525129       -0.174070095249       
1.95170651105         0.207351449231        -0.278148250685       0.207351449231        -0.278148250685       0.0668205615276       -0.170846661697       
1.96136520884         0.202051603198        -0.272935081367       0.202051603198        -0.272935081367       0.0650934295682       -0.167639271112       
1.97102390663         0.196809955823        -0.267736788453       0.196809955823        -0.267736788453       0.0633793139741       -0.164445800562       
1.98068260442         0.191668830911        -0.262593695088       0.191668830911        -0.262593695088       0.061701983333        -0.161284176953       
1.99034130221         0.186661979997        -0.257487659049       0.186661979997        -0.257487659049       0.0600756927668       -0.158147700325       
2                     0.181737953519        -0.252444228836       0.181737953519        -0.252444228836       0.0584778657584       -0.15504880796        
2.001                 0.181233237291        -0.25192401368        0.181233237291        -0.25192401368        0.0583141556976       -0.154729213868       
2.21403357311         0.093607259744        -0.155124292962       0.093607259744        -0.155124292962       0.0296606563387       -0.0953366907395      
2.42706714623         0.041401382665        -0.0857416485286      0.041401382665        -0.0857416485286      0.012392834824        -0.0528050589537      
2.64010071934         0.0149219626608       -0.0423319393677      0.0149219626608       -0.0423319393677      0.00378572748897      -0.0261642560412      
2.85313429245         0.00373046737009      -0.0182232772207      0.00373046737009      -0.0182232772207      0.000374293897367     -0.0113248624771      
3.06616786556         0.000151166704776     -0.00655204841556     0.000151166704776     -0.00655204841556     -0.000480650900366    -0.00410483388436     
3.27920143867         -0.000418658553044    -0.00178561736458     -0.000418658553044    -0.00178561736458     -0.000395511996796    -0.00113249320557     
3.49223501179         -0.000200813381748    -0.000264486480909    -0.000200813381748    -0.000264486480909    -0.000147918435284    -0.000171520259713    
3.7052685849          -8.65801595409e-06    -2.24269200075e-06    -8.65801595409e-06    -2.24269200075e-06    -6.37234043592e-06    -1.5595281883e-06     
3.7062685849          -8.37883114514e-06    -2.14727652561e-06    -8.37883114514e-06    -2.14727652561e-06    -6.1691829837e-06     -1.49348221253e-06    
3.7232685849          -4.42085817163e-06    -9.00067567601e-07    -4.42085817163e-06    -9.00067567601e-07    -3.27657789261e-06    -6.24624999286e-07    
3.7402685849          -1.78066387834e-06    -1.87334529292e-07    -1.78066387834e-06    -1.87334529292e-07    -1.32961201943e-06    -1.20905064937e-07    
3.7572685849          -2.82988311267e-07    1.85194643496e-07     -2.82988311267e-07    1.85194643496e-07     -2.14949651107e-07    1.4723564476e-07      
3.7742685849          3.34541507588e-09     6.394938297e-07       3.34541507588e-09     6.394938297e-07       -1.20747153072e-09    4.92480672134e-07     
3.7912685849          7.01748110194e-09     1.63747259268e-06     7.01748110194e-09     1.63747259268e-06     1.46349565521e-09     1.25561299458e-06     
3.8082685849          8.50358931576e-09     2.68005553077e-06     8.50358931576e-09     2.68005553077e-06     3.09836858983e-09     2.06425248466e-06     
3.8252685849          8.61755703374e-09     3.63679247318e-06     8.61755703374e-09     3.63679247318e-06     3.9312358996e-09      2.81714563898e-06     
3.8262685849          8.59481652861e-09     3.68919558675e-06     8.59481652861e-09     3.68919558675e-06     3.96067877503e-09     2.85872614665e-06     
4.00597671173         -8.27876033105e-10    6.18757712409e-06     -8.27876033105e-10    6.18757712409e-06     5.43513021701e-10     5.08751068784e-06     
4.18568483857         -6.37973044603e-10    3.26580735687e-06     -6.37973044603e-10    3.26580735687e-06     -2.80883014797e-10    2.8312090611e-06      
4.3653929654          4.03459384586e-11     1.15307236622e-06     4.03459384586e-11     1.15307236622e-06     -4.51698063232e-11    1.05068939208e-06     
4.54510109224         3.99521088669e-11     2.90715347962e-07     3.99521088669e-11     2.90715347962e-07     8.0566009541e-12      2.77993505082e-07     
4.72480921907         -2.06283464665e-12    4.43471182053e-08     -2.06283464665e-12    4.43471182053e-08     1.28953585359e-12     4.44789915089e-08     
4.90451734591         -3.39242528593e-13    5.70606634963e-10     -3.39242528593e-13    5.70606634963e-10     -4.56048411049e-14    6.01040621791e-10     
5.08422547274         3.58507015522e-09     5.56403801543e-12     3.58507015522e-09     5.56403801543e-12     3.9653585589e-09      -2.38592316393e-11    
5.26393359958         3.37082071939e-09     9.94365930308e-12     3.37082071939e-09     9.94365930308e-12     3.8988186912e-09      -4.54473167517e-11    
5.44364172641         1.77602136453e-09     8.5472591062e-12      1.77602136453e-09     8.5472591062e-12      2.14516497501e-09     -3.61310351291e-11    
5.62334985324         7.15276008903e-10     5.12257455349e-12     7.15276008903e-10     5.12257455349e-12     9.01425085659e-10     -1.95366343714e-11    
5.80305798008         2.41430192482e-10     2.41875465973e-12     2.41430192482e-10     2.41875465973e-12     3.17276226652e-10     -8.30639028555e-12    
5.98276610691         7.11161504081e-11     9.53320959268e-13     7.11161504081e-11     9.53320959268e-13     9.74244140615e-11     -2.96345258337e-12    
6.16247423375         1.86795648332e-11     3.24013955027e-13     1.86795648332e-11     3.24013955027e-13     2.66706395079e-11     -9.16761996525e-13    
6.34218236058         4.43202714176e-12     9.69180914887e-14     4.43202714176e-12     9.69180914887e-14     6.59529336334e-12     -2.51155329387e-13    
6.52189048742         9.5791709503e-13      2.58644024817e-14     9.5791709503e-13      2.58644024817e-14     1.48577564203e-12     -6.17752703504e-14    
6.70159861425         1.89641178389e-13     6.21628333989e-15     1.89641178389e-13     6.21628333989e-15     3.06643640004e-13     -1.37535105741e-14    
6.88130674109         3.45565894406e-14     1.35607564762e-15     3.45565894406e-14     1.35607564762e-15     5.82691520591e-14     -2.79229913557e-15    
7.06101486792         5.79001399686e-15     2.68853553258e-16     5.79001399686e-15     2.68853553258e-16     1.01851296582e-14     -5.17667411888e-16    
7.24072299475         9.73764426628e-16     5.29779663957e-17     9.73764426628e-16     5.29779663957e-17     1.78780242548e-15     -9.57628142781e-17    
7.42043112159         7.43653708109e-17     4.70093032101e-18     7.43653708109e-17     4.70093032101e-18     1.42579979497e-16     -8.00474767402e-18    
7.60013924842         1.74069842909e-17     1.26942488944e-18     1.74069842909e-17     1.26942488944e-18     3.48752317189e-17     -2.04264176229e-18    
7.77984737526         1.86793125958e-17     1.5619252793e-18      1.86793125958e-17     1.5619252793e-18      3.91367130348e-17     -2.38179292786e-18    
7.95955550209         1.98814881979e-17     1.89622759973e-18     1.98814881979e-17     1.89622759973e-18     4.35983222201e-17     -2.74739969322e-18    
8.13926362893         2.10043119653e-17     2.27482556518e-18     2.10043119653e-17     2.27482556518e-18     4.82541327719e-17     -3.1398393876e-18     
8.31897175576         2.20394027663e-17     2.70011870274e-18     2.20394027663e-17     2.70011870274e-18     5.30984764726e-17     -3.55803369488e-18    
8.4986798826          2.29791187226e-17     3.17441233658e-18     2.29791187226e-17     3.17441233658e-18     5.81265397617e-17     -4.00150219892e-18    
8.67838800943         2.38164860952e-17     3.69991850096e-18     2.38164860952e-17     3.69991850096e-18     6.33336969267e-17     -4.4697363729e-18     
8.85809613626         2.45451351905e-17     4.27875755898e-18     2.45451351905e-17     4.27875755898e-18     6.87156083771e-17     -4.96220743513e-18    
9.0378042631          2.51592426669e-17     4.9129603482e-18      2.51592426669e-17     4.9129603482e-18      7.42682136985e-17     -5.47837287418e-18    
9.21751238993         2.56534796485e-17     5.60447070986e-18     2.56534796485e-17     5.60447070986e-18     7.99877183077e-17     -6.01768185235e-18    
9.39722051677         2.60229650784e-17     6.35514828718e-18     2.60229650784e-17     6.35514828718e-18     8.58705815914e-17     -6.5795796644e-18     
9.5769286436          2.62632237901e-17     7.16677150217e-18     2.62632237901e-17     7.16677150217e-18     9.19135151699e-17     -7.16351140074e-18    
9.75663677044         2.63701488136e-17     8.04104063914e-18     2.63701488136e-17     8.04104063914e-18     9.81136032004e-17     -7.76892891186e-18    
9.93634489727         2.63399674776e-17     8.97958097856e-18     2.63399674776e-17     8.97958097856e-18     1.04467638157e-16     -8.39598243126e-18    
10.1160530241         2.6169210913e-17      9.98394593747e-18     2.6169210913e-17      9.98394593747e-18     1.10972572339e-16     -9.04351076517e-18    
10.2957611509         2.5854686598e-17      1.10556201827e-17     2.5854686598e-17      1.10556201827e-17     1.17625991948e-16     -9.71098393047e-18    
10.4754692778         2.53934536257e-17     1.21960226911e-17     2.53934536257e-17     1.21960226911e-17     1.2442551416e-16      -1.03978817535e-17    
10.6551774046         2.47828004075e-17     1.34065097374e-17     2.47828004075e-17     1.34065097374e-17     1.31368887539e-16     -1.11036948322e-17    
10.8348855314         2.40202245552e-17     1.46883777962e-17     2.40202245552e-17     1.46883777962e-17     1.38453993009e-16     -1.1827925264e-17     
11.0145936583         2.31034147137e-17     1.60428663471e-17     2.31034147137e-17     1.60428663471e-17     1.45678837568e-16     -1.25700871769e-17    
11.1943017851         2.20302341399e-17     1.74711605782e-17     2.20302341399e-17     1.74711605782e-17     1.53041546735e-16     -1.33297070981e-17    
11.3740099119         2.07987058474e-17     1.89743939815e-17     2.07987058474e-17     1.89743939815e-17     1.60540356976e-16     -1.41063241859e-17    
11.5537180388         1.94069991539e-17     2.05536508406e-17     1.94069991539e-17     2.05536508406e-17     1.68173608457e-16     -1.48994903495e-17    
11.7334261656         1.78534174875e-17     2.22099686092e-17     1.78534174875e-17     2.22099686092e-17     1.75939738257e-16     -1.57087702756e-17    
11.9131342924         1.61363873243e-17     2.39443401809e-17     1.61363873243e-17     2.39443401809e-17     1.83837274061e-16     -1.65337413789e-17    
12.0928424193         1.42544481414e-17     2.57577160531e-17     1.42544481414e-17     2.57577160531e-17     1.91864828358e-16     -1.73739936906e-17    
12.2725505461         1.22062432845e-17     2.76510063875e-17     1.22062432845e-17     2.76510063875e-17     2.00021093167e-16     -1.82291296957e-17    
12.452258673          9.99051165835e-18     2.9625082969e-17      9.99051165835e-18     2.9625082969e-17      2.08304835342e-16     -1.90987641305e-17    
12.6319667998         7.60608015843e-18     3.16807810678e-17     7.60608015843e-18     3.16807810678e-17     2.16714892659e-16     -1.99825237486e-17    
12.8116749266         5.05185677204e-18     3.38189012077e-17     5.05185677204e-18     3.38189012077e-17     2.25250171194e-16     -2.08800470604e-17    
12.9913830535         2.32682428303e-18     3.60402108449e-17     2.32682428303e-18     3.60402108449e-17     2.33909645925e-16     -2.17909840558e-17    
13.1710911803         -5.69965477707e-19    3.83454459605e-17     -5.69965477707e-19    3.83454459605e-17     2.42692375126e-16     -2.27149959111e-17    
13.3507993071         -3.63939688804e-18    4.07353125706e-17     -3.63939688804e-18    4.07353125706e-17     2.51597614051e-16     -2.3651938723e-17     
13.530507434          -6.88229534357e-18    4.32104881592e-17     -6.88229534357e-18    4.32104881592e-17     2.60623957235e-16     -2.46016695624e-17    
13.7102155608         -1.02994316615e-17    4.57716230359e-17     -1.02994316615e-17    4.57716230359e-17     2.69770647338e-16     -2.55635535933e-17    
13.8899236876         -1.38915261171e-17    4.84193416231e-17     -1.38915261171e-17    4.84193416231e-17     2.79036944542e-16     -2.65372936565e-17    
14.0696318145         -1.7659252147e-17     5.11542436766e-17     -1.7659252147e-17     5.11542436766e-17     2.88422110504e-16     -2.75226022178e-17    
14.2493399413         -2.16032397486e-17    5.39769054419e-17     -2.16032397486e-17    5.39769054419e-17     2.97925435545e-16     -2.85192010597e-17    
14.4290480681         -2.57240786048e-17    5.68878807507e-17     -2.57240786048e-17    5.68878807507e-17     3.07546242155e-16     -2.95268209778e-17    
14.608756195          -3.0022320957e-17     5.98877020605e-17     -3.0022320957e-17     5.98877020605e-17     3.17283884814e-16     -3.05452014822e-17    
14.7884643218         -3.44984842494e-17    6.29768814396e-17     -3.44984842494e-17    6.29768814396e-17     3.27137748852e-16     -3.15740905039e-17    
14.9681724486         -3.91530535655e-17    6.61559115018e-17     -3.91530535655e-17    6.61559115018e-17     3.37107249012e-16     -3.26132441085e-17    
15.1478805755         -4.39864838736e-17    6.94252662922e-17     -4.39864838736e-17    6.94252662922e-17     3.47191827949e-16     -3.36624262163e-17    
15.3275887023         -4.89992020981e-17    7.2785402128e-17      -4.89992020981e-17    7.2785402128e-17      3.57390954745e-16     -3.47214083301e-17    
15.5072968291         -5.41916090328e-17    7.62367583951e-17     -5.41916090328e-17    7.62367583951e-17     3.67704123486e-16     -3.57899692706e-17    
15.687004956          -5.95640811078e-17    7.97797583054e-17     -5.95640811078e-17    7.97797583054e-17     3.78130851898e-16     -3.6867894919e-17     
15.8667130828         -6.51169720237e-17    8.3414809614e-17      -6.51169720237e-17    8.3414809614e-17      3.88670680062e-16     -3.79549779683e-17    
16.0464212096         -7.08506142631e-17    8.71423053014e-17     -7.08506142631e-17    8.71423053014e-17     3.99323169201e-16     -3.90510176823e-17    
16.2261293365         -7.67653204909e-17    9.09626242202e-17     -7.67653204909e-17    9.09626242202e-17     4.1008790054e-16      -4.01558196619e-17    
16.4058374633         -8.28613848509e-17    9.48761317101e-17     -8.28613848509e-17    9.48761317101e-17     4.20964474226e-16     -4.126919562e-17      
16.5855455901         -8.91390841686e-17    9.88831801815e-17     -8.91390841686e-17    9.88831801815e-17     4.31952508326e-16     -4.23909631636e-17    
16.765253717          -9.55986790666e-17    1.0298410967e-16      -9.55986790666e-17    1.0298410967e-16      4.43051637871e-16     -4.35209455842e-17    
16.9449618438         -1.02240415e-16       1.07179248366e-16     -1.02240415e-16       1.07179248366e-16     4.54261513968e-16     -4.46589716545e-17    
17.1246699706         -1.09064523221e-16    1.11468913113e-16     -1.09064523221e-16    1.11468913113e-16     4.65581802963e-16     -4.58048754338e-17    
17.3043780975         -1.16071221668e-16    1.15853409886e-16     -1.16071221668e-16    1.15853409886e-16     4.77012185649e-16     -4.69584960793e-17    
17.4840862243         -1.23260715804e-16    1.20333034245e-16     -1.23260715804e-16    1.20333034245e-16     4.88552356527e-16     -4.8119677665e-17     
17.6637943512         -1.30633199385e-16    1.24908071769e-16     -1.30633199385e-16    1.24908071769e-16     5.0020202311e-16      -4.92882690071e-17    
17.843502478          -1.38188855186e-16    1.29578798462e-16     -1.38188855186e-16    1.29578798462e-16     5.11960905265e-16     -5.04641234963e-17    
18.0232106048         -1.45927855667e-16    1.34345481151e-16     -1.45927855667e-16    1.34345481151e-16     5.23828734598e-16     -5.16470989355e-17    
18.2029187317         -1.53850363606e-16    1.39208377852e-16     -1.53850363606e-16    1.39208377852e-16     5.35805253869e-16     -5.28370573847e-17    
18.3826268585         -1.61956532676e-16    1.44167738129e-16     -1.61956532676e-16    1.44167738129e-16     5.47890216449e-16     -5.4033865011e-17     
18.5623349853         -1.70246507996e-16    1.49223803431e-16     -1.70246507996e-16    1.49223803431e-16     5.60083385803e-16     -5.52373919446e-17    
18.7420431122         -1.78720426638e-16    1.54376807418e-16     -1.78720426638e-16    1.54376807418e-16     5.72384535006e-16     -5.64475121406e-17    
18.921751239          -1.87378418102e-16    1.59626976263e-16     -1.87378418102e-16    1.59626976263e-16     5.84793446283e-16     -5.76641032451e-17    
19.1014593658         -1.9622060476e-16     1.64974528949e-16     -1.9622060476e-16     1.64974528949e-16     5.97309910584e-16     -5.88870464678e-17    
19.2811674927         -2.05247102276e-16    1.70419677549e-16     -2.05247102276e-16    1.70419677549e-16     6.09933727178e-16     -6.01162264583e-17    
19.4608756195         -2.14458019988e-16    1.75962627492e-16     -2.14458019988e-16    1.75962627492e-16     6.22664703273e-16     -6.13515311876e-17    
19.6405837463         -2.2385346128e-16     1.8160357782e-16      -2.2385346128e-16     1.8160357782e-16      6.35502653665e-16     -6.25928518345e-17    
19.8202918732         -2.33433523918e-16    1.87342721429e-16     -2.33433523918e-16    1.87342721429e-16     6.48447400404e-16     -6.38400826753e-17    
20                    0                     0                     0                     0                     0                     0                     
