0.0779191396          0                     0                     0                     0                     0                     0                     
0.087577837391        1.02971565581         0.261685043987        1.02971565581         0.261685043987        0.19080186649         0.182252557934        
0.0972365351819       5.09989328343         1.10028916668         5.09989328343         1.10028916668         1.06479745195         0.794857284008        
0.106895232973        11.168056698          1.95093809012         11.168056698          1.95093809012         2.57103812146         1.48321236545         
0.116553930764        17.8251909578         2.37413179736         17.8251909578         2.37413179736         4.44429310321         1.9448673258          
0.126212628555        24.1720299659         2.22166634905         24.1720299659         2.22166634905         6.43732858853         2.05766254565         
0.135871326346        29.7549469251         1.48179823793         29.7549469251         1.48179823793         8.37326943602         1.79450224772         
0.145530024137        34.367571329          0.193939187939        34.367571329          0.193939187939        10.1218509952         1.16797217995         
0.155188721928        37.876929761          -1.55941916316        37.876929761          -1.55941916316        11.555459771          0.221632052015        
0.164847419719        40.2257607289         -3.59030306073        40.2257607289         -3.59030306073        12.5723114162         -0.933791393909       
0.17450611751         41.4750737304         -5.642644503          41.4750737304         -5.642644503          13.1448786614         -2.13879509487        
0.184164815301        41.8249078498         -7.50771500775        41.8249078498         -7.50771500775        13.3388431848         -3.25900031922        
0.193823513091        41.5052700152         -9.08397902523        41.5052700152         -9.08397902523        13.2511876811         -4.22525522855        
0.203482210882        40.7300257262         -10.3504810203        40.7300257262         -10.3504810203        12.9762997861         -5.01832571257        
0.213140908673        39.6538358638         -11.3354151104        39.6538358638         -11.3354151104        12.5829067818         -5.64922166044        
0.222799606464        38.3869272147         -12.0756861877        38.3869272147         -12.0756861877        12.1192401779         -6.13708574543        
0.232458304255        37.0062940178         -12.6137175302        37.0062940178         -12.6137175302        11.6168019155         -6.5054540058         
0.242117002046        35.5613963517         -12.9819797524        35.5613963517         -12.9819797524        11.0942473198         -6.77263380479        
0.251775699837        34.0912439279         -13.2034358727        34.0912439279         -13.2034358727        10.5660958034         -6.95135058921        
0.261434397628        32.629864996          -13.302191358         32.629864996          -13.302191358         10.0468185532         -7.05518797049        
0.271093095419        31.2011450296         -13.3041036375        31.2011450296         -13.3041036375        9.54616777661         -7.09919048055        
0.28075179321         29.8211143479         -13.2330250418        29.8211143479         -13.2330250418        9.07008053282         -7.09745289722        
0.290410491001        28.4913317337         -13.1092962328        28.4913317337         -13.1092962328        8.61744426406         -7.06234402434        
0.300069188792        27.2112001406         -12.9400099234        27.2112001406         -12.9400099234        8.18616335468         -6.99890772844        
0.309727886583        25.9866676912         -12.7426621739        25.9866676912         -12.7426621739        7.77744374941         -6.91663190816        
0.319386584374        24.8134764151         -12.5209282346        24.8134764151         -12.5209282346        7.38837661281         -6.81801347175        
0.329045282165        23.6918833355         -12.278245127         23.6918833355         -12.278245127         7.01835182267         -6.70513537849        
0.338703979956        22.6202071878         -12.0174365733        22.6202071878         -12.0174365733        6.66640675518         -6.5796544612         
0.348362677747        21.5999733769         -11.7411931246        21.5999733769         -11.7411931246        6.3333624103          -6.44323596999        
0.358021375538        20.6324235402         -11.4535466652        20.6324235402         -11.4535466652        6.02001596721         -6.29825038855        
0.367680073329        19.7171488878         -11.1597545959        19.7171488878         -11.1597545959        5.72644499281         -6.14776354496        
0.37733877112         18.8516650525         -10.8625966543        18.8516650525         -10.8625966543        5.45162340042         -5.99372025047        
0.386997468911        18.0346986621         -10.565315186         18.0346986621         -10.565315186         5.19493684312         -5.83812028373        
0.396656166702        17.262951089          -10.2703575232        17.262951089          -10.2703575232        4.95529266588         -5.68258969596        
0.406314864492        16.5348303819         -9.98037951185        16.5348303819         -9.98037951185        4.73170398337         -5.52878107002        
0.415973562283        15.8468919848         -9.69710807583        15.8468919848         -9.69710807583        4.52266884483         -5.3778503133         
0.425632260074        15.1994560453         -9.42175777993        15.1994560453         -9.42175777993        4.3287958417          -5.23066808461        
0.435290957865        14.5804081533         -9.15445077279        14.5804081533         -9.15445077279        4.14321614092         -5.08728338411        
0.444949655656        13.9942045796         -8.89502592665        13.9942045796         -8.89502592665        3.96930586752         -4.9478751841         
0.454608353447        13.440443992          -8.64576241376        13.440443992          -8.64576241376        3.80651042683         -4.81364847264        
0.464267051238        12.9126955727         -8.40465497431        12.9126955727         -8.40465497431        3.65188680248         -4.68365217179        
0.473925749029        12.4099968408         -8.17184539703        12.4099968408         -8.17184539703        3.50504814172         -4.5579365336         
0.48358444682         11.9304560517         -7.94702267194        11.9304560517         -7.94702267194        3.36518238123         -4.43638909209        
0.493243144611        11.472906712          -7.72904904535        11.472906712          -7.72904904535        3.23206175465         -4.31835233699        
0.502901842402        11.0359373248         -7.51836477612        11.0359373248         -7.51836477612        3.10496847336         -4.20411950666        
0.512560540193        10.6184133742         -7.3142461606         10.6184133742         -7.3142461606         2.983558909           -4.09329584445        
0.522219237984        10.2186370621         -7.11593882412        10.2186370621         -7.11593882412        2.86731232362         -3.98546096383        
0.531877935775        9.83710599188         -6.92416248025        9.83710599188         -6.92416248025        2.75633739036         -3.88103817275        
0.541536633566        9.47209069224         -6.73705214707        9.47209069224         -6.73705214707        2.65020863394         -3.77893724836        
0.551195331357        9.12221871375         -6.55588820369        9.12221871375         -6.55588820369        2.5484031286          -3.67996686571        
0.560854029148        8.78640235196         -6.37778913096        8.78640235196         -6.37778913096        2.45053400379         -3.58258365942        
0.570512726939        8.46561426917         -6.20462879581        8.46561426917         -6.20462879581        2.3572581764          -3.48770991578        
0.58017142473         8.15978011529         -6.03672767556        8.15978011529         -6.03672767556        2.26856003291         -3.39553113866        
0.589830122521        7.86704662339         -5.87329190425        7.86704662339         -5.87329190425        2.18380173309         -3.30564100702        
0.599488820312        7.58707248697         -5.71429683586        7.58707248697         -5.71429683586        2.10291988858         -3.21803925882        
0.609147518103        7.31958718624         -5.55984347852        7.31958718624         -5.55984347852        2.02586066795         -3.13280004658        
0.618806215893        7.06324995407         -5.40935571186        7.06324995407         -5.40935571186        1.95226057789         -3.0496144955         
0.628464913684        6.81826357716         -5.26322068261        6.81826357716         -5.26322068261        1.88211719231         -2.96870325414        
0.638123611475        6.58383724289         -5.12120666751        6.58383724289         -5.12120666751        1.81526085005         -2.88996467207        
0.647782309266        6.35955562693         -4.9832440792         6.35955562693         -4.9832440792         1.75155655755         -2.81336476623        
0.657441007057        6.14512095185         -4.84949963104        6.14512095185         -4.84949963104        1.69091862537         -2.73900048438        
0.667099704848        5.93950267971         -4.71955241533        5.93950267971         -4.71955241533        1.63297585281         -2.66666234448        
0.676758402639        5.74287551519         -4.59328540395        5.74287551519         -4.59328540395        1.57788607593         -2.59629357102        
0.68641710043         5.55484686623         -4.47067612752        5.55484686623         -4.47067612752        1.52560178529         -2.52783092815        
0.696075798221        5.37429433567         -4.35259583324        5.37429433567         -4.35259583324        1.47551577356         -2.46187745971        
0.705734496012        5.20157083185         -4.23827453651        5.20157083185         -4.23827453651        1.42789874638         -2.3979641723         
0.715393193803        5.03579407493         -4.12754366831        5.03579407493         -4.12754366831        1.38241882804         -2.33601662813        
0.725051891594        4.87658460449         -4.02033178408        4.87658460449         -4.02033178408        1.3388965043          -2.27600243976        
0.734710589385        4.72369020505         -3.91659258098        4.72369020505         -3.91659258098        1.29727555015         -2.2179039694         
0.744369287176        4.57684839609         -3.81629005837        4.57684839609         -3.81629005837        1.25745533144         -2.16170863633        
0.754027984967        4.43559118936         -3.7192075283         4.43559118936         -3.7192075283         1.21927671532         -2.107297502          
0.763686682758        4.29956876319         -3.62522522989        4.29956876319         -3.62522522989        1.18260538571         -2.05460754463        
0.773345380549        4.16863025821         -3.53433508027        4.16863025821         -3.53433508027        1.14739123788         -2.00363776453        
0.78300407834         4.04261528201         -3.44642504671        4.04261528201         -3.44642504671        1.11361170523         -1.95433531287        
0.792662776131        3.92087354778         -3.36121093691        3.92087354778         -3.36121093691        1.08098427595         -1.90653185139        
0.802321473922        3.8035713507          -3.27883434959        3.8035713507          -3.27883434959        1.04957308816         -1.86031790187        
0.811980171713        3.69027078806         -3.19901227839        3.69027078806         -3.19901227839        1.01925879724         -1.81553002349        
0.821638869504        3.58071712449         -3.12165209205        3.58071712449         -3.12165209205        0.98993875521         -1.77212418562        
0.831297567294        3.47489311425         -3.046650049          3.47489311425         -3.046650049          0.961624317102        -1.73003789288        
0.840956265085        3.37253807384         -2.97396570722        3.37253807384         -2.97396570722        0.934206767137        -1.68924968965        
0.850614962876        3.27324127577         -2.9032608218         3.27324127577         -2.9032608218         0.907563239728        -1.6495716451         
0.860273660667        3.1771947898          -2.83474627001        3.1771947898          -2.83474627001        0.88174680004         -1.61111946989        
0.869932358458        3.08405529873         -2.76811436832        3.08405529873         -2.76811436832        0.856670579948        -1.57372726834        
0.879591056249        2.99375525386         -2.7032287344         2.99375525386         -2.7032287344         0.832306548052        -1.53729923765        
0.88924975404         2.906142616           -2.64011202623        2.906142616           -2.64011202623        0.808606810092        -1.50186749435        
0.898908451831        2.82098342638         -2.57864003145        2.82098342638         -2.57864003145        0.785480867146        -1.46735326269        
0.908567149622        2.73837934504         -2.51865011238        2.73837934504         -2.51865011238        0.763020025788        -1.43366215021        
0.918225847413        2.65803025641         -2.46016740199        2.65803025641         -2.46016740199        0.741074015944        -1.40081369465        
0.927884545204        2.57984345296         -2.4029442098         2.57984345296         -2.4029442098         0.719666160019        -1.36866514353        
0.937543242995        2.503743351           -2.3469229404         2.503743351           -2.3469229404         0.698763671313        -1.33717727482        
0.947201940786        2.42970885053         -2.29212746997        2.42970885053         -2.29212746997        0.678369570209        -1.30636977666        
0.956860638577        2.35709783299         -2.23793788905        2.35709783299         -2.23793788905        0.658244796869        -1.27590716929        
0.966519336368        2.28643638884         -2.18449719433        2.28643638884         -2.18449719433        0.638698152905        -1.24586114186        
0.976178034159        2.21672045173         -2.13121081127        2.21672045173         -2.13121081127        0.619331792063        -1.21584616614        
0.98583673195         2.14440940818         -2.07459998363        2.14440940818         -2.07459998363        0.599261720267        -1.18391113431        
0.995495429741        2.07178652199         -2.01697547508        2.07178652199         -2.01697547508        0.579064787769        -1.15137463211        
1.00515412753         2.00215673197         -1.9614422452         2.00215673197         -1.9614422452         0.559676135618        -1.12000688257        
1.01481282532         1.93539163013         -1.9078763665         1.93539163013         -1.9078763665         0.54106275207         -1.08973982368        
1.02447152311         1.8711203773          -1.85605312152        1.8711203773          -1.85605312152        0.523122800375        -1.06044738871        
1.0341302209          1.80933019847         -1.80586156071        1.80933019847         -1.80586156071        0.505854149118        -1.03206283166        
1.0437889187          1.74991737799         -1.75733304866        1.74991737799         -1.75733304866        0.489249708054        -1.00460754258        
1.05344761649         1.69257020255         -1.71013777671        1.69257020255         -1.71013777671        0.473207388977        -0.977895993305       
1.06310631428         1.63748606854         -1.66447893426        1.63748606854         -1.66447893426        0.45782111786         -0.952041626202       
1.07276501207         1.58422047151         -1.61999577993        1.58422047151         -1.61999577993        0.442895075702        -0.926836830202       
1.08242370986         1.53294977526         -1.57693825541        1.53294977526         -1.57693825541        0.428541511482        -0.902435531096       
1.09208240765         1.48369960596         -1.53517022612        1.48369960596         -1.53517022612        0.414786412419        -0.878747340776       
1.10174110544         1.43608359651         -1.49452625584        1.43608359651         -1.49452625584        0.401480207181        -0.855688696919       
1.11139980323         1.39026151876         -1.45512760182        1.39026151876         -1.45512760182        0.38868651249         -0.833327346321       
1.12105850102         1.34609103169         -1.41688434729        1.34609103169         -1.41688434729        0.376366087189        -0.811611067037       
1.13071719881         1.30351878269         -1.37974177784        1.30351878269         -1.37974177784        0.364505256283        -0.790511901815       
1.14037589661         1.26244960007         -1.34365658395        1.26244960007         -1.34365658395        0.353077135624        -0.770004250713       
1.1500345944          1.22288171412         -1.30864796721        1.22288171412         -1.30864796721        0.342081289811        -0.750101737459       
1.15969329219         1.18474633079         -1.27469059037        1.18474633079         -1.27469059037        0.331500383094        -0.730790071125       
1.16935198998         1.14837464264         -1.24163648434        1.14837464264         -1.24163648434        0.32156796578         -0.711984098523       
1.17901068777         1.11254648749         -1.209680271          1.11254648749         -1.209680271          0.311532276743        -0.693797024185       
1.18866938556         1.07824419836         -1.17854033248        1.07824419836         -1.17854033248        0.302059657743        -0.67607100934        
1.19832808335         1.04534373965         -1.14854412402        1.04534373965         -1.14854412402        0.292984644885        -0.658990811433       
1.20798678114         1.01344368845         -1.11924939025        1.01344368845         -1.11924939025        0.284198485487        -0.642302783089       
1.21764547893         0.982790347554        -1.09087930151        0.982790347554        -1.09087930151        0.275777595482        -0.626136950934       
1.22730417672         0.953116734069        -1.06336622248        0.953116734069        -1.06336622248        0.267648320342        -0.610452805171       
1.23696287451         0.924572894768        -1.03680491543        0.924572894768        -1.03680491543        0.259835279681        -0.59530968359        
1.24662157231         0.896832341118        -1.01088288427        0.896832341118        -1.01088288427        0.252243538704        -0.580528320103       
1.2562802701          0.870102007112        -0.985828345528       0.870102007112        -0.985828345528       0.244937793829        -0.566241832794       
1.26593896789         0.844228874817        -0.961518892311       0.844228874817        -0.961518892311       0.237861098849        -0.552379681614       
1.27559766568         0.819205015671        -0.937938738686       0.819205015671        -0.937938738686       0.231014520859        -0.538932865375       
1.28525636347         0.7950333569          -0.915116323229       0.7950333569          -0.915116323229       0.224400471115        -0.525918686826       
1.29491506126         0.771599936715        -0.892919302472       0.771599936715        -0.892919302472       0.217981438644        -0.513260030307       
1.30457375905         0.748843864345        -0.871351983512       0.748843864345        -0.871351983512       0.211739857538        -0.50096245889        
1.31423245684         0.726847811629        -0.850445746665       0.726847811629        -0.850445746665       0.205698468442        -0.489040748742       
1.32389115463         0.705509642531        -0.830209001175       0.705509642531        -0.830209001175       0.199816732921        -0.477499623534       
1.33354985242         0.684775300937        -0.81035225441        0.684775300937        -0.81035225441        0.194090697247        -0.466188364592       
1.34320855022         0.664718674943        -0.791124426061       0.664718674943        -0.791124426061       0.188544574088        -0.455232948993       
1.35286724801         0.645258876887        -0.772413413562       0.645258876887        -0.772413413562       0.183155681746        -0.444570285987       
1.3625259458          0.626446500914        -0.75428790782        0.626446500914        -0.75428790782        0.177937474952        -0.434239936953       
1.37218464359         0.608154802568        -0.736650382295       0.608154802568        -0.736650382295       0.172848114875        -0.424187946791       
1.38184334138         0.590510243265        -0.719562782508       0.590510243265        -0.719562782508       0.16795415274         -0.41445350213        
1.39150203917         0.573235171234        -0.702794140752       0.573235171234        -0.702794140752       0.163099084851        -0.404889647646       
1.40116073696         0.556541564094        -0.686557355295       0.556541564094        -0.686557355295       0.158417420379        -0.395633272401       
1.41081943475         0.540318354643        -0.670730577793       0.540318354643        -0.670730577793       0.153849830344        -0.386608753899       
1.42047813254         0.524583463061        -0.655302523204       0.524583463061        -0.655302523204       0.149414167084        -0.377809835237       
1.43013683033         0.509323232474        -0.640308760891       0.509323232474        -0.640308760891       0.14510561199         -0.3692543798         
1.43979552812         0.494504809106        -0.625718282248       0.494504809106        -0.625718282248       0.140907625054        -0.360928748374       
1.44945422592         0.480103066827        -0.611462172087       0.480103066827        -0.611462172087       0.136818727728        -0.352792494286       
1.45911292371         0.466124588243        -0.597583942834       0.466124588243        -0.597583942834       0.132837593954        -0.344870284213       
1.4687716215          0.452542160745        -0.584053792255       0.452542160745        -0.584053792255       0.128958896663        -0.337146115606       
1.47843031929         0.439350664075        -0.570850479438       0.439350664075        -0.570850479438       0.125183246015        -0.329606707604       
1.48808901708         0.426526297132        -0.55795211649        0.426526297132        -0.55795211649        0.121503519558        -0.322240021983       
1.49774771487         0.41410074591         -0.545398833141       0.41410074591         -0.545398833141       0.117935488575        -0.315068896998       
1.50740641266         0.402017905216        -0.533101309899       0.402017905216        -0.533101309899       0.114451914241        -0.30804071189        
1.51706511045         0.390287189498        -0.521107513865       0.390287189498        -0.521107513865       0.11106758192         -0.301184763136       
1.52672380824         0.378911832932        -0.509408023028       0.378911832932        -0.509408023028       0.107782110916        -0.294495449242       
1.53638250603         0.367868194517        -0.497973013506       0.367868194517        -0.497973013506       0.104588688279        -0.287955015024       
1.54604120383         0.357166498993        -0.486826093922       0.357166498993        -0.486826093922       0.101491950886        -0.28157749097        
1.55569990162         0.34677899132         -0.475933731545       0.34677899132         -0.475933731545       0.0984848247124       -0.275343660226       
1.56535859941         0.336702712764        -0.465287750484       0.336702712764        -0.465287750484       0.0955667163777       -0.269248654364       
1.5750172972          0.326914633799        -0.454876397917       0.326914633799        -0.454876397917       0.0927313832056       -0.263285479801       
1.58467599499         0.317373732301        -0.444687747508       0.317373732301        -0.444687747508       0.0899551900789       -0.257449155007       
1.59433469278         0.308260790486        -0.434792352482       0.308260790486        -0.434792352482       0.0873366592464       -0.251774592593       
1.60399339057         0.299400315527        -0.425170864243       0.299400315527        -0.425170864243       0.0847809669027       -0.246257088089       
1.61365208836         0.290785825191        -0.41574737023        0.290785825191        -0.41574737023        0.0822984114272       -0.240851334794       
1.62331078615         0.282444186941        -0.406582851464       0.282444186941        -0.406582851464       0.0798949149462       -0.235593278424       
1.63296948394         0.274352622718        -0.397639230873       0.274352622718        -0.397639230873       0.0775648745717       -0.230460079067       
1.64262818173         0.266485207441        -0.388874098337       0.266485207441        -0.388874098337       0.0752982043317       -0.225432897981       
1.65228687953         0.258898152698        -0.380370290315       0.258898152698        -0.380370290315       0.0731163015655       -0.220554637992       
1.66194557732         0.251571883678        -0.372107113968       0.251571883678        -0.372107113968       0.0710139354922       -0.215812559373       
1.67160427511         0.244500868601        -0.364105328278       0.244500868601        -0.364105328278       0.0689900452101       -0.211219941286       
1.6812629729          0.237673301035        -0.356344080192       0.237673301035        -0.356344080192       0.0670339504736       -0.206764417289       
1.69092167069         0.231353674628        -0.349239711024       0.231353674628        -0.349239711024       0.0652253826841       -0.202688378134       
1.70058036848         0.226940610499        -0.344930132015       0.226940610499        -0.344930132015       0.0639565681435       -0.200233156351       
1.71023906627         0.222427589563        -0.34041070104        0.222427589563        -0.34041070104        0.0626606491732       -0.197655326226       
1.71989776406         0.217877835579        -0.335779136104       0.217877835579        -0.335779136104       0.0613536719044       -0.195011103748       
1.72955646185         0.21331816316         -0.33106789637        0.21331816316         -0.33106789637        0.0600439980825       -0.19232014344        
1.73921515964         0.208767640714        -0.326315725894       0.208767640714        -0.326315725894       0.0587384411848       -0.189603182341       
1.74887385744         0.20423524754         -0.321532824775       0.20423524754         -0.321532824775       0.0574375068952       -0.186867668391       
1.75853255523         0.199717183118        -0.316727726202       0.199717183118        -0.316727726202       0.0561384348452       -0.18411857586        
1.76819125302         0.195222924651        -0.311908588638       0.195222924651        -0.311908588638       0.0548441143307       -0.181360674555       
1.77784995081         0.190750967055        -0.30707849308        0.190750967055        -0.30707849308        0.0535527550417       -0.178595893449       
1.7875086486          0.186302837226        -0.302241673838       0.186302837226        -0.302241673838       0.0522640124801       -0.175826914691       
1.79716734639         0.18189027788         -0.29740489095        0.18189027788         -0.29740489095        0.0509824990444       -0.173056835155       
1.80682604418         0.177512060927        -0.292567651873       0.177512060927        -0.292567651873       0.0497072158965       -0.170285916474       
1.81648474197         0.173166569112        -0.287737241293       0.173166569112        -0.287737241293       0.0484373991766       -0.167518315146       
1.82614343976         0.168853984896        -0.282912853968       0.168853984896        -0.282912853968       0.0471705329984       -0.164753196491       
1.83580213755         0.164594438874        -0.278095857184       0.164594438874        -0.278095857184       0.0459195995011       -0.161991276437       
1.84546083534         0.160371002976        -0.273273163312       0.160371002976        -0.273273163312       0.0446736131205       -0.159224595607       
1.85511953314         0.156196553869        -0.268470009952       0.156196553869        -0.268470009952       0.0434392661421       -0.15646806293        
1.86477823093         0.152076557912        -0.263688358254       0.152076557912        -0.263688358254       0.0422197807941       -0.153722446794       
1.87443692872         0.147997146312        -0.258917366786       0.147997146312        -0.258917366786       0.0410075124868       -0.150982395875       
1.88409562651         0.143978429364        -0.254176221651       0.143978429364        -0.254176221651       0.0398119384761       -0.148257478731       
1.8937543243          0.139982677029        -0.24941845037        0.139982677029        -0.24941845037        0.03861596538         -0.145525042922       
1.90341302209         0.136068445757        -0.244685313808       0.136068445757        -0.244685313808       0.0374461527255       -0.142805178268       
1.91307171988         0.132222034672        -0.239980215739       0.132222034672        -0.239980215739       0.0362970821039       -0.1400996007         
1.92273041767         0.128441433267        -0.2353046459         0.128441433267        -0.2353046459         0.0351677659401       -0.137409239346       
1.93238911546         0.124726652379        -0.2306579137         0.124726652379        -0.2306579137         0.0340582199038       -0.134734177018       
1.94204781325         0.121077835648        -0.226042005787       0.121077835648        -0.226042005787       0.0329684009615       -0.132075307728       
1.95170651105         0.117500681157        -0.221457300215       0.117500681157        -0.221457300215       0.0319019187668       -0.129432976061       
1.96136520884         0.113994932846        -0.21691257394        0.113994932846        -0.21691257394        0.0308588430919       -0.126811817796       
1.97102390663         0.110559980863        -0.21240965761        0.110559980863        -0.21240965761        0.0298384014815       -0.124213625326       
1.98068260442         0.107194669043        -0.207948564605       0.107194669043        -0.207948564605       0.0288402836204       -0.12163832791        
1.99034130221         0.103890651383        -0.203528228928       0.103890651383        -0.203528228928       0.0278603905146       -0.119085418624       
2                     0.100655865901        -0.199161119276       0.100655865901        -0.199161119276       0.0269019331811       -0.116562193456       
2.001                 0.100345254058        -0.198725285497       0.100345254058        -0.198725285497       0.0268159083578       -0.116310848649       
2.23436663082         0.0413666184345       -0.109705327447       0.0413666184345       -0.109705327447       0.00953050356996      -0.0646825963643      
2.46773326163         0.0119906436417       -0.0521364883029      0.0119906436417       -0.0521364883029      0.00126134288574      -0.0310163457582      
2.70109989245         0.000979502405317     -0.0205199952547      0.000979502405317     -0.0205199952547      -0.00130765745557     -0.0123474407148      
2.93446652327         -0.00128620659927     -0.00605384436872     -0.00128620659927     -0.00605384436872     -0.0012469160788      -0.00370030402692     
3.16783315408         -0.000707962713626    -0.000942805513953    -0.000707962713626    -0.000942805513953    -0.000510079563132    -0.000591869125097    
3.4011997849          -2.78535029584e-05    -6.60438316089e-06    -2.78535029584e-05    -6.60438316089e-06    -2.0163672938e-05     -4.50599382787e-06    
3.4021997849          -2.69705815139e-05    -6.32900246998e-06    -2.69705815139e-05    -6.32900246998e-06    -1.95322115254e-05    -4.31925898645e-06    
3.4191997849          -1.43701052779e-05    -2.70053207363e-06    -1.43701052779e-05    -2.70053207363e-06    -1.04771434085e-05    -1.84286499722e-06    
3.4361997849          -5.8545279981e-06     -5.81585802444e-07    -5.8545279981e-06     -5.81585802444e-07    -4.29683558173e-06    -3.7585289702e-07     
3.4531997849          -9.53705421819e-07    5.55013258975e-07     -9.53705421819e-07    5.55013258975e-07     -7.0360290595e-07     4.24783537587e-07     
3.4701997849          -7.65972217839e-09    2.05099128237e-06     -7.65972217839e-09    2.05099128237e-06     -4.19393590087e-09    1.5697915034e-06      
3.4871997849          7.27829068817e-09     5.45020668019e-06     7.27829068817e-09     5.45020668019e-06     4.92548239395e-09     4.12230957508e-06     
3.5041997849          1.67460459828e-08     9.08645874526e-06     1.67460459828e-08     9.08645874526e-06     1.08403059502e-08     6.89687787064e-06     
3.5211997849          2.17978519826e-08     1.25062462249e-05     2.17978519826e-08     1.25062462249e-05     1.40828946311e-08     9.5471740048e-06      
3.5221997849          2.1984979689e-08      1.26962167872e-05     2.1984979689e-08      1.26962167872e-05     1.42061412206e-08     9.69567665645e-06     
3.70130630898         3.04508851332e-09     2.38046802676e-05     3.04508851332e-09     2.38046802676e-05     2.66145359234e-09     1.93726796429e-05     
3.88041283305         -1.97208841863e-09    1.38567187265e-05     -1.97208841863e-09    1.38567187265e-05     -1.05921075057e-09    1.19413843775e-05     
4.05951935713         -2.72945374151e-10    5.32325451449e-06     -2.72945374151e-10    5.32325451449e-06     -1.72351812066e-10    4.84238469268e-06     
4.23862588121         7.86809558994e-11     1.41781159622e-06     7.86809558994e-11     1.41781159622e-06     4.74576726589e-11     1.35949908891e-06     
4.41773240529         5.73430995482e-12     2.03753075397e-07     5.73430995482e-12     2.03753075397e-07     5.94912381698e-12     2.05929956232e-07     
4.59683892936         3.35282440187e-09     7.15222923981e-13     3.35282440187e-09     7.15222923981e-13     3.58519419264e-09     -6.13518331975e-12    
4.77594545344         4.09591784874e-08     2.94394398842e-11     4.09591784874e-08     2.94394398842e-11     4.61012522046e-08     -4.30824373669e-10    
4.95505197752         3.61058119295e-08     5.50122079426e-11     3.61058119295e-08     5.50122079426e-11     4.26802463434e-08     -6.7533575061e-10     
5.13415850159         2.00529943597e-08     5.32750818455e-11     2.00529943597e-08     5.32750818455e-11     2.48685335686e-08     -5.41644174212e-10    
5.31326502567         8.76271406133e-09     3.63124536464e-11     8.76271406133e-09     3.63124536464e-11     1.13941620526e-08     -3.11500967772e-10    
5.49237154975         3.24618507727e-09     1.95131728094e-11     3.24618507727e-09     1.95131728094e-11     4.42497924754e-09     -1.43945102051e-10    
5.67147807383         1.05544664909e-09     8.74455493191e-12     1.05544664909e-09     8.74455493191e-12     1.50825660452e-09     -5.63868151346e-11    
5.8505845979          3.06979891093e-10     3.3755001385e-12      3.06979891093e-10     3.3755001385e-12      4.60019366803e-10     -1.92917145829e-11    
6.02969112198         8.08089314074e-11     1.14559041999e-12     8.08089314074e-11     1.14559041999e-12     1.27038950431e-10     -5.87292804076e-12    
6.20879764606         1.94005598103e-11     3.46601518264e-13     1.94005598103e-11     3.46601518264e-13     3.20162764444e-11     -1.60897669689e-12    
6.38790417013         4.27051504649e-12     9.44090237553e-14     4.27051504649e-12     9.44090237553e-14     7.4039510919e-12      -4.00103044835e-13    
6.56701069421         8.65214884423e-13     2.33202415548e-14     8.65214884423e-13     2.33202415548e-14     1.57740194362e-12     -9.09125524823e-14    
6.74611721829         1.61763852344e-13     5.25151047557e-15     1.61763852344e-13     5.25151047557e-15     3.10464604171e-13     -1.89463564028e-14    
6.92522374237         2.79763695729e-14     1.08300995282e-15     2.79763695729e-14     1.08300995282e-15     5.65964311411e-14     -3.63513108797e-15    
7.10433026644         4.46297737942e-15     2.04318571455e-16     4.46297737942e-15     2.04318571455e-16     9.5306877881e-15      -6.41013680768e-16    
7.28343679052         7.1363783605e-16      3.83745473475e-17     7.1363783605e-16      3.83745473475e-17     1.61139006954e-15     -1.12998599148e-16    
7.4625433146          8.53327514715e-17     5.35981571279e-18     8.53327514715e-17     5.35981571279e-18     2.04116309802e-16     -1.48708717522e-17    
7.64164983868         1.93137995083e-17     1.41070920197e-18     1.93137995083e-17     1.41070920197e-18     4.90435036082e-17     -3.70036477144e-18    
7.82075636275         2.0047239642e-17      1.69691741768e-18     2.0047239642e-17      1.69691741768e-18     5.41693567762e-17     -4.22067246414e-18    
7.99986288683         2.06351912537e-17     2.01908317791e-18     2.06351912537e-17     2.01908317791e-18     5.9492478214e-17      -4.77486728081e-18    
8.17896941091         2.10681297749e-17     2.37902841431e-18     2.10681297749e-17     2.37902841431e-18     6.5006973312e-17      -5.36240601815e-18    
8.35807593498         2.13373358198e-17     2.77850150072e-18     2.13373358198e-17     2.77850150072e-18     7.07073306651e-17     -5.98271449627e-18    
8.53718245906         2.14348189169e-17     3.21917836595e-18     2.14348189169e-17     3.21917836595e-18     7.65884051524e-17     -6.63519667148e-18    
8.71628898314         2.13532488553e-17     3.70266406825e-18     2.13532488553e-17     3.70266406825e-18     8.26454040306e-17     -7.31924215012e-18    
8.89539550722         2.10858939285e-17     4.23049470877e-18     2.10858939285e-17     4.23049470877e-18     8.8873899341e-17      -8.03423236363e-18    
9.07450203129         2.06265653993e-17     4.80413958566e-18     2.06265653993e-17     4.80413958566e-18     9.52699160165e-17     -8.77991255977e-18    
9.25360855537         1.99695675581e-17     5.42500351094e-18     1.99695675581e-17     5.42500351094e-18     1.01828762125e-16     -9.55573104216e-18    
9.43271507945         1.91096528016e-17     6.09442922827e-18     1.91096528016e-17     6.09442922827e-18     1.08546912394e-16     -1.03607305212e-17    
9.61182160352         1.80419812079e-17     6.81369988317e-18     1.80419812079e-17     6.81369988317e-18     1.15420963562e-16     -1.11943029756e-17    
9.7909281276          1.67620841383e-17     7.58404150781e-18     1.67620841383e-17     7.58404150781e-18     1.22447693503e-16     -1.20558493217e-17    
9.97003465168         1.52658314406e-17     8.40662549113e-18     1.52658314406e-17     8.40662549113e-18     1.29624073944e-16     -1.29447811116e-17    
10.1491411758         1.35494018755e-17     9.28257101199e-18     1.35494018755e-17     9.28257101199e-18     1.36947262143e-16     -1.38605218496e-17    
10.3282476998         1.16092564252e-17     1.02129474185e-17     1.16092564252e-17     1.02129474185e-17     1.44414589659e-16     -1.48025079917e-17    
10.5073542239         9.44211418196e-18     1.11987765415e-17     9.44211418196e-18     1.11987765415e-17     1.52023550913e-16     -1.57701896805e-17    
10.686460748          7.04493054654e-18     1.22410349328e-17     7.04493054654e-18     1.22410349328e-17     1.59771792257e-16     -1.67630312627e-17    
10.8655672721         4.41487749523e-18     1.33406560233e-17     4.41487749523e-18     1.33406560233e-17     1.67657101723e-16     -1.77805116241e-17    
11.0446737961         1.549325702e-18       1.44985321963e-17     1.549325702e-18       1.44985321963e-17     1.75677399543e-16     -1.88221243769e-17    
11.2237803202         -1.55417167579e-18    1.57155167743e-17     -1.55417167579e-18    1.57155167743e-17     1.83830729462e-16     -1.98873779236e-17    
11.4028868443         -4.89789371766e-18    1.69924259195e-17     -4.89789371766e-18    1.69924259195e-17     1.92115250913e-16     -2.09757954212e-17    
11.5819933684         -8.48396511798e-18    1.83300404473e-17     -8.48396511798e-18    1.83300404473e-17     2.00529232235e-16     -2.20869146642e-17    
11.7610998924         -1.23143683564e-17    1.97291075552e-17     -1.23143683564e-17    1.97291075552e-17     2.09071045518e-16     -2.3220287902e-17     
11.9402064165         -1.63909547812e-17    2.11903424679e-17     -1.63909547812e-17    2.11903424679e-17     2.17739165108e-16     -2.43754816044e-17    
12.1193129406         -2.07154547133e-17    2.27144300025e-17     -2.07154547133e-17    2.27144300025e-17     2.26532181332e-16     -2.55520761859e-17    
12.2984194647         -2.52894866659e-17    2.43020260551e-17     -2.52894866659e-17    2.43020260551e-17     2.3544892054e-16      -2.67498663175e-17    
12.4775259888         -3.01145657669e-17    2.59537590119e-17     -3.01145657669e-17    2.59537590119e-17     2.44487519097e-16     -2.79686449187e-17    
12.6566325128         -3.519211146e-17      2.76702310891e-17     -3.519211146e-17      2.76702310891e-17     2.53646832797e-16     -2.92076827084e-17    
12.8357390369         -4.05234545526e-17    2.94520196029e-17     -4.05234545526e-17    2.94520196029e-17     2.62925754112e-16     -3.04666126145e-17    
13.014845561          -4.61098436736e-17    3.12996781739e-17     -4.61098436736e-17    3.12996781739e-17     2.72323195747e-16     -3.17450797691e-17    
13.1939520851         -5.19524511947e-17    3.32137378692e-17     -5.19524511947e-17    3.32137378692e-17     2.81838118211e-16     -3.30427411368e-17    
13.3730586091         -5.80523786663e-17    3.51947082838e-17     -5.80523786663e-17    3.51947082838e-17     2.9146953237e-16      -3.4359265143e-17     
13.5521651332         -6.44106618105e-17    3.72430785665e-17     -6.44106618105e-17    3.72430785665e-17     3.01216498174e-16     -3.56943313029e-17    
13.7312716573         -7.10282751142e-17    3.93593183907e-17     -7.10282751142e-17    3.93593183907e-17     3.1107812244e-16      -3.70476298541e-17    
13.9103781814         -7.79061360552e-17    4.15438788755e-17     -7.79061360552e-17    4.15438788755e-17     3.21053556397e-16     -3.84188613944e-17    
14.0894847055         -8.50451089961e-17    4.37971934574e-17     -8.50451089961e-17    4.37971934574e-17     3.3114199323e-16      -3.98077365255e-17    
14.2685912295         -9.24460087747e-17    4.61196787167e-17     -9.24460087747e-17    4.61196787167e-17     3.41342665719e-16     -4.12139755047e-17    
14.4476977536         -1.00109604017e-16    4.85117351612e-17     -1.00109604017e-16    4.85117351612e-17     3.51654843975e-16     -4.26373079043e-17    
14.6268042777         -1.08036620196e-16    5.09737479679e-17     -1.08036620196e-16    5.09737479679e-17     3.62077833323e-16     -4.40774722801e-17    
14.8059108018         -1.16227742462e-16    5.35060876868e-17     -1.16227742462e-16    5.35060876868e-17     3.72610972295e-16     -4.55342158485e-17    
14.9850173258         -1.24683618257e-16    5.61091109081e-17     -1.24683618257e-16    5.61091109081e-17     3.8325363076e-16      -4.70072941743e-17    
15.1641238499         -1.3340485974e-16     5.87831608948e-17     -1.3340485974e-16     5.87831608948e-17     3.94005208161e-16     -4.84964708665e-17    
15.343230374          -1.4239204603e-16     6.15285681825e-17     -1.4239204603e-16     6.15285681825e-17     4.04865131869e-16     -5.00015172855e-17    
15.5223368981         -1.51645725283e-16    6.43456511487e-17     -1.51645725283e-16    6.43456511487e-17     4.15832855637e-16     -5.1522212259e-17     
15.7014434221         -1.61166416634e-16    6.7234716553e-17      -1.61166416634e-16    6.7234716553e-17      4.2690785816e-16      -5.30583418081e-17    
15.8805499462         -1.70954611978e-16    7.01960600497e-17     -1.70954611978e-16    7.01960600497e-17     4.38089641708e-16     -5.46096988831e-17    
16.0596564703         -1.81010777648e-16    7.3229966674e-17      -1.81010777648e-16    7.3229966674e-17      4.49377730868e-16     -5.61760831082e-17    
16.2387629944         -1.91335355955e-16    7.63367113052e-17     -1.91335355955e-16    7.63367113052e-17     4.60771671343e-16     -5.77573005362e-17    
16.4178695185         -2.01928766641e-16    7.95165591045e-17     -2.01928766641e-16    7.95165591045e-17     4.7227102884e-16      -5.93531634117e-17    
16.5969760425         -2.12791408212e-16    8.2769765933e-17      -2.12791408212e-16    8.2769765933e-17      4.83875388019e-16     -6.09634899439e-17    
16.7760825666         -2.23923659198e-16    8.6096578748e-17      -2.23923659198e-16    8.6096578748e-17      4.95584351511e-16     -6.2588104087e-17     
16.9551890907         -2.35325879316e-16    8.94972359795e-17     -2.35325879316e-16    8.94972359795e-17     5.07397538992e-16     -6.42268353302e-17    
17.1342956148         -2.46998410563e-16    9.29719678889e-17     -2.46998410563e-16    9.29719678889e-17     5.19314586317e-16     -6.58795184943e-17    
17.3134021388         -2.58941578228e-16    9.65209969101e-17     -2.58941578228e-16    9.65209969101e-17     5.31335144706e-16     -6.75459935378e-17    
17.4925086629         -2.71155691849e-16    1.00144537974e-16     -2.71155691849e-16    1.00144537974e-16     5.43458879981e-16     -6.92261053694e-17    
17.671615187          -2.83641046094e-16    1.03842798816e-16     -2.83641046094e-16    1.03842798816e-16     5.55685471848e-16     -7.09197036683e-17    
17.8507217111         -2.963979216e-16      1.07615980273e-16     -2.963979216e-16      1.07615980273e-16     5.68014613226e-16     -7.26266427112e-17    
18.0298282352         -3.09426585745e-16    1.1146427656e-16      -3.09426585745e-16    1.1146427656e-16      5.80446009617e-16     -7.43467812069e-17    
18.2089347592         -3.2272729338e-16     1.1538787554e-16      -3.2272729338e-16     1.1538787554e-16      5.92979378529e-16     -7.60799821363e-17    
18.3880412833         -3.36300287509e-16    1.19386958974e-16     -3.36300287509e-16    1.19386958974e-16     6.05614448925e-16     -7.78261125999e-17    
18.5671478074         -3.50145799933e-16    1.23461702769e-16     -3.50145799933e-16    1.23461702769e-16     6.18350960737e-16     -7.95850436702e-17    
18.7462543315         -3.64264051848e-16    1.27612277204e-16     -3.64264051848e-16    1.27612277204e-16     6.31188664416e-16     -8.13566502507e-17    
18.9253608555         -3.78655254407e-16    1.31838847154e-16     -3.78655254407e-16    1.31838847154e-16     6.44127320564e-16     -8.31408109403e-17    
19.1044673796         -3.93319609256e-16    1.36141572299e-16     -3.93319609256e-16    1.36141572299e-16     6.57166699639e-16     -8.49374079029e-17    
19.2835739037         -4.08257309024e-16    1.40520607325e-16     -4.08257309024e-16    1.40520607325e-16     6.70306581832e-16     -8.67463267424e-17    
19.4626804278         -4.23468537796e-16    1.44976102112e-16     -4.23468537796e-16    1.44976102112e-16     6.83546757226e-16     -8.85674563821e-17    
19.6417869518         -4.38953471549e-16    1.49508201926e-16     -4.38953471549e-16    1.49508201926e-16     6.96887026677e-16     -9.04006889494e-17    
19.8208934759         -4.54712278571e-16    1.54117047583e-16     -4.54712278571e-16    1.54117047583e-16     7.10327204968e-16     -9.22459196651e-17    
20                    0                     0                     0                     0                     0                     0                     
