0.0779191396          0                     0                     0                     0                     0                     0                     
0.087738250962        0.248750808494        -0.362941778874       0.248750808494        -0.362941778874       0.0107529762441       -0.036134795026       
0.0975573623239       0.855623638663        -1.47985222774        0.855623638663        -1.47985222774        0.0183248025253       -0.147746165886       
0.107376473686        1.45574410113         -2.76612778442        1.45574410113         -2.76612778442        0.00517007231847      -0.275119833502       
0.117195585048        1.90699343655         -3.87616491062        1.90699343655         -3.87616491062        -0.0227061747292      -0.383026296602       
0.12701469641         2.19054329799         -4.70868104532        2.19054329799         -4.70868104532        -0.0566516369209      -0.462444601531       
0.136833807772        2.3312636851          -5.27153711788        2.3312636851          -5.27153711788        -0.0905266995925      -0.51541801395        
0.146652919134        2.36311221954         -5.60854436044        2.36311221954         -5.60854436044        -0.121612186497       -0.547170784537       
0.156472030496        2.31759434487         -5.76999867519        2.31759434487         -5.76999867519        -0.148197661881       -0.56244373425        
0.166291141858        2.21996042582         -5.80031826457        2.21996042582         -5.80031826457        -0.169997465223       -0.566073359865       
0.17611025322         2.08954177805         -5.73582007814        2.08954177805         -5.73582007814        -0.187130125179       -0.560479434072       
0.185929364582        1.94001231384         -5.60431236357        1.94001231384         -5.60431236357        -0.200143860725       -0.54908307147        
0.195748475943        1.78124492531         -5.42828559883        1.78124492531         -5.42828559883        -0.209355946227       -0.533584366543       
0.205567587305        1.62052567346         -5.22256313127        1.62052567346         -5.22256313127        -0.215758945726       -0.515350527327       
0.215386698667        1.46236337224         -4.99921837716        1.46236337224         -4.99921837716        -0.219582105146       -0.495441095538       
0.225205810029        1.3097601172          -4.76659353532        1.3097601172          -4.76659353532        -0.221311164301       -0.474499327376       
0.235024921391        1.16463680123         -4.53097238312        1.16463680123         -4.53097238312        -0.221352198265       -0.453270294939       
0.244844032753        1.02803774113         -4.29667194502        1.02803774113         -4.29667194502        -0.219970254308       -0.431717607845       
0.254663144115        0.900755326575        -4.06677032331        0.900755326575        -4.06677032331        -0.217547298287       -0.410645105982       
0.264482255477        0.78263229005         -3.84331295833        0.78263229005         -3.84331295833        -0.214228676163       -0.389880801665       
0.274301366839        0.673841918579        -3.62807972621        0.673841918579        -3.62807972621        -0.210238862057       -0.369801898799       
0.284120478201        0.573709735153        -3.42056724607        0.573709735153        -3.42056724607        -0.205581521034       -0.350308619669       
0.293939589563        0.482155714699        -3.22267965206        0.482155714699        -3.22267965206        -0.200690512093       -0.331587603912       
0.303758700925        0.398630274871        -3.03413106931        0.398630274871        -3.03413106931        -0.195520597043       -0.313542062415       
0.313577812287        0.322669182363        -2.85487407235        0.322669182363        -2.85487407235        -0.190106635576       -0.296053747601       
0.323396923649        0.253727796419        -2.68475317094        0.253727796419        -2.68475317094        -0.184593785787       -0.279515925125       
0.333216035011        0.191326010994        -2.52348943373        0.191326010994        -2.52348943373        -0.178996984368       -0.263685243207       
0.343035146373        0.134992139265        -2.37100209803        0.134992139265        -2.37100209803        -0.173379958592       -0.248570951367       
0.352854257735        0.08429314941         -2.22671084187        0.08429314941         -2.22671084187        -0.167762735462       -0.234196857853       
0.362673369097        0.0386874674571       -2.09030091758        0.0386874674571       -2.09030091758        -0.162076105838       -0.220437401522       
0.372492480459        -0.00204781976974     -1.96143693483        -0.00204781976974     -1.96143693483        -0.156561778603       -0.207432004891       
0.382311591821        -0.038441386158       -1.83970123354        -0.038441386158       -1.83970123354        -0.151128923603       -0.195094257406       
0.392130703183        -0.0708119014307      -1.72472469693        -0.0708119014307      -1.72472469693        -0.145784950774       -0.183370950663       
0.401949814545        -0.0994651358809      -1.61618767508        -0.0994651358809      -1.61618767508        -0.140532499654       -0.172217299816       
0.411768925907        -0.124732508335       -1.51367332173        -0.124732508335       -1.51367332173        -0.135398256905       -0.161677261929       
0.421588037268        -0.146862995837       -1.41689363552        -0.146862995837       -1.41689363552        -0.130377965064       -0.151689146065       
0.43140714863         -0.166150810513       -1.32557901268        -0.166150810513       -1.32557901268        -0.12548054477        -0.142232044722       
0.441226259992        -0.18276007522        -1.23919611311        -0.18276007522        -1.23919611311        -0.120641676863       -0.133230896707       
0.451045371354        -0.196978257235       -1.15766705947        -0.196978257235       -1.15766705947        -0.115991684918       -0.124736630641       
0.460864482716        -0.208973936379       -1.08068787551        -0.208973936379       -1.08068787551        -0.111463252085       -0.116689304955       
0.470683594078        -0.218927161751       -1.00798146857        -0.218927161751       -1.00798146857        -0.107049844466       -0.109056249106       
0.48050270544         -0.2270079311         -0.9393075145         -0.2270079311         -0.9393075145         -0.102758023986       -0.101841410539       
0.490321816802        -0.233371258948       -0.874445166617       -0.233371258948       -0.874445166617       -0.0985838293709      -0.0950050594558      
0.500140928164        -0.238159303915       -0.813159578711       -0.238159303915       -0.813159578711       -0.0944954545522      -0.0885345172737      
0.509960039526        -0.241494516998       -0.755292345371       -0.241494516998       -0.755292345371       -0.0905539624399      -0.082413411379       
0.519779150888        -0.243485937425       -0.70063008348        -0.243485937425       -0.70063008348        -0.0867200731139      -0.0766195994647      
0.52959826225         -0.244264865557       -0.649039845086       -0.244264865557       -0.649039845086       -0.0829951676409      -0.0711416708679      
0.539417373612        -0.243909657506       -0.600316613187       -0.243909657506       -0.600316613187       -0.0793720304502      -0.0659592011177      
0.549236484974        -0.242514444793       -0.554335891534       -0.242514444793       -0.554335891534       -0.0758491875802      -0.0610584717089      
0.559055596336        -0.240180427963       -0.510961316676       -0.240180427963       -0.510961316676       -0.0724072486595      -0.0564252773636      
0.568874707698        -0.236953817929       -0.470044589282       -0.236953817929       -0.470044589282       -0.069073507756       -0.0520486999044      
0.57869381906         -0.232919910298       -0.431493397361       -0.232919910298       -0.431493397361       -0.0658319269784      -0.047918171534       
0.588512930422        -0.228186762883       -0.39520374674        -0.228186762883       -0.39520374674        -0.062680313802       -0.0440219120001      
0.598332041784        -0.222759432898       -0.36105051863        -0.222759432898       -0.36105051863        -0.0596003563496      -0.0403473693013      
0.608151153146        -0.2167102313         -0.32894354323        -0.2167102313         -0.32894354323        -0.0566128896182      -0.0368868407474      
0.617970264508        -0.210110951134       -0.298825943524       -0.210110951134       -0.298825943524       -0.0537059886015      -0.0336335162227      
0.62778937587         -0.203001636366       -0.270586862352       -0.203001636366       -0.270586862352       -0.050874244517       -0.0305765057858      
0.637608487232        -0.195442420068       -0.244187868922       -0.195442420068       -0.244187868922       -0.0481109175276      -0.0277112877222      
0.647427598593        -0.187477704674       -0.219540662038       -0.187477704674       -0.219540662038       -0.0454274542463      -0.0250299462314      
0.657246709955        -0.179175249356       -0.196603543749       -0.179175249356       -0.196603543749       -0.0428174783715      -0.0225270411669      
0.667065821317        -0.170548627153       -0.175306019168       -0.170548627153       -0.175306019168       -0.0402691790399      -0.02019579082        
0.676884932679        -0.161686914998       -0.155614810596       -0.161686914998       -0.155614810596       -0.0377974102443      -0.0180333369096      
0.686704044041        -0.152635674906       -0.137489343442       -0.152635674906       -0.137489343442       -0.0353931830279      -0.0160351170197      
0.696523155403        -0.143464753214       -0.120858448147       -0.143464753214       -0.120858448147       -0.0330637142151      -0.0141931231527      
0.706342266765        -0.134234441282       -0.105709849393       -0.134234441282       -0.105709849393       -0.0308064365188      -0.0125074635104      
0.716161378127        -0.125007383689       -0.0919795805757      -0.125007383689       -0.0919795805757      -0.0286255969722      -0.0109718007159      
0.725980489489        -0.115860773636       -0.0796198993554      -0.115860773636       -0.0796198993554      -0.0265226965295      -0.00958097275064     
0.735799600851        -0.106868338107       -0.0685721245247      -0.106868338107       -0.0685721245247      -0.0245027901792      -0.0083294061726      
0.745618712213        -0.0981025094545      -0.0587686428137      -0.0981025094545      -0.0587686428137      -0.0225693636271      -0.00721042492999     
0.755437823575        -0.0896292807193      -0.050133006473       -0.0896292807193      -0.050133006473       -0.0207249569936      -0.00621682761265     
0.765256934937        -0.0815068680548      -0.0425770748135      -0.0815068680548      -0.0425770748135      -0.0189729145268      -0.00533960801828     
0.775076046299        -0.0737902874497      -0.0360140688279      -0.0737902874497      -0.0360140688279      -0.0173163309458      -0.00457026812227     
0.784895157661        -0.0665147839824      -0.0303475960771      -0.0665147839824      -0.0303475960771      -0.0157560398515      -0.00389903244752     
0.794714269023        -0.0597076179595      -0.0254819861096      -0.0597076179595      -0.0254819861096      -0.0142926525249      -0.00331611929784     
0.804533380385        -0.053376041444       -0.0213223101799      -0.053376041444       -0.0213223101799      -0.0129240733555      -0.00281189964665     
0.814352491747        -0.0475271451618      -0.0177825311174      -0.0475271451618      -0.0177825311174      -0.011649833148       -0.00237743078975     
0.824171603109        -0.0421498572441      -0.014780154695       -0.0421498572441      -0.014780154695       -0.0104663690438      -0.0020040767543      
0.833990714471        -0.0372311132094      -0.0122418462012      -0.0372311132094      -0.0122418462012      -0.00937077279424     -0.00168409166459     
0.843809825833        -0.0327485029557      -0.0101013629128      -0.0327485029557      -0.0101013629128      -0.00835862683666     -0.00141037525806     
0.853628937195        -0.0286831722494      -0.00830222794708     -0.0286831722494      -0.00830222794708     -0.00742695953935     -0.00117692097632     
0.863448048557        -0.0250060932495      -0.00679312552168     -0.0250060932495      -0.00679312552168     -0.00657064233722     -0.000978080245041    
0.873267159918        -0.0216916552272      -0.00553083120443     -0.0216916552272      -0.00553083120443     -0.00578552441439     -0.000809111554121    
0.88308627128         -0.0187141385554      -0.0044779472179      -0.0187141385554      -0.0044779472179      -0.00506754922741     -0.000665843565789    
0.892905382642        -0.0160482092447      -0.0036027028569      -0.0160482092447      -0.0036027028569      -0.00441270232224     -0.000544720198418    
0.902724494004        -0.0136679421112      -0.00287738394845     -0.0136679421112      -0.00287738394845     -0.00381670939456     -0.000442569719319    
0.912543605366        -0.0115510676044      -0.00227892141436     -0.0115510676044      -0.00227892141436     -0.0032761395166      -0.000356735106488    
0.922362716728        -0.00967510645551     -0.00178735166568     -0.00967510645551     -0.00178735166568     -0.00278732303644     -0.000284887675523    
0.93218182809         -0.00801958063225     -0.00138578038551     -0.00801958063225     -0.00138578038551     -0.00234695462844     -0.000225030616612    
0.942000939452        -0.00656565573398     -0.0010598272015      -0.00656565573398     -0.0010598272015      -0.00195199038618     -0.000175434317803    
0.951820050814        -0.00529507945945     -0.000797145478272    -0.00529507945945     -0.000797145478272    -0.00159934324706     -0.000134595251255    
0.961639162176        -0.00419223236499     -0.00058740836015     -0.00419223236499     -0.00058740836015     -0.00128649395515     -0.00010123750169     
0.971458273538        -0.00324210947296     -0.000421702264359    -0.00324210947296     -0.000421702264359    -0.00101091040049     -7.42372335873e-05    
0.9812773849          -0.00243037237095     -0.000292397441696    -0.00243037237095     -0.000292397441696    -0.000770062833927    -5.26151523052e-05    
0.9822773849          -0.00235475281971     -0.000280983333488    -0.00235475281971     -0.000280983333488    -0.000747329417898    -5.06760386495e-05    
0.9992773849          -0.00126493758533     -0.000129619187371    -0.00126493758533     -0.000129619187371    -0.00041303225595     -2.43068826034e-05    
1.0162773849          -0.000517348797478    -4.22069681867e-05    -0.000517348797478    -4.22069681867e-05    -0.000174397213354    -8.17361944833e-06    
1.0332773849          -7.71141764946e-05    2.04447050446e-06     -7.71141764946e-05    2.04447050446e-06     -2.84111290541e-05    6.41684520582e-07     
1.0502773849          1.5422045581e-05      0.000104544139195     1.5422045581e-05      0.000104544139195     0.000435114399452     -0.000871605020776    
1.0672773849          1.73193757312e-05     0.000400844764314     1.73193757312e-05     0.000400844764314     0.000384475574228     -0.000700643439134    
1.0842773849          1.46251866308e-05     0.0007421403644       1.46251866308e-05     0.0007421403644       0.000343712184726     -0.000507765716966    
1.1012773849          1.00657835339e-05     0.00108258998906      1.00657835339e-05     0.00108258998906      0.0003085525044       -0.000311027799453    
1.1022773849          9.77548320215e-06     0.00110208771159      9.77548320215e-06     0.00110208771159      0.000306626784775     -0.000299548140887    
1.11074646617         7.2987779447e-06      0.00126362716114      7.2987779447e-06      0.00126362716114      0.000290841177436     -0.000203181916977    
1.11921554745         4.86260882e-06        0.00141794653299      4.86260882e-06        0.00141794653299      0.000275966606102     -0.000108831937656    
1.12768462872         2.5459315565e-06      0.00156404589023      2.5459315565e-06      0.00156404589023      0.000261929032291     -1.70159314894e-05    
1.13615371            4.03801064184e-07     0.00170121984444      4.03801064184e-07     0.00170121984444      0.000248662793742     7.18691101841e-05     
1.14462279127         -1.52720691069e-06    0.00182879727354      -1.52720691069e-06    0.00182879727354      0.000236085053486     0.000157498980434     
1.15309187255         -3.22530773667e-06    0.00194684375878      -3.22530773667e-06    0.00194684375878      0.00022419481609      0.000239659406004     
1.16156095382         -4.6796447258e-06     0.00205489633153      -4.6796447258e-06     0.00205489633153      0.000212907722524     0.000318140162024     
1.1700300351          -5.88865491464e-06    0.00215307602827      -5.88865491464e-06    0.00215307602827      0.000202202528946     0.00039282330188      
1.17849911637         -6.85728826281e-06    0.00224142798829      -6.85728826281e-06    0.00224142798829      0.000192041112317     0.000463612759387     
1.18696819765         -7.5938989899e-06     0.00231958204773      -7.5938989899e-06     0.00231958204773      0.000182350704531     0.000530331651343     
1.19543727892         -8.11636441073e-06    0.00238901191863      -8.11636441073e-06    0.00238901191863      0.00017320312437      0.000593233578886     
1.20390636019         -8.43736340426e-06    0.00244884199136      -8.43736340426e-06    0.00244884199136      0.000164481976706     0.00065205471745      
1.21237544147         -8.57578294549e-06    0.00249961505574      -8.57578294549e-06    0.00249961505574      0.000156183473742     0.000706860771522     
1.22084452274         -8.55051231086e-06    0.00254159035297      -8.55051231086e-06    0.00254159035297      0.000148281884911     0.000757660206279     
1.22931360402         -8.38144258934e-06    0.00257521643732      -8.38144258934e-06    0.00257521643732      0.000140762766399     0.000804526024512     
1.23778268529         -8.08759598926e-06    0.00260070309434      -8.08759598926e-06    0.00260070309434      0.000133598262523     0.000847467473378     
1.24625176657         -7.68847258899e-06    0.00261853511598      -7.68847258899e-06    0.00261853511598      0.000126776291149     0.000886586661482     
1.25472084784         -7.2022597439e-06     0.00262900285243      -7.2022597439e-06     0.00262900285243      0.000120275195106     0.000921930631973     
1.26318992912         -6.64617020155e-06    0.00263234028948      -6.64617020155e-06    0.00263234028948      0.000114072610276     0.000953528623156     
1.27165901039         -6.03723096342e-06    0.00262909963016      -6.03723096342e-06    0.00262909963016      0.000108161365758     0.000981528793267     
1.28012809167         -5.39028655058e-06    0.0026194157259       -5.39028655058e-06    0.0026194157259       0.000102517303788     0.00100593317078      
1.28859717294         -4.72002888852e-06    0.00260388648365      -4.72002888852e-06    0.00260388648365      9.71362958109e-05     0.00102692233186      
1.29706625421         -4.0390532518e-06     0.00258272249418      -4.0390532518e-06     0.00258272249418      9.19996650782e-05     0.00104453548795      
1.30553533549         -3.35894672807e-06    0.0025562333024       -3.35894672807e-06    0.0025562333024       8.70940592103e-05     0.00105885243687      
1.31400441676         -2.69017506407e-06    0.00252483623936      -2.69017506407e-06    0.00252483623936      8.24107818163e-05     0.00107000239522      
1.32247349804         -2.04175936173e-06    0.00248881245296      -2.04175936173e-06    0.00248881245296      7.79373491227e-05     0.00107806360133      
1.33094257931         -1.42175664922e-06    0.00244881543564      -1.42175664922e-06    0.00244881543564      7.36736280416e-05     0.00108328215116      
1.33941166059         -8.36267079503e-07    0.00240417458968      -8.36267079503e-07    0.00240417458968      6.95804934993e-05     0.00108532326586      
1.34788074186         -2.91396905768e-07    0.0023561956448       -2.91396905768e-07    0.0023561956448       6.56790823476e-05     0.00108473128589      
1.35634982314         2.08603445429e-07     0.0023047748246       2.08603445429e-07     0.0023047748246       6.19491427749e-05     0.00108142974359      
1.36481890441         6.60313974592e-07     0.00225031502671      6.60313974592e-07     0.00225031502671      5.83859416814e-05     0.0010755747964       
1.37328798568         1.06126643237e-06     0.002192996365        1.06126643237e-06     0.002192996365        5.49794405156e-05     0.00106722273385      
1.38175706696         1.40989135061e-06     0.00213310036346      1.40989135061e-06     0.00213310036346      5.17230646939e-05     0.00105648115784      
1.39022614823         1.70544157994e-06     0.00207087672472      1.70544157994e-06     0.00207087672472      4.8610074663e-05      0.00104344652784      
1.39869522951         1.94805020252e-06     0.00200668774105      1.94805020252e-06     0.00200668774105      4.56369089668e-05     0.00102827700091      
1.40716431078         2.1383789325e-06      0.00194067495415      2.1383789325e-06      0.00194067495415      4.27953853999e-05     0.00101102377359      
1.41563339206         2.2777997824e-06      0.00187307959106      2.2777997824e-06      0.00187307959106      4.00802664529e-05     0.000991791613926     
1.42410247333         2.36887355848e-06     0.00180460250299      2.36887355848e-06     0.00180460250299      3.74963367748e-05     0.000970937027497     
1.43257155461         2.41233359659e-06     0.00173415096762      2.41233359659e-06     0.00173415096762      3.50115172274e-05     0.000947856512198     
1.44104063588         2.41263571613e-06     0.00166313375764      2.41263571613e-06     0.00166313375764      3.26462839535e-05     0.000923294451054     
1.44950971716         2.37261418244e-06     0.00159141116906      2.37261418244e-06     0.00159141116906      3.03892559446e-05     0.000897167385602     
1.45797879843         2.29588620167e-06     0.00151918370508      2.29588620167e-06     0.00151918370508      2.82365128194e-05     0.000869578781743     
1.4664478797          2.18635501404e-06     0.00144665406662      2.18635501404e-06     0.00144665406662      2.61845224795e-05     0.000840637484645     
1.47491696098         2.04796100728e-06     0.00137389843754      2.04796100728e-06     0.00137389843754      2.42278334573e-05     0.000810382062468     
1.48338604225         1.88524302378e-06     0.00130127448776      1.88524302378e-06     0.00130127448776      2.23663358881e-05     0.000779019718174     
1.49185512353         1.70238370885e-06     0.00122881826377      1.70238370885e-06     0.00122881826377      2.05944994147e-05     0.000746572499801     
1.5003242048          1.50384611542e-06     0.00115669790638      1.50384611542e-06     0.00115669790638      1.8909454807e-05      0.000713142908618     
1.50879328608         1.29421429739e-06     0.00108515571451      1.29421429739e-06     0.00108515571451      1.73097552336e-05     0.000678883737347     
1.51726236735         1.07787024342e-06     0.00101429588833      1.07787024342e-06     0.00101429588833      1.57919063617e-05     0.000643866883662     
1.52573144863         8.59216514829e-07     0.000944285259535     8.59216514829e-07     0.000944285259535     1.43536564023e-05     0.000608206515887     
1.5342005299          6.42499675288e-07     0.00087523426451      6.42499675288e-07     0.00087523426451      1.2992088581e-05      0.000571984331389     
1.54266961118         4.31923784466e-07     0.000807394293107     4.31923784466e-07     0.000807394293107     1.17065593813e-05     0.00053537791072      
1.55113869245         2.3135383473e-07      0.000740822923893     2.3135383473e-07      0.000740822923893     1.049369591e-05       0.000498442455248     
1.55960777372         4.45077464938e-08     0.000675699302221     4.45077464938e-08     0.000675699302221     9.35206785629e-06     0.000461316821934     
1.568076855           -1.25202613654e-07    0.000612187001255     -1.25202613654e-07    0.000612187001255     8.28011352812e-06     0.000424134684795     
1.57654593627         -2.74672708006e-07    0.000550382625502     -2.74672708006e-07    0.000550382625502     7.27547216239e-06     0.000386987788828     
1.58501501755         -4.01215389672e-07    0.000490522433022     -4.01215389672e-07    0.000490522433022     6.33773878225e-06     0.000350070112556     
1.59348409882         -5.02497221571e-07    0.0004326952749       -5.02497221571e-07    0.0004326952749       5.46461818057e-06     0.000313477456343     
1.6019531801          -5.76790930847e-07    0.000377142629216     -5.76790930847e-07    0.000377142629216     4.65583127963e-06     0.00027742036647      
1.61042226137         -6.22705566053e-07    0.000323947434544     -6.22705566053e-07    0.000323947434544     3.90913183068e-06     0.000242000369706     
1.61889134265         -6.39700693023e-07    0.000273367352907     -6.39700693023e-07    0.000273367352907     3.22444709572e-06     0.000207453923712     
1.62736042392         -6.27815233167e-07    0.000225588554322     -6.27815233167e-07    0.000225588554322     2.60079149299e-06     0.000173973062446     
1.6358295052          -5.87977813928e-07    0.0001808511732       -5.87977813928e-07    0.0001808511732       2.03776891747e-06     0.000141799609573     
1.64429858647         -5.22303550844e-07    0.000139478947544     -5.22303550844e-07    0.000139478947544     1.53582140263e-06     0.000111252421645     
1.65276766774         -4.33954084318e-07    0.000101780040464     -4.33954084318e-07    0.000101780040464     1.09505091491e-06     8.26528387681e-05     
1.66123674902         -3.28033162178e-07    6.82238744909e-05     -3.28033162178e-07    6.82238744909e-05     7.17094693093e-07     5.646998692e-05       
1.66970583029         -2.12144686052e-07    3.94438056877e-05     -2.12144686052e-07    3.94438056877e-05     4.0495193564e-07      3.33354194193e-05     
1.67817491157         -9.83838527527e-08    1.64675922919e-05     -9.83838527527e-08    1.64675922919e-05     1.65098213672e-07     1.42556874199e-05     
1.68664399284         -1.03902716318e-08    1.57517912143e-06     -1.03902716318e-08    1.57517912143e-06     1.54176940042e-08     1.41004728217e-06     
1.69511307412         7.35808420613e-06     5.33022669188e-08     7.35808420613e-06     5.33022669188e-08     6.77943064285e-06     -1.02756273711e-06    
1.70358215539         2.6873353592e-05      2.12780332992e-07     2.6873353592e-05      2.12780332992e-07     2.49403800398e-05     -3.88324466317e-06    
1.71205123667         5.35567034816e-05     4.61544469999e-07     5.35567034816e-05     4.61544469999e-07     5.00632862153e-05     -7.99949088907e-06    
1.72052031794         8.60258487931e-05     8.03828713919e-07     8.60258487931e-05     8.03828713919e-07     8.09899611549e-05     -1.32686750706e-05    
1.72898939922         0.000123536114293     1.2472800387e-06      0.000123536114293     1.2472800387e-06      0.000117129431405     -1.96581511541e-05    
1.73745848049         0.000165595355542     1.80089395579e-06     0.000165595355542     1.80089395579e-06     0.000158111708363     -2.71625442952e-05    
1.74592756176         0.000211840814195     2.47439967197e-06     0.000211840814195     2.47439967197e-06     0.000203677903067     -3.57890604321e-05    
1.75439664304         0.00026198548412      3.2779995929e-06      0.00026198548412      3.2779995929e-06      0.000253632677091     -4.55512889664e-05    
1.76286572431         0.000315790557413     4.22223208058e-06     0.000315790557413     4.22223208058e-06     0.000307819954072     -5.64661034651e-05    
1.77133480559         0.000373049691622     5.31788610582e-06     0.000373049691622     5.31788610582e-06     0.000366109121367     -6.85519300381e-05    
1.77980388686         0.000433579339184     6.57594064394e-06     0.000433579339184     6.57594064394e-06     0.000428386586213     -8.1827700061e-05     
1.78827296814         0.000497212471972     8.00751697225e-06     0.000497212471972     8.00751697225e-06     0.00049455031785      -9.63121776753e-05    
1.79674204941         0.000563794337746     9.62383818323e-06     0.000563794337746     9.62383818323e-06     0.000564506169976     -0.000112023507247    
1.80521113069         0.000633179497502     1.14361929824e-05     0.000633179497502     1.14361929824e-05     0.000638165321911     -0.000128978897302    
1.81368021196         0.000705229704722     1.345590218e-05       0.000705229704722     1.345590218e-05       0.000715442453225     -0.000147194393169    
1.82214929323         0.000779812357324     1.56942869812e-05     0.000779812357324     1.56942869812e-05     0.0007962544165       -0.000166684709638    
1.83061837451         0.000856799350415     1.81626385569e-05     0.000856799350415     1.81626385569e-05     0.000880519258423     -0.000187463105678    
1.83908745578         0.000936066216466     2.08721885958e-05     0.000936066216466     2.08721885958e-05     0.000968155490809     -0.000209541289603    
1.84755653706         0.00101749147582      2.38340806653e-05     0.00101749147582      2.38340806653e-05     0.0010590815448       -0.000232929346939    
1.85602561833         0.00110095614385      2.70593422862e-05     0.00110095614385      2.70593422862e-05     0.00115321536198      -0.00025763568568     
1.86449469961         0.00118634335661      3.05588576725e-05     0.00118634335661      3.05588576725e-05     0.00125047408936      -0.00028366699521     
1.87296378088         0.00127353808708      3.43433411198e-05     0.00127353808708      3.43433411198e-05     0.00135077385458      -0.000311028216226    
1.88143286216         0.00136242693181      3.84233110469e-05     0.00136242693181      3.84233110469e-05     0.00145402960372      -0.000339722519729    
1.88990194343         0.00145289795226      4.28090646969e-05     0.00145289795226      4.28090646969e-05     0.00156015498838      -0.000369751293577    
1.89837102471         0.00154484055949      4.75106535257e-05     0.00154484055949      4.75106535257e-05     0.00166906229233      -0.000401114135543    
1.90684010598         0.00163814543302      5.25378592993e-05     0.00163814543302      5.25378592993e-05     0.00178066238976      -0.000433808852013    
1.91530918725         0.00173270446685      5.79001709266e-05     0.00173270446685      5.79001709266e-05     0.0018948647293       -0.000467831461612    
1.92377826853         0.00182841073742      6.36067620581e-05     0.00182841073742      6.36067620581e-05     0.00201157733899      -0.000503176203277    
1.9322473498          0.00192515848869      6.9666469475e-05      0.00192515848869      6.9666469475e-05      0.00213070684843      -0.000539835548267    
1.94071643108         0.00202284313127      7.60877722981e-05     0.00202284313127      7.60877722981e-05     0.0022521585251       -0.0005778002158      
1.94918551235         0.00212136125259      8.28787720419e-05     0.00212136125259      8.28787720419e-05     0.00237583632236      -0.000617059191979    
1.95765459363         0.00222061063572      9.00471735347e-05     0.00222061063572      9.00471735347e-05     0.00250164293708      -0.000657599751726    
1.9661236749          0.00232049028529      9.76002667337e-05     0.00232049028529      9.76002667337e-05     0.00262947987535      -0.000699407483534    
1.97459275618         0.00242090045876      0.000105544909455     0.00242090045876      0.000105544909455     0.00275924752483      -0.000742466316829    
1.98306183745         0.00252174270084      0.000113887510988     0.00252174270084      0.000113887510988     0.00289084523146      -0.00078675855143     
1.99153091873         0.00262291988362      0.000122634016776     0.00262291988362      0.000122634016776     0.00302417138359      -0.000832264890054    
2                     0.00272433624483      0.00013178989388      0.00272433624483      0.00013178989388      0.00315912349519      -0.000878964471678    
2.001                 0.00273632251608      0.000132898247695     0.00273632251608      0.000132898247695     0.00317516069968      -0.000884556334938    
2.18280808081         0.00480680670799      0.000433445521953     0.00480680670799      0.000433445521953     0.00626732739468      -0.00212193207546     
2.36461616162         0.0062338196718       0.000903389083873     0.0062338196718       0.000903389083873     0.00904855016866      -0.00353588311772     
2.54642424242         0.00669702734959      0.00142776941369      0.00669702734959      0.00142776941369      0.0107493733008       -0.00469625671249     
2.72823232323         0.00625238699317      0.00184749332957      0.00625238699317      0.00184749332957      0.0110411779052       -0.00527864023982     
2.91004040404         0.00519415437457      0.00203807968271      0.00519415437457      0.00203807968271      0.0100516816196       -0.0051786414635      
3.09184848485         0.00388961558699      0.00196262300853      0.00388961558699      0.00196262300853      0.00822298133119      -0.00451323008572     
3.27365656566         0.00264616601287      0.00167482086383      0.00264616601287      0.00167482086383      0.00609613623624      -0.00353291603542     
3.45546464646         0.00164418062044      0.00127981131985      0.00164418062044      0.00127981131985      0.0041193804159       -0.00250302238371     
3.63727272727         0.00093679134168      0.000882564092503     0.00093679134168      0.000882564092503     0.00254843425107      -0.00161425937699     
3.81908080808         0.000491021142171     0.000552604298693     0.000491021142171     0.000552604298693     0.00144853049615      -0.00095201153537     
4.00088888889         0.00023739885499      0.000315699328262     0.00023739885499      0.000315699328262     0.000758711740744     -0.000515333045272    
4.1826969697          0.000106102745956     0.000165212364396     0.000106102745956     0.000165212364396     0.000367096410735     -0.000256821980248    
4.36450505051         4.39146176025e-05     7.94531895632e-05     4.39146176025e-05     7.94531895632e-05     0.00016440049308      -0.000118127134911    
4.54631313131         1.68551791841e-05     3.5205091303e-05      1.68551791841e-05     3.5205091303e-05      6.82569181361e-05     -5.02471021832e-05    
4.72812121212         6.00587752474e-06     1.44025390251e-05     6.00587752474e-06     1.44025390251e-05     2.6307352056e-05      -1.97980214535e-05    
4.90992929293         1.98843236282e-06     5.44953934482e-06     1.98843236282e-06     5.44953934482e-06     9.42223682627e-06     -7.23530864784e-06    
5.09173737374         6.12104878779e-07     1.90978787206e-06     6.12104878779e-07     1.90978787206e-06     3.13872708934e-06     -2.45521742387e-06    
5.27354545455         1.75284989144e-07     6.20626575622e-07     1.75284989144e-07     6.20626575622e-07     9.73166932639e-07     -7.74308453819e-07    
5.45535353535         4.67128976396e-08     1.87210399168e-07     4.67128976396e-08     1.87210399168e-07     2.81006438831e-07     -2.27122479605e-07    
5.63716161616         1.15884739062e-08     5.24630712557e-08     1.15884739062e-08     5.24630712557e-08     7.56068822157e-08     -6.20024979691e-08    
5.81896969697         2.67668895538e-09     1.36684404011e-08     2.67668895538e-09     1.36684404011e-08     1.89631921691e-08     -1.57616599394e-08    
6.00077777778         5.75706404068e-10     3.31283797516e-09     5.75706404068e-10     3.31283797516e-09     4.43536658309e-09     -3.73290022397e-09    
6.18258585859         1.15305847555e-10     7.47371389355e-10     1.15305847555e-10     7.47371389355e-10     9.67736602928e-10     -8.23992905766e-10    
6.36439393939         2.15045974837e-11     1.57013753685e-10     2.15045974837e-11     1.57013753685e-10     1.97023835491e-10     -1.6958685796e-10     
6.5462020202          3.73410804085e-12     3.07317333883e-11     3.73410804085e-12     3.07317333883e-11     3.74388128405e-11     -3.25529838875e-11    
6.72801010101         6.036236981e-13       5.60643948543e-12     6.036236981e-13       5.60643948543e-12     6.64206079183e-12     -5.83018196826e-12    
6.90981818182         9.0920768658e-14      9.54797656149e-13     9.0920768658e-14      9.54797656149e-13     1.10172979039e-12     -9.75672675647e-13    
7.09162626263         1.26305667846e-14     1.50356184154e-13     1.26305667846e-14     1.50356184154e-13     1.6921833028e-13      -1.5110782272e-13     
7.27343434343         1.58197062474e-15     2.14208431493e-14     1.58197062474e-15     2.14208431493e-14     2.35446295174e-14     -2.11895536999e-14    
7.45524242424         3.03658957045e-16     4.69775324702e-15     3.03658957045e-16     4.69775324702e-15     5.04892413852e-15     -4.57737362816e-15    
7.63705050505         3.46938058399e-17     6.16712969502e-16     3.46938058399e-17     6.16712969502e-16     6.48829761724e-16     -5.92309299383e-16    
7.81885858586         3.2386362467e-17      6.66277943131e-16     3.2386362467e-17      6.66277943131e-16     6.8689931554e-16      -6.31157690408e-16    
8.00066666667         2.98765308241e-17     7.17955006118e-16     2.98765308241e-17     7.17955006118e-16     7.26012779285e-16     -6.71205504308e-16    
8.18247474747         2.71672002569e-17     7.71753246367e-16     2.71672002569e-17     7.71753246367e-16     7.66170964949e-16     -7.1244995168e-16     
8.36428282828         2.4261162332e-17      8.2768108126e-16      2.4261162332e-17      8.2768108126e-16      8.07374757801e-16     -7.54888375807e-16    
8.54609090909         2.11611109614e-17     8.85746317031e-16     2.11611109614e-17     8.85746317031e-16     8.49625103474e-16     -7.98518246102e-16    
8.7278989899          1.78696433869e-17     9.45956202036e-16     1.78696433869e-17     9.45956202036e-16     8.92922996816e-16     -8.43337151672e-16    
8.90970707071         1.43892618169e-17     1.00831747462e-15     1.43892618169e-17     1.00831747462e-15     9.37269472253e-16     -8.89342795065e-16    
9.09151515152         1.07223755467e-17     1.07283640618e-15     1.07223755467e-17     1.07283640618e-15     9.82665595483e-16     -9.36532986236e-16    
9.27332323232         6.8713034304e-18      1.13951884005e-15     6.8713034304e-18      1.13951884005e-15     1.02911245629e-15     -9.84905636761e-16    
9.45513131313         2.8382766004e-18      1.20837022654e-15     2.8382766004e-18      1.20837022654e-15     1.07661116238e-15     -1.03445875432e-15    
9.63693939394         -1.37455865057e-18    1.27939565469e-15     -1.37455865057e-18    1.27939565469e-15     1.12516283402e-15     -1.08519043747e-15    
9.81874747475         -5.76513788855e-18    1.35259988098e-15     -5.76513788855e-18    1.35259988098e-15     1.17476859947e-15     -1.13709887064e-15    
10.0005555556         -1.03314755109e-17    1.42798735544e-15     -1.03314755109e-17    1.42798735544e-15     1.22542959104e-15     -1.19018231945e-15    
10.1823636364         -1.50716617116e-17    1.50556224531e-15     -1.50716617116e-17    1.50556224531e-15     1.27714694169e-15     -1.24443912629e-15    
10.3641717172         -1.99838594705e-17    1.58532845659e-15     -1.99838594705e-17    1.58532845659e-15     1.32992178216e-15     -1.2998677061e-15     
10.545979798          -2.50663015896e-17    1.66728965369e-15     -2.50663015896e-17    1.66728965369e-15     1.38375523842e-15     -1.35646654245e-15    
10.7277878788         -3.03172877941e-17    1.7514492773e-15      -3.03172877941e-17    1.7514492773e-15      1.43864842967e-15     -1.41423418382e-15    
10.9095959596         -3.57351819111e-17    1.83781056079e-15     -3.57351819111e-17    1.83781056079e-15     1.49460246643e-15     -1.47316924013e-15    
11.0914040404         -4.13184091356e-17    1.92637654514e-15     -4.13184091356e-17    1.92637654514e-15     1.55161844911e-15     -1.53327037941e-15    
11.2732121212         -4.70654533887e-17    2.01715009267e-15     -4.70654533887e-17    2.01715009267e-15     1.6096974667e-15      -1.5945363248e-15     
11.455020202          -5.29748547741e-17    2.11013389955e-15     -5.29748547741e-17    2.11013389955e-15     1.6688405957e-15      -1.65696585156e-15    
11.6368282828         -5.90452071321e-17    2.20533050736e-15     -5.90452071321e-17    2.20533050736e-15     1.72904889927e-15     -1.72055778442e-15    
11.8186363636         -6.52751556949e-17    2.30274231369e-15     -6.52751556949e-17    2.30274231369e-15     1.79032342649e-15     -1.78531099496e-15    
12.0004444444         -7.16633948394e-17    2.40237158184e-15     -7.16633948394e-17    2.40237158184e-15     1.85266521176e-15     -1.85122439926e-15    
12.1822525253         -7.82086659387e-17    2.50422044985e-15     -7.82086659387e-17    2.50422044985e-15     1.91607527438e-15     -1.91829695557e-15    
12.3640606061         -8.49097553091e-17    2.60829093873e-15     -8.49097553091e-17    2.60829093873e-15     1.98055461818e-15     -1.98652766226e-15    
12.5458686869         -9.17654922495e-17    2.7145849601e-15      -9.17654922495e-17    2.7145849601e-15      2.04610423124e-15     -2.05591555576e-15    
12.7276767677         -9.8774747172e-17     2.82310432325e-15     -9.8774747172e-17     2.82310432325e-15     2.1127250857e-15      -2.12645970868e-15    
12.9094848485         -1.05936429819e-16    2.93385074168e-15     -1.05936429819e-16    2.93385074168e-15     2.18041813769e-15     -2.19815922808e-15    
13.0912929293         -1.13249487564e-16    3.04682583909e-15     -1.13249487564e-16    3.04682583909e-15     2.2491843272e-15      -2.27101325374e-15    
13.2731010101         -1.20712903793e-16    3.16203115499e-15     -1.20712903793e-16    3.16203115499e-15     2.31902457816e-15     -2.34502095662e-15    
13.4549090909         -1.28325696365e-16    3.27946814992e-15     -1.28325696365e-16    3.27946814992e-15     2.3899397984e-15      -2.4201815374e-15     
13.6367171717         -1.36086916139e-16    3.39913821018e-15     -1.36086916139e-16    3.39913821018e-15     2.46193087975e-15     -2.49649422502e-15    
13.8185252525         -1.43995645584e-16    3.5210426524e-15      -1.43995645584e-16    3.5210426524e-15      2.53499869819e-15     -2.57395827542e-15    
14.0003333333         -1.5205099744e-16     3.64518272761e-15     -1.5205099744e-16     3.64518272761e-15     2.60914411393e-15     -2.65257297024e-15    
14.1821414141         -1.6025211346e-16     3.77155962514e-15     -1.6025211346e-16     3.77155962514e-15     2.68436797159e-15     -2.73233761571e-15    
14.3639494949         -1.68598163198e-16    3.90017447622e-15     -1.68598163198e-16    3.90017447622e-15     2.7606711004e-15      -2.81325154147e-15    
14.5457575758         -1.77088342862e-16    4.03102835735e-15     -1.77088342862e-16    4.03102835735e-15     2.83805431435e-15     -2.89531409958e-15    
14.7275656566         -1.85721874224e-16    4.16412229339e-15     -1.85721874224e-16    4.16412229339e-15     2.91651841246e-15     -2.97852466349e-15    
14.9093737374         -1.94498003576e-16    4.2994572605e-15      -1.94498003576e-16    4.2994572605e-15      2.99606417895e-15     -3.0628826271e-15     
15.0911818182         -2.03416000736e-16    4.43703418888e-15     -2.03416000736e-16    4.43703418888e-15     3.0766923835e-15      -3.1483874039e-15     
15.272989899          -2.12475158112e-16    4.57685396531e-15     -2.12475158112e-16    4.57685396531e-15     3.15840378148e-15     -3.2350384261e-15     
15.4547979798         -2.21674789791e-16    4.71891743551e-15     -2.21674789791e-16    4.71891743551e-15     3.24119911418e-15     -3.32283514386e-15    
15.6366060606         -2.31014230691e-16    4.86322540641e-15     -2.31014230691e-16    4.86322540641e-15     3.32507910908e-15     -3.4117770245e-15     
15.8184141414         -2.40492835738e-16    5.00977864823e-15     -2.40492835738e-16    5.00977864823e-15     3.4100444801e-15      -3.50186355182e-15    
16.0002222222         -2.50109979087e-16    5.15857789642e-15     -2.50109979087e-16    5.15857789642e-15     3.49609592782e-15     -3.59309422537e-15    
16.182030303          -2.5986505338e-16     5.30962385351e-15     -2.5986505338e-16     5.30962385351e-15     3.58323413978e-15     -3.68546855988e-15    
16.3638383838         -2.69757469037e-16    5.46291719085e-15     -2.69757469037e-16    5.46291719085e-15     3.6714597907e-15      -3.77898608457e-15    
16.5456464646         -2.79786653578e-16    5.6184585502e-15      -2.79786653578e-16    5.6184585502e-15      3.76077354275e-15     -3.87364634262e-15    
16.7274545455         -2.89952050979e-16    5.77624854528e-15     -2.89952050979e-16    5.77624854528e-15     3.85117604579e-15     -3.96944889058e-15    
16.9092626263         -3.00253121052e-16    5.93628776318e-15     -3.00253121052e-16    5.93628776318e-15     3.94266793761e-15     -4.06639329788e-15    
17.0910707071         -3.10689338861e-16    6.09857676571e-15     -3.10689338861e-16    6.09857676571e-15     4.03524984422e-15     -4.1644791463e-15     
17.2728787879         -3.21260194156e-16    6.26311609068e-15     -3.21260194156e-16    6.26311609068e-15     4.12892238005e-15     -4.26370602951e-15    
17.4546868687         -3.31965190839e-16    6.42990625308e-15     -3.31965190839e-16    6.42990625308e-15     4.22368614819e-15     -4.3640735526e-15     
17.6364949495         -3.42803846444e-16    6.59894774619e-15     -3.42803846444e-16    6.59894774619e-15     4.31954174068e-15     -4.46558133167e-15    
17.8183030303         -3.53775691655e-16    6.77024104268e-15     -3.53775691655e-16    6.77024104268e-15     4.41648973869e-15     -4.5682289934e-15     
18.0001111111         -3.64880269827e-16    6.94378659559e-15     -3.64880269827e-16    6.94378659559e-15     4.51453071276e-15     -4.67201617465e-15    
18.1819191919         -3.76117136544e-16    7.11958483924e-15     -3.76117136544e-16    7.11958483924e-15     4.61366522307e-15     -4.77694252213e-15    
18.3637272727         -3.87485859185e-16    7.29763619019e-15     -3.87485859185e-16    7.29763619019e-15     4.71389381959e-15     -4.88300769198e-15    
18.5455353535         -3.98986016513e-16    7.47794104801e-15     -3.98986016513e-16    7.47794104801e-15     4.81521704237e-15     -4.99021134948e-15    
18.7273434343         -4.10617198282e-16    7.66049979614e-15     -4.10617198282e-16    7.66049979614e-15     4.91763542171e-15     -5.09855316868e-15    
18.9091515152         -4.22379004859e-16    7.84531280259e-15     -4.22379004859e-16    7.84531280259e-15     5.02114947839e-15     -5.20803283213e-15    
19.090959596          -4.34271046861e-16    8.03238042068e-15     -4.34271046861e-16    8.03238042068e-15     5.12575972386e-15     -5.31865003056e-15    
19.2727676768         -4.46292944811e-16    8.2217029897e-15      -4.46292944811e-16    8.2217029897e-15      5.23146666046e-15     -5.4304044626e-15     
19.4545757576         -4.58444328805e-16    8.41328083558e-15     -4.58444328805e-16    8.41328083558e-15     5.33827078162e-15     -5.5432958345e-15     
19.6363838384         -4.70724838189e-16    8.60711427145e-15     -4.70724838189e-16    8.60711427145e-15     5.44617257202e-15     -5.65732385988e-15    
19.8181919192         -4.83134121261e-16    8.80320359824e-15     -4.83134121261e-16    8.80320359824e-15     5.55517250782e-15     -5.77248825948e-15    
20                    0                     0                     0                     0                     0                     0                     
