0.0779191396          0                     0                     0                     0                     0                     0                     
0.0877413691434       0.0305027006616       -0.338389232614       0.0305027006616       -0.338389232614       -0.0101602986885      -0.0383195341261      
0.0975635986868       0.126778419299        -1.31488184148        0.126778419299        -1.31488184148        -0.0493453705872      -0.150195743883       
0.10738582823         0.230347106647        -2.41069688986        0.230347106647        -2.41069688986        -0.105082422731       -0.276531113685       
0.117208057774        0.301857866735        -3.33660463458        0.301857866735        -3.33660463458        -0.162812182296       -0.383608848207       
0.127030287317        0.331130820807        -4.01277339443        0.331130820807        -4.01277339443        -0.214427386169       -0.462037389291       
0.136852516861        0.322465049635        -4.450921789          0.322465049635        -4.450921789          -0.256740646335       -0.513167780896       
0.146674746404        0.284991668376        -4.69229622901        0.284991668376        -4.69229622901        -0.2892551687         -0.541735357656       
0.156496975947        0.228183341552        -4.78286291407        0.228183341552        -4.78286291407        -0.312704643466       -0.552765456882       
0.166319205491        0.159969756801        -4.76218508923        0.159969756801        -4.76218508923        -0.328464894108       -0.55105575693        
0.176141435034        0.0863218397043       -4.663130227          0.0863218397043       -4.663130227          -0.337843183348       -0.540269333312       
0.185963664578        0.0117381053772       -4.51001641942        0.0117381053772       -4.51001641942        -0.342061491666       -0.523125711976       
0.195785894121        -0.0607620461147      -4.32181761288        -0.0607620461147      -4.32181761288        -0.342218113343       -0.501944046834       
0.205608123664        -0.129233508545       -4.11207624748        -0.129233508545       -4.11207624748        -0.339227799299       -0.478192864758       
0.215430353208        -0.192307758191       -3.89096891169        -0.192307758191       -3.89096891169        -0.333820878597       -0.453052053866       
0.225252582751        -0.249523973808       -3.66551142497        -0.249523973808       -3.66551142497        -0.326593132187       -0.427361100835       
0.235074812295        -0.300500969885       -3.44086358658        -0.300500969885       -3.44086358658        -0.318008487596       -0.401637499948       
0.244897041838        -0.345180140719       -3.22062792611        -0.345180140719       -3.22062792611        -0.308426009205       -0.376338457623       
0.254719271382        -0.38406670204        -3.00693647729        -0.38406670204        -3.00693647729        -0.298255599471       -0.351831604407       
0.264541500925        -0.417082485291       -2.80152330626        -0.417082485291       -2.80152330626        -0.287639822427       -0.328236046048       
0.274363730468        -0.444695000287       -2.60532797332        -0.444695000287       -2.60532797332        -0.276777114918       -0.305639293024       
0.284185960012        -0.46727448505        -2.41882835669        -0.46727448505        -2.41882835669        -0.265815452424       -0.284099973508       
0.294008189555        -0.485190239573       -2.24220394469        -0.485190239573       -2.24220394469        -0.254864057256       -0.263698709329       
0.303830419099        -0.498929935473       -2.07547515855        -0.498929935473       -2.07547515855        -0.243989590534       -0.244358648747       
0.313652648642        -0.508749473634       -1.91837553467        -0.508749473634       -1.91837553467        -0.233291821543       -0.226148354089       
0.323474878186        -0.515043359152       -1.77072813821        -0.515043359152       -1.77072813821        -0.2227943372         -0.208985941162       
0.333297107729        -0.518145227344       -1.63207551654        -0.518145227344       -1.63207551654        -0.212531273118       -0.192865247495       
0.343119337272        -0.518395404885       -1.50218436143        -0.518395404885       -1.50218436143        -0.202519748575       -0.177718480445       
0.352941566816        -0.516050021348       -1.38052193733        -0.516050021348       -1.38052193733        -0.192802485886       -0.163547367449       
0.362763796359        -0.511363845881       -1.26669572413        -0.511363845881       -1.26669572413        -0.183369532703       -0.150272509774       
0.372586025903        -0.504618764102       -1.16031229363        -0.504618764102       -1.16031229363        -0.174232445155       -0.137860896969       
0.382408255446        -0.496000499358       -1.06097239919        -0.496000499358       -1.06097239919        -0.165378225901       -0.126249326719       
0.392230484989        -0.485757577412       -0.968251241972       -0.485757577412       -0.968251241972       -0.156828706559       -0.115419925025       
0.402052714533        -0.47398478003        -0.881836681381       -0.47398478003        -0.881836681381       -0.148562943542       -0.105322862298       
0.411874944076        -0.460940152865       -0.801333652384       -0.460940152865       -0.801333652384       -0.140579830157       -0.0959034819042      
0.42169717362         -0.446747753772       -0.726424746846       -0.446747753772       -0.726424746846       -0.132876952873       -0.0871430378479      
0.431519403163        -0.431551889572       -0.656821391072       -0.431551889572       -0.656821391072       -0.125448283066       -0.0789969714522      
0.441341632707        -0.415499508652       -0.592215352425       -0.415499508652       -0.592215352425       -0.118283761677       -0.0714261635081      
0.45116386225         -0.398680395434       -0.532322564564       -0.398680395434       -0.532322564564       -0.111373663093       -0.0644064511952      
0.460986091793        -0.381243880933       -0.476934053584       -0.381243880933       -0.476934053584       -0.104714486718       -0.0579062390523      
0.470808321337        -0.363296473386       -0.42580593313        -0.363296473386       -0.42580593313        -0.0983011628388      -0.0519014602243      
0.48063055088         -0.344941941393       -0.378716773712       -0.344941941393       -0.378716773712       -0.0921219244416      -0.0463631581258      
0.490452780424        -0.326293825958       -0.33548929865        -0.326293825958       -0.33548929865        -0.0861775515769      -0.0412701232804      
0.500275009967        -0.307460807425       -0.295929310837       -0.307460807425       -0.295929310837       -0.0804610577312      -0.0366001673316      
0.510097239511        -0.288549515745       -0.259868940525       -0.288549515745       -0.259868940525       -0.0749686561414      -0.0323328156414      
0.519919469054        -0.269677918549       -0.227141834152       -0.269677918549       -0.227141834152       -0.0696988261464      -0.0284487424484      
0.529741698597        -0.250967000217       -0.197594476067       -0.250967000217       -0.197594476067       -0.0646508880497      -0.0249302690135      
0.539563928141        -0.232535496827       -0.171062829575       -0.232535496827       -0.171062829575       -0.0598260899595      -0.0217570355865      
0.549386157684        -0.214499512418       -0.147379907623       -0.214499512418       -0.147379907623       -0.0552236789099      -0.0189108108009      
0.559208387228        -0.196986622762       -0.126380739807       -0.196986622762       -0.126380739807       -0.0508475120021      -0.0163728894869      
0.569030616771        -0.180089099186       -0.107871906911       -0.180089099186       -0.107871906911       -0.046693146496       -0.0141215356796      
0.578852846314        -0.163944326602       -0.0916866289103      -0.163944326602       -0.0916866289103      -0.042772369657       -0.0121378428184      
0.588675075858        -0.148612306666       -0.077612027681       -0.148612306666       -0.077612027681       -0.0390782648961      -0.0103983612454      
0.598497305401        -0.134169156156       -0.0654513953153      -0.134169156156       -0.0654513953153      -0.0356114186384      -0.00888152985763     
0.608319534945        -0.12065453691        -0.0550019603324      -0.12065453691        -0.0550019603324      -0.0323686598417      -0.00756443966404     
0.618141764488        -0.10810111326        -0.0460715438053      -0.10810111326        -0.0460715438053      -0.0293473404733      -0.00642613480215     
0.627963994032        -0.0965048620578      -0.0384703817342      -0.0965048620578      -0.0384703817342      -0.0265391382162      -0.00544562559647     
0.637786223575        -0.0858511768184      -0.032026182886       -0.0858511768184      -0.032026182886       -0.0239370480042      -0.00460333832014     
0.647608453118        -0.0761103359593      -0.0265804326685      -0.0761103359593      -0.0265804326685      -0.0215316411582      -0.00388165439626     
0.657430682662        -0.0672458612852      -0.0219931322606      -0.0672458612852      -0.0219931322606      -0.0193141619552      -0.00326495473542     
0.667252912205        -0.0592066590292      -0.0181380286114      -0.0592066590292      -0.0181380286114      -0.0172738136543      -0.00273857078656     
0.677075141749        -0.0519409007212      -0.0149063987776      -0.0519409007212      -0.0149063987776      -0.0153998644238      -0.00229021904212     
0.686897371292        -0.0453955132406      -0.01220391088        -0.0453955132406      -0.01220391088        -0.0136824199307      -0.00190896001191     
0.696719600836        -0.0395157450722      -0.0099493119324      -0.0395157450722      -0.0099493119324      -0.0121112664444      -0.00158523935194     
0.706541830379        -0.0342497295736      -0.00807349048223     -0.0342497295736      -0.00807349048223     -0.0106768665068      -0.00131099277645     
0.716364059922        -0.0295441674339      -0.00651660017252     -0.0295441674339      -0.00651660017252     -0.0093692697823      -0.00107904161715     
0.726186289466        -0.0253523367571      -0.00522875973173     -0.0253523367571      -0.00522875973173     -0.00818020222338     -0.00088336384618     
0.736008519009        -0.0216248076548      -0.00415805596878     -0.0216248076548      -0.00415805596878     -0.00710010869333     -0.000716882289359    
0.745830748553        -0.0183282808137      -0.00329501859254     -0.0183282808137      -0.00329501859254     -0.00612390838836     -0.000580595727689    
0.755652978096        -0.0154159195965      -0.0025824665535      -0.0154159195965      -0.0025824665535      -0.00524209013244     -0.000465215031897    
0.765475207639        -0.0128523387081      -0.00200292732587     -0.0128523387081      -0.00200292732587     -0.00444801723261     -0.000369181054505    
0.775297437183        -0.0106056148262      -0.00153461425977     -0.0106056148262      -0.00153461425977     -0.00373580877968     -0.0002896812109      
0.785119666726        -0.00864535981364     -0.00115890581821     -0.00864535981364     -0.00115890581821     -0.00309961369041     -0.00022426254273     
0.79494189627         -0.00694449001695     -0.000860115935576    -0.00694449001695     -0.000860115935576    -0.00253425045171     -0.000170821957938    
0.804764125813        -0.00547670954977     -0.000624797641821    -0.00547670954977     -0.000624797641821    -0.00203433880606     -0.00012751433463     
0.814586355357        -0.00422093273568     -0.000441896060768    -0.00422093273568     -0.000441896060768    -0.00159595785109     -9.28083552814e-05    
0.8244085849          -0.0031565640504      -0.000301885642236    -0.0031565640504      -0.000301885642236    -0.00121497367274     -6.53467368649e-05    
0.8254085849          -0.00305821240219     -0.000289710955154    -0.00305821240219     -0.000289710955154    -0.00117926288426     -6.29099592013e-05    
0.8424085849          -0.00164382011149     -0.000130911320093    -0.00164382011149     -0.000130911320093    -0.000654073151212    -3.00574186782e-05    
0.8594085849          -0.000673353137669    -4.28467058906e-05    -0.000673353137669    -4.28467058906e-05    -0.000277359899132    -1.03496433021e-05    
0.8764085849          -0.000100559068882    -1.23028874991e-06    -0.000100559068882    -1.23028874991e-06    -4.53905750953e-05    5.04907392989e-08     
0.8934085849          2.10693240176e-05     0.000122686152321     2.10693240176e-05     0.000122686152321     0.000255735832145     -0.00028270656122     
0.9104085849          2.37540167963e-05     0.000502191439945     2.37540167963e-05     0.000502191439945     0.000226186170121     -8.44429862873e-05    
0.9274085849          1.97098966299e-05     0.000943250859468     1.97098966299e-05     0.000943250859468     0.000201869985973     0.000153868664796     
0.9444085849          1.30634400494e-05     0.0013844996887       1.30634400494e-05     0.0013844996887       0.000180581133757     0.000403344655092     
0.9454085849          1.26446770253e-05     0.00140972406465      1.26446770253e-05     0.00140972406465      0.000179402582967     0.000418004901363     
0.954052776827        9.02481037233e-06     0.00162309400407      9.02481037233e-06     0.00162309400407      0.000169566566971     0.000543879927359     
0.962696968754        5.5108700262e-06      0.00182616626164      5.5108700262e-06      0.00182616626164      0.000160271102278     0.000667236007877     
0.971341160681        2.22189970161e-06     0.00201712585902      2.22189970161e-06     0.00201712585902      0.000151465042397     0.00078697171342      
0.979985352608        -7.60491023284e-07    0.00219377308018      -7.60491023284e-07    0.00219377308018      0.000143054948904     0.000901821732072     
0.988629544535        -3.37554367619e-06    0.00235062706594      -3.37554367619e-06    0.00235062706594      0.000134772377191     0.0010090461729       
0.997273736462        -5.59525086556e-06    0.00249248821519      -5.59525086556e-06    0.00249248821519      0.000126969719478     0.0011102003559       
1.00591792839         -7.41716001165e-06    0.00261994863921      -7.41716001165e-06    0.00261994863921      0.000119648681223     0.00120526933212      
1.01456212032         -8.85132374869e-06    0.0027331388046       -8.85132374869e-06    0.0027331388046       0.000112774526076     0.00129406482456      
1.02320631224         -9.91659631556e-06    0.00283219342895      -9.91659631556e-06    0.00283219342895      0.000106311214853     0.00137640862906      
1.03185050417         -1.06387728671e-05    0.00291747728769      -1.06387728671e-05    0.00291747728769      0.000100231531766     0.00145223970508      
1.0404946961          -1.1047875442e-05     0.00298939047431      -1.1047875442e-05     0.00298939047431      9.4508860802e-05      0.00152152613024      
1.04913888802         -1.11768498271e-05    0.00304846000838      -1.11768498271e-05    0.00304846000838      8.91207178095e-05     0.00158431187582      
1.05778307995         -1.10586734022e-05    0.00309490637242      -1.10586734022e-05    0.00309490637242      8.40364305042e-05     0.00164049206682      
1.06642727188         -1.07288753836e-05    0.00312961395497      -1.07288753836e-05    0.00312961395497      7.92451608563e-05     0.0016903204203       
1.07507146381         -1.02201440194e-05    0.00315284706528      -1.02201440194e-05    0.00315284706528      7.47198513999e-05     0.0017337358243       
1.08371565573         -9.5655612382e-06     0.00316533220478      -9.5655612382e-06     0.00316533220478      7.04466584085e-05     0.00177093699569      
1.09235984766         -8.79606848355e-06    0.00316767407606      -8.79606848355e-06    0.00316767407606      6.64093863451e-05     0.00180207234275      
1.10100403959         -7.9403422259e-06     0.00316037771783      -7.9403422259e-06     0.00316037771783      6.25909184374e-05     0.00182724660111      
1.10964823151         -7.02503973784e-06    0.00314400382893      -7.02503973784e-06    0.00314400382893      5.8976689958e-05      0.00184660781174      
1.11829242344         -6.07471741155e-06    0.00311922785544      -6.07471741155e-06    0.00311922785544      5.55553810216e-05     0.001860385148        
1.12693661537         -5.11096692394e-06    0.00308647036488      -5.11096692394e-06    0.00308647036488      5.23120985429e-05     0.0018686705096       
1.1355808073          -4.15351492436e-06    0.00304646105267      -4.15351492436e-06    0.00304646105267      4.92385201367e-05     0.00187175398958      
1.14422499922         -3.21891701821e-06    0.00299942921115      -3.21891701821e-06    0.00299942921115      4.63191057511e-05     0.00186963318049      
1.15286919115         -2.32215698187e-06    0.00294617184524      -2.32215698187e-06    0.00294617184524      4.35485797059e-05     0.00186266658551      
1.16151338308         -1.47546921962e-06    0.00288721772077      -1.47546921962e-06    0.00288721772077      4.09180973049e-05     0.00185106333048      
1.170157575           -6.88823442868e-07    0.00282289487564      -6.88823442868e-07    0.00282289487564      3.84169820387e-05     0.00183491530086      
1.17880176693         2.97271318019e-08     0.00275381782622      2.97271318019e-08     0.00275381782622      3.60395441326e-05     0.00181450964509      
1.18744595886         6.73992897268e-07     0.00267964668813      6.73992897268e-07     0.00267964668813      3.37686008763e-05     0.00178951325501      
1.19609015078         1.24027078291e-06     0.00260293853008      1.24027078291e-06     0.00260293853008      3.16244011966e-05     0.00176153678135      
1.20473434271         1.72548086035e-06     0.0025219969848       1.72548086035e-06     0.0025219969848       2.95743317686e-05     0.00172936147971      
1.21337853464         2.12888179443e-06     0.00243803091771      2.12888179443e-06     0.00243803091771      2.76229680066e-05     0.00169372216334      
1.22202272657         2.45083564285e-06     0.00235134160348      2.45083564285e-06     0.00235134160348      2.57642668315e-05     0.00165475470167      
1.23066691849         2.69307889058e-06     0.00226235623451      2.69307889058e-06     0.00226235623451      2.39942473361e-05     0.00161269211183      
1.23931111042         2.85833024747e-06     0.00217135360254      2.85833024747e-06     0.00217135360254      2.2307879554e-05      0.0015676726271       
1.24795530235         2.95074075713e-06     0.00207893103276      2.95074075713e-06     0.00207893103276      2.07039171926e-05     0.00152007458779      
1.25659949427         2.9746171468e-06      0.00198513761879      2.9746171468e-06      0.00198513761879      1.91759804888e-05     0.00146988958692      
1.2652436862          2.93551912357e-06     0.00189039405817      2.93551912357e-06     0.00189039405817      1.7721941259e-05      0.00141738706756      
1.27388787813         2.83956887859e-06     0.00179505536364      2.83956887859e-06     0.00179505536364      1.63393497472e-05     0.0013627998917       
1.28253207005         2.69321194446e-06     0.00169934819402      2.69321194446e-06     0.00169934819402      1.50249300621e-05     0.00130627341113      
1.29117626198         2.503660179e-06       0.00160372585644      2.503660179e-06       0.00160372585644      1.37777529827e-05     0.00124813587436      
1.29982045391         2.27768451931e-06     0.00150816782737      2.27768451931e-06     0.00150816782737      1.25930641662e-05     0.00118835768335      
1.30846464584         2.02309306011e-06     0.00141318992499      2.02309306011e-06     0.00141318992499      1.1471011391e-05      0.00112733448547      
1.31710883776         1.74723744905e-06     0.00131894911151      1.74723744905e-06     0.00131894911151      1.04089159067e-05     0.00106519064632      
1.32575302969         1.45760959101e-06     0.00122568503435      1.45760959101e-06     0.00122568503435      9.40503610612e-06     0.00100212284771      
1.33439722162         1.16167971122e-06     0.00113369653964      1.16167971122e-06     0.00113369653964      8.45826644445e-06     0.000938384937686     
1.34304141354         8.66594808583e-07     0.00104315942472      8.66594808583e-07     0.00104315942472      7.56672278931e-06     0.000874138504435     
1.35168560547         5.79342647231e-07     0.000954349623502     5.79342647231e-07     0.000954349623502     6.72941640844e-06     0.000809636098594     
1.3603297974          3.06490316944e-07     0.000867469639742     3.06490316944e-07     0.000867469639742     5.94493518059e-06     0.000745077619261     
1.36897398933         5.41966144621e-08     0.000782779221041     5.41966144621e-08     0.000782779221041     5.2123630831e-06      0.000680720277767     
1.37761818125         -1.71912428363e-07    0.000700409011883     -1.71912428363e-07    0.000700409011883     4.52999525743e-06     0.000616717859488     
1.38626237318         -3.66896013959e-07    0.000620835505184     -3.66896013959e-07    0.000620835505184     3.89842193744e-06     0.000553537285498     
1.39490656511         -5.26406870833e-07    0.000544054495245     -5.26406870833e-07    0.000544054495245     3.31514683527e-06     0.00049123193024      
1.40355075703         -6.46991375168e-07    0.000470394618024     -6.46991375168e-07    0.000470394618024     2.77982338532e-06     0.000430158583401     
1.41219494896         -7.26145364775e-07    0.00040013799446      -7.26145364775e-07    0.00040013799446      2.29175552351e-06     0.000370645388516     
1.42083914089         -7.62375876382e-07    0.000333544931154     -7.62375876382e-07    0.000333544931154     1.85006127608e-06     0.000313012637139     
1.42948333281         -7.55571570824e-07    0.000270969970634     -7.55571570824e-07    0.000270969970634     1.4542988805e-06      0.000257682084817     
1.43812752474         -7.06966750531e-07    0.000212747229444     -7.06966750531e-07    0.000212747229444     1.10377186069e-06     0.000205072643369     
1.44677171667         -6.19771452039e-07    0.000159335510332     -6.19771452039e-07    0.000159335510332     7.98259362945e-07     0.000155741213826     
1.4554159086          -4.99489656814e-07    0.000111280091759     -4.99489656814e-07    0.000111280091759     5.37705804822e-07     0.000110353533136     
1.46406010052         -3.54906899673e-07    6.93217510064e-05     -3.54906899673e-07    6.93217510064e-05     3.22636710331e-07     6.9800423243e-05      
1.47270429245         -1.99919609066e-07    3.4569075612e-05      -1.99919609066e-07    3.4569075612e-05      1.54741045503e-07     3.53889834491e-05     
1.48134848438         -5.87474773504e-08    9.06719115294e-06     -5.87474773504e-08    9.06719115294e-06     3.89716252237e-08     9.46463448317e-06     
1.4899926763          2.64621878854e-06     1.90727934059e-08     2.64621878854e-06     1.90727934059e-08     2.83969166774e-06     -1.74633473036e-07    
1.49863686823         2.33539878892e-05     1.86098704467e-07     2.33539878892e-05     1.86098704467e-07     2.5280618201e-05      -1.63638755283e-06    
1.50728106016         5.47666375487e-05     4.79881011098e-07     5.47666375487e-05     4.79881011098e-07     5.97976966252e-05     -4.06125992678e-06    
1.51592525209         9.39396361705e-05     9.00755235733e-07     9.39396361705e-05     9.00755235733e-07     0.000103447631631     -7.35115970746e-06    
1.52456944401         0.000139497254075     1.45743440138e-06     0.000139497254075     1.45743440138e-06     0.000154918457617     -1.14895288644e-05    
1.53321363594         0.000190594117695     2.16126734168e-06     0.000190594117695     2.16126734168e-06     0.000213440216625     -1.64835154429e-05    
1.54185782787         0.000246623106811     3.02465814747e-06     0.000246623106811     3.02465814747e-06     0.000278480011882     -2.23483005618e-05    
1.55050201979         0.000307127125394     4.06076288069e-06     0.000307127125394     4.06076288069e-06     0.000349652683042     -2.91035766296e-05    
1.55914621172         0.00037172290963      5.28294967993e-06     0.00037172290963      5.28294967993e-06     0.000426640132942     -3.67694712222e-05    
1.56779040365         0.000440104209211     6.70507378628e-06     0.000440104209211     6.70507378628e-06     0.000509200219563     -4.53685242833e-05    
1.57643459557         0.000512025946882     8.3414988488e-06      0.000512025946882     8.3414988488e-06      0.00059714935385      -5.4925249189e-05     
1.5850787875          0.00058724772484      1.02063458727e-05     0.00058724772484      1.02063458727e-05     0.000690304082645     -6.54589674049e-05    
1.59372297943         0.000665529051702     1.23133488305e-05     0.000665529051702     1.23133488305e-05     0.000788467190067     -7.69845655391e-05    
1.60236717136         0.000746785704279     1.46788466556e-05     0.000746785704279     1.46788466556e-05     0.000891618506189     -8.95362584936e-05    
1.61101136328         0.00083080958705      1.73167908001e-05     0.00083080958705      1.73167908001e-05     0.000999594503682     -0.000103128639661    
1.61965555521         0.00091737056568      2.02402065347e-05     0.00091737056568      2.02402065347e-05     0.00111218909348      -0.00011776676512     
1.62829974714         0.0010064872982       2.34672991179e-05     0.0010064872982       2.34672991179e-05     0.00122949265157      -0.000133487832699    
1.63694393906         0.00109799132088      2.7012251041e-05      0.00109799132088      2.7012251041e-05      0.00135136622219      -0.000150303872572    
1.64558813099         0.00119167812013      3.08879081726e-05     0.00119167812013      3.08879081726e-05     0.00147762000518      -0.000168219073758    
1.65423232292         0.00128760877931      3.51137048462e-05     0.00128760877931      3.51137048462e-05     0.00160838845844      -0.000187272865335    
1.66287651485         0.0013856623744       3.97046062295e-05     0.0013856623744       3.97046062295e-05     0.00174357925482      -0.00020747857029     
1.67152070677         0.00148581840094      4.46783297068e-05     0.00148581840094      4.46783297068e-05     0.00188322289531      -0.000228862998023    
1.6801648987          0.00158809403993      5.00540530291e-05     0.00158809403993      5.00540530291e-05     0.00202739722257      -0.00025145866        
1.68880909063         0.00169272594946      5.58586831666e-05     0.00169272594946      5.58586831666e-05     0.00217646288475      -0.000275334148106    
1.69745328255         0.0018115992826       6.25229649181e-05     0.0018115992826       6.25229649181e-05     0.00234587300796      -0.000302507339278    
1.70609747448         0.00193437557755      6.97502096376e-05     0.00193437557755      6.97502096376e-05     0.00252253425252      -0.000331394979282    
1.71474166641         0.00205943646064      7.75093934088e-05     0.00205943646064      7.75093934088e-05     0.00270442626411      -0.000361766685038    
1.72338585833         0.00218680316198      8.58241366488e-05     0.00218680316198      8.58241366488e-05     0.00289163757532      -0.000393659213802    
1.73203005026         0.00231641971658      9.47154458145e-05     0.00231641971658      9.47154458145e-05     0.00308415465595      -0.000427095535473    
1.74067424219         0.00244820047181      0.000104203092923     0.00244820047181      0.000104203092923     0.00328192207286      -0.000462092111491    
1.74931843412         0.00258204586696      0.000114306039773     0.00258204586696      0.000114306039773     0.00348486243351      -0.000498661284531    
1.75796262604         0.00271784889517      0.00012504258388      0.00271784889517      0.00012504258388      0.0036928845355       -0.000536812239541    
1.76660681797         0.00285549817398      0.000136430404473     0.00285549817398      0.000136430404473     0.00390588723309      -0.000576551448913    
1.7752510099          0.00299487958288      0.00014848656721      0.00299487958288      0.00014848656721      0.00412376149934      -0.000617882902397    
1.78389520182         0.00313587722432      0.0001612275102       0.00313587722432      0.0001612275102       0.0043463916403       -0.000660808237494    
1.79253939375         0.0032783740372       0.00017466902113      0.0032783740372       0.00017466902113      0.00457365607653      -0.000705326820465    
1.80118358568         0.00342225221868      0.000188826210132     0.00342225221868      0.000188826210132     0.00480542788825      -0.000751435801585    
1.8098277776          0.00356739353472      0.000203713480824     0.00356739353472      0.000203713480824     0.00504157522561      -0.000799130156793    
1.81847196953         0.0037136795624       0.000219344500813     0.0037136795624       0.000219344500813     0.00528196163814      -0.000848402722198    
1.82711616146         0.00386099188872      0.000235732172453     0.00386099188872      0.000235732172453     0.00552644635479      -0.000899244225148    
1.83576035339         0.00400921228075      0.000252888604333     0.00400921228075      0.000252888604333     0.00577488453302      -0.000951643314019    
1.84440454531         0.00415822283359      0.000270825083648     0.00415822283359      0.000270825083648     0.0060271274849       -0.00100558658749     
1.85304873724         0.00430790610939      0.000289552050135     0.00430790610939      0.000289552050135     0.00628302289788      -0.00106105862586     
1.86169292917         0.00445814525831      0.000309079070913     0.00445814525831      0.000309079070913     0.00654241503659      -0.00111804202183     
1.87033712109         0.004608824136        0.0003294148171       0.004608824136        0.0003294148171       0.00680514494609      -0.0011765174141      
1.87898131302         0.00475982741322      0.0003505670419       0.00475982741322      0.0003505670419       0.00707105064967      -0.00123646352222     
1.88762550495         0.00491104067894      0.000372542560231     0.00491104067894      0.000372542560231     0.00733996734293      -0.00129785718321     
1.89626969688         0.00506235053695      0.000395347229868     0.00506235053695      0.000395347229868     0.00761172758375      -0.00136067338949     
1.9049138888          0.00521364470377      0.000418985934687     0.00521364470377      0.000418985934687     0.00788616148947      -0.0014248853301      
1.91355808073         0.00536481209411      0.000443462568961     0.00536481209411      0.000443462568961     0.00816309692047      -0.00149046443162     
1.92220227266         0.00551574290866      0.000468780023819     0.00551574290866      0.000468780023819     0.00844235967204      -0.00155738040227     
1.93084646458         0.00566632871559      0.000494940175231     0.00566632871559      0.000494940175231     0.00872377366147      -0.00162560127714     
1.93949065651         0.00581646252875      0.000521943873696     0.00581646252875      0.000521943873696     0.00900716111433      -0.00169509346496     
1.94813484844         0.00596603888286      0.000549790935693     0.00596603888286      0.000549790935693     0.00929234275053      -0.0017658217965      
1.95677904036         0.0061149539043       0.000578480136753     0.0061149539043       0.000578480136753     0.00957913796763      -0.00183774957421     
1.96542323229         0.00626310537975      0.000608009206309     0.00626310537975      0.000608009206309     0.00986736502457      -0.00191083862334     
1.97406742422         0.00641039282989      0.000638374825092     0.00641039282989      0.000638374825092     0.0101568412373       -0.0019850493471      
1.98271161615         0.00655671752364      0.000669572618577     0.00655671752364      0.000669572618577     0.0104473830839       -0.00206034076541     
1.99135580807         0.00670198263122      0.000701597166227     0.00670198263122      0.000701597166227     0.0107388065323       -0.00213667059876     
2                     0.00684609318393      0.000734441993434     0.00684609318393      0.000734441993434     0.0110309270661       -0.00221399529416     
2.001                 0.00686268579682      0.000738294238521     0.00686268579682      0.000738294238521     0.0110647574957       -0.00222300274872     
2.18280808081         0.0094747907273       0.00159843833123      0.0094747907273       0.00159843833123      0.0170430331665       -0.00399298860877     
2.36461616162         0.0109332265772       0.00263848289233      0.0109332265772       0.00263848289233      0.0216659879845       -0.00568883958204     
2.54642424242         0.0110521376606       0.0035810905233       0.0110521376606       0.0035810905233       0.0238706956838       -0.00684756572946     
2.72823232323         0.0100193866661       0.00416060527943      0.0100193866661       0.00416060527943      0.0233668038346       -0.00719528440861     
2.91004040404         0.00824783359655      0.0042351516141       0.00824783359655      0.0042351516141       0.0206000754428       -0.00672292987316     
3.09184848485         0.00620830759         0.00383162706147      0.00620830759         0.00383162706147      0.0164853633658       -0.0056476973653      
3.27365656566         0.00429147640247      0.00311070550928      0.00429147640247      0.00311070550928      0.0120361501813       -0.00429676229265     
3.45546464646         0.00273252290691      0.0022820656196       0.00273252290691      0.0022820656196       0.00804721107066      -0.00297608548711     
3.63727272727         0.00160662925695      0.00152116062445      0.00160662925695      0.00152116062445      0.0049419767751       -0.00188452914832     
3.81908080808         0.00087415427878      0.000925465764526     0.00087415427878      0.000925465764526     0.002795168726        -0.001094813875       
4.00088888889         0.000440944793211     0.000515846000275     0.000440944793211     0.000515846000275     0.00145940542819      -0.000585264987392    
4.1826969697          0.00020652992351      0.000264250174792     0.00020652992351      0.000264250174792     0.000704804608047     -0.00028862105952     
4.36450505051         8.99374404377e-05     0.000124729421885     8.99374404377e-05     0.000124729421885     0.0003153625214       -0.000131573570492    
4.54631313131         3.6450316233e-05      5.43628160272e-05     3.6450316233e-05      5.43628160272e-05     0.000130917020128     -5.55410663327e-05    
4.72812121212         1.37599161712e-05     2.19164152835e-05     1.37599161712e-05     2.19164152835e-05     5.04794428086e-05     -2.17404978018e-05    
4.90992929293         4.84127483261e-06     8.18453200941e-06     4.84127483261e-06     8.18453200941e-06     1.80952796751e-05     -7.90006762107e-06    
5.09173737374         1.5883694727e-06      2.83460149795e-06     1.5883694727e-06      2.83460149795e-06     6.03502474874e-06     -2.66752767459e-06    
5.27354545455         4.86145404425e-07     9.11376922203e-07     4.86145404425e-07     9.11376922203e-07     1.8738367552e-06      -8.37623515075e-07    
5.45535353535         1.38850022767e-07     2.72257506768e-07     1.38850022767e-07     2.72257506768e-07     5.4194674761e-07      -2.44759377971e-07    
5.63716161616         3.70175916019e-08     7.56227311422e-08     3.70175916019e-08     7.56227311422e-08     1.46067420808e-07     -6.65929468991e-08    
5.81896969697         9.21405688247e-09     1.95428137379e-08     9.21405688247e-09     1.95428137379e-08     3.67023688111e-08     -1.68783108674e-08    
6.00077777778         2.14169327651e-09     4.70132278146e-09     2.14169327651e-09     4.70132278146e-09     8.60059438809e-09     -3.9868219215e-09     
6.18258585859         4.6494194618e-10      1.05331385219e-09     4.6494194618e-10      1.05331385219e-09     1.88012897401e-09     -8.77978312495e-10    
6.36439393939         9.42839470088e-11     2.19878341152e-10     9.42839470088e-11     2.19878341152e-10     3.83519773761e-10     -1.80319534089e-10    
6.5462020202          1.7861892517e-11      4.27812471376e-11     1.7861892517e-11      4.27812471376e-11     7.30180233698e-11     -3.45484423735e-11    
6.72801010101         3.16195282092e-12     7.76162853498e-12     3.16195282092e-12     7.76162853498e-12     1.29791202039e-11     -6.17720617385e-12    
6.90981818182         5.23712317259e-13     1.31503201854e-12     5.23712317259e-13     1.31503201854e-12     2.15696605325e-12     -1.03219499734e-12    
7.09162626263         8.03730542558e-14     2.06086720386e-13     8.03730542558e-14     2.06086720386e-13     3.31917184218e-13     -1.59646325274e-13    
7.27343434343         1.11801343124e-14     2.92280555373e-14     1.11801343124e-14     2.92280555373e-14     4.62673081342e-14     -2.23597792847e-14    
7.45524242424         2.39807701324e-15     6.3827411727e-15      2.39807701324e-15     6.3827411727e-15      9.93951922209e-15     -4.82490445595e-15    
7.63705050505         3.08386140238e-16     8.34569101738e-16     3.08386140238e-16     8.34569101738e-16     1.27957056354e-15     -6.23727485405e-16    
7.81885858586         3.26831786849e-16     8.98247590433e-16     3.26831786849e-16     8.98247590433e-16     1.35698588589e-15     -6.64049733282e-16    
8.00066666667         3.45930722821e-16     9.64473291446e-16     3.45930722821e-16     9.64473291446e-16     1.43666809817e-15     -7.05623034064e-16    
8.18247474747         3.65689364462e-16     1.03325465168e-15     3.65689364462e-16     1.03325465168e-15     1.51861807447e-15     -7.48445933867e-16    
8.36428282828         3.86113774447e-16     1.1045994803e-15      3.86113774447e-16     1.1045994803e-15      1.60283669274e-15     -7.92517041168e-16    
8.54609090909         4.07209685453e-16     1.17851500629e-15     4.07209685453e-16     1.17851500629e-15     1.6893248317e-15      -8.37835024688e-16    
8.7278989899          4.28982522084e-16     1.25500792999e-15     4.28982522084e-16     1.25500792999e-15     1.77808336812e-15     -8.84398611114e-16    
8.90970707071         4.51437421183e-16     1.33408446924e-15     4.51437421183e-16     1.33408446924e-15     1.86911317455e-15     -9.3220658272e-16     
9.09151515152         4.74579250676e-16     1.41575040087e-15     4.74579250676e-16     1.41575040087e-15     1.96241511727e-15     -9.81257774965e-16    
9.27332323232         4.98412627018e-16     1.50001109801e-15     4.98412627018e-16     1.50001109801e-15     2.05799005471e-15     -1.03155107408e-15    
9.45513131313         5.2294193137e-16      1.58687156373e-15     5.2294193137e-16      1.58687156373e-15     2.15583883602e-15     -1.08308541471e-15    
9.63693939394         5.48171324591e-16     1.67633646141e-15     5.48171324591e-16     1.67633646141e-15     2.25596229992e-15     -1.1358597776e-15     
9.81874747475         5.74104761139e-16     1.76841014217e-15     5.74104761139e-16     1.76841014217e-15     2.35836127378e-15     -1.18987318734e-15    
10.0005555556         6.00746001962e-16     1.86309666978e-15     6.00746001962e-16     1.86309666978e-15     2.46303657288e-15     -1.24512471023e-15    
10.1823636364         6.28098626456e-16     1.96039984317e-15     6.28098626456e-16     1.96039984317e-15     2.56998899978e-15     -1.30161345218e-15    
10.3641717172         6.56166043571e-16     2.06032321698e-15     6.56166043571e-16     2.06032321698e-15     2.67921934395e-15     -1.35933855674e-15    
10.545979798          6.8495150212e-16      2.16287012016e-15     6.8495150212e-16      2.16287012016e-15     2.79072838147e-15     -1.41829920324e-15    
10.7277878788         7.14458100358e-16     2.26804367297e-15     7.14458100358e-16     2.26804367297e-15     2.90451687484e-15     -1.47849460493e-15    
10.9095959596         7.44688794895e-16     2.37584680248e-15     7.44688794895e-16     2.37584680248e-15     3.02058557304e-15     -1.53992400732e-15    
11.0914040404         7.75646408976e-16     2.48628225671e-15     7.75646408976e-16     2.48628225671e-15     3.13893521179e-15     -1.60258668657e-15    
11.2732121212         8.07333640203e-16     2.59935261758e-15     8.07333640203e-16     2.59935261758e-15     3.25956651421e-15     -1.66648194789e-15    
11.455020202          8.39753067715e-16     2.71506031275e-15     8.39753067715e-16     2.71506031275e-15     3.38248019261e-15     -1.73160912417e-15    
11.6368282828         8.72907158886e-16     2.83340762652e-15     8.72907158886e-16     2.83340762652e-15     3.50767695476e-15     -1.79796757454e-15    
11.8186363636         9.06798275576e-16     2.95439670978e-15     9.06798275576e-16     2.95439670978e-15     3.63515756806e-15     -1.86555671946e-15    
12.0004444444         9.41428679958e-16     3.07802958918e-15     9.41428679958e-16     3.07802958918e-15     3.76492249686e-15     -1.93437614836e-15    
12.1822525253         9.76800539964e-16     3.20430817556e-15     9.76800539964e-16     3.20430817556e-15     3.8969723691e-15      -2.00442508414e-15    
12.3640606061         1.01291593438e-15     3.33323427172e-15     1.01291593438e-15     3.33323427172e-15     4.03130786099e-15     -2.07570297873e-15    
12.5458686869         1.04977685758e-15     3.46480957959e-15     1.04977685758e-15     3.46480957959e-15     4.16792960489e-15     -2.14820930448e-15    
12.7276767677         1.08738522404e-15     3.59903570683e-15     1.08738522404e-15     3.59903570683e-15     4.30683821399e-15     -2.22194355322e-15    
12.9094848485         1.12574287243e-15     3.73591417294e-15     1.12574287243e-15     3.73591417294e-15     4.44803428625e-15     -2.29690523535e-15    
13.0912929293         1.16485156957e-15     3.87544641488e-15     1.16485156957e-15     3.87544641488e-15     4.59151840585e-15     -2.37309387893e-15    
13.2731010101         1.20471301412e-15     4.01763379235e-15     1.20471301412e-15     4.01763379235e-15     4.7372911439e-15      -2.45050902886e-15    
13.4549090909         1.24532883994e-15     4.16247759256e-15     1.24532883994e-15     4.16247759256e-15     4.88535305897e-15     -2.52915024614e-15    
13.6367171717         1.28670061939e-15     4.30997903477e-15     1.28670061939e-15     4.30997903477e-15     5.03570469745e-15     -2.60901710707e-15    
13.8185252525         1.32882986636e-15     4.46013927446e-15     1.32882986636e-15     4.46013927446e-15     5.1883465939e-15      -2.69010920262e-15    
14.0003333333         1.37171803906e-15     4.61295940714e-15     1.37171803906e-15     4.61295940714e-15     5.34327927134e-15     -2.77242613773e-15    
14.1821414141         1.41536654277e-15     4.76844047202e-15     1.41536654277e-15     4.76844047202e-15     5.50050324158e-15     -2.85596753067e-15    
14.3639494949         1.45977673235e-15     4.92658345531e-15     1.45977673235e-15     4.92658345531e-15     5.66001900546e-15     -2.9407330125e-15     
14.5457575758         1.50494991461e-15     5.08738929335e-15     1.50494991461e-15     5.08738929335e-15     5.82182705311e-15     -3.02672222646e-15    
14.7275656566         1.55088735053e-15     5.25085887552e-15     1.55088735053e-15     5.25085887552e-15     5.98592786425e-15     -3.1139348275e-15     
14.9093737374         1.59759025743e-15     5.41699304694e-15     1.59759025743e-15     5.41699304694e-15     6.15232190845e-15     -3.20237048168e-15    
15.0911818182         1.64505981091e-15     5.58579261099e-15     1.64505981091e-15     5.58579261099e-15     6.32100964532e-15     -3.29202886581e-15    
15.272989899          1.69329714679e-15     5.75725833171e-15     1.69329714679e-15     5.75725833171e-15     6.49199152482e-15     -3.38290966691e-15    
15.4547979798         1.74230336282e-15     5.93139093594e-15     1.74230336282e-15     5.93139093594e-15     6.66526798747e-15     -3.47501258182e-15    
15.6366060606         1.79207952044e-15     6.10819111546e-15     1.79207952044e-15     6.10819111546e-15     6.84083946458e-15     -3.56833731679e-15    
15.8184141414         1.84262664631e-15     6.28765952884e-15     1.84262664631e-15     6.28765952884e-15     7.0187063785e-15      -3.66288358707e-15    
16.0002222222         1.89394573385e-15     6.46979680332e-15     1.89394573385e-15     6.46979680332e-15     7.19886914283e-15     -3.7586511166e-15     
16.182030303          1.94603774465e-15     6.65460353648e-15     1.94603774465e-15     6.65460353648e-15     7.38132816263e-15     -3.85563963758e-15    
16.3638383838         1.99890360983e-15     6.8420802978e-15      1.99890360983e-15     6.8420802978e-15      7.56608383465e-15     -3.95384889021e-15    
16.5456464646         2.0525442313e-15      7.03222763019e-15     2.0525442313e-15      7.03222763019e-15     7.75313654754e-15     -4.05327862232e-15    
16.7274545455         2.10696048302e-15     7.22504605138e-15     2.10696048302e-15     7.22504605138e-15     7.94248668203e-15     -4.15392858914e-15    
16.9092626263         2.1621532121e-15      7.42053605522e-15     2.1621532121e-15      7.42053605522e-15     8.13413461114e-15     -4.25579855291e-15    
17.0910707071         2.21812323993e-15     7.61869811295e-15     2.21812323993e-15     7.61869811295e-15     8.3280807004e-15      -4.35888828271e-15    
17.2728787879         2.27487136319e-15     7.8195326743e-15      2.27487136319e-15     7.8195326743e-15      8.52432530799e-15     -4.46319755415e-15    
17.4546868687         2.33239835487e-15     8.02304016868e-15     2.33239835487e-15     8.02304016868e-15     8.72286878496e-15     -4.56872614912e-15    
17.6364949495         2.39070496516e-15     8.22922100609e-15     2.39070496516e-15     8.22922100609e-15     8.92371147538e-15     -4.67547385557e-15    
17.8183030303         2.44979192242e-15     8.43807557822e-15     2.44979192242e-15     8.43807557822e-15     9.12685371653e-15     -4.78344046728e-15    
18.0001111111         2.50965993393e-15     8.64960425925e-15     2.50965993393e-15     8.64960425925e-15     9.33229583909e-15     -4.89262578364e-15    
18.1819191919         2.57030968679e-15     8.86380740679e-15     2.57030968679e-15     8.86380740679e-15     9.54003816724e-15     -5.00302960947e-15    
18.3637272727         2.63174184864e-15     9.08068536266e-15     2.63174184864e-15     9.08068536266e-15     9.75008101889e-15     -5.11465175479e-15    
18.5455353535         2.69395706838e-15     9.30023845365e-15     2.69395706838e-15     9.30023845365e-15     9.96242470579e-15     -5.22749203465e-15    
18.7273434343         2.75695597693e-15     9.52246699229e-15     2.75695597693e-15     9.52246699229e-15     1.01770695337e-14     -5.34155026894e-15    
18.9091515152         2.82073918784e-15     9.74737127747e-15     2.82073918784e-15     9.74737127747e-15     1.03940158025e-14     -5.45682628226e-15    
19.090959596          2.88530729796e-15     9.97495159516e-15     2.88530729796e-15     9.97495159516e-15     1.06132638065e-14     -5.5733199037e-15     
19.2727676768         2.95066088801e-15     1.0205208219e-14      2.95066088801e-15     1.0205208219e-14      1.08348138343e-14     -5.69103096671e-15    
19.4545757576         3.01680052322e-15     1.04381414107e-14     3.01680052322e-15     1.04381414107e-14     1.1058666169e-14      -5.80995930896e-15    
19.6363838384         3.08372675382e-15     1.0673751421e-14      3.08372675382e-15     1.0673751421e-14      1.12848210886e-14     -5.9301047722e-15     
19.8181919192         3.15144011562e-15     1.09120384899e-14     3.15144011562e-15     1.09120384899e-14     1.15132788658e-14     -6.05146720209e-15    
20                    0                     0                     0                     0                     0                     0                     
