0.0779191396          0                     0                     0                     0                     0                     0                     
0.087577837391        0.639915804208        0.252052271688        0.639915804208        0.252052271688        0.0984136256516       0.127519072172        
0.0972365351819       3.28204602506         1.01950678528         3.28204602506         1.01950678528         0.591859116511        0.537449536913        
0.106895232973        7.34600645886         1.71803055201         7.34600645886         1.71803055201         1.47762829434         0.959853424532        
0.116553930764        11.906837276          1.88565728599         11.906837276          1.88565728599         2.59940803661         1.16315071717         
0.126212628555        16.2585786141         1.3013805774          16.2585786141         1.3013805774          3.77180831317         1.02564167058         
0.135871326346        19.8588562377         -0.0188263116773      19.8588562377         -0.0188263116773      4.79106429914         0.536060185763        
0.145530024137        22.3704733901         -1.7635312593         22.3704733901         -1.7635312593         5.49531314575         -0.175963874307       
0.155188721928        23.8335850626         -3.53450016859        23.8335850626         -3.53450016859        5.87144647422         -0.929778972509       
0.164847419719        24.4817570098         -5.11223943488        24.4817570098         -5.11223943488        5.99486086183         -1.6194303853         
0.17450611751         24.5471223468         -6.42073914494        24.5471223468         -6.42073914494        5.94517361652         -2.20387193251        
0.184164815301        24.2148094451         -7.45671670677        24.2148094451         -7.45671670677        5.78460477422         -2.67642822214        
0.193823513091        23.6223253089         -8.24893523802        23.6223253089         -8.24893523802        5.55886543772         -3.04657350501        
0.203482210882        22.8583399271         -8.82759114498        22.8583399271         -8.82759114498        5.29487142116         -3.32632365832        
0.213140908673        21.9968869489         -9.23411577025        21.9968869489         -9.23411577025        5.0143840257          -3.53124903332        
0.222799606464        21.0824284885         -9.4964656762         21.0824284885         -9.4964656762         4.72954717954         -3.67303582325        
0.232458304255        20.1501892227         -9.64139081751        20.1501892227         -9.64139081751        4.45005590175         -3.76270299026        
0.242117002046        19.2244271638         -9.6949659018         19.2244271638         -9.6949659018         4.18205601859         -3.81132664578        
0.251775699837        18.319389273          -9.68016145439        18.319389273          -9.68016145439        3.92815443732         -3.82884697293        
0.261434397628        17.4404427441         -9.61293737068        17.4404427441         -9.61293737068        3.6882764321          -3.82232468345        
0.271093095419        16.5922579834         -9.50532606456        16.5922579834         -9.50532606456        3.46210360895         -3.79700434745        
0.28075179321         15.7771255716         -9.36521045097        15.7771255716         -9.36521045097        3.24903059128         -3.75632555067        
0.290410491001        14.9964502913         -9.19898752188        14.9964502913         -9.19898752188        3.04854343368         -3.70308595738        
0.300069188792        14.2532715738         -9.01149296859        14.2532715738         -9.01149296859        2.86099302348         -3.63932371903        
0.309727886583        13.5475980677         -8.8080346077         13.5475980677         -8.8080346077         2.68594792533         -3.56741589446        
0.319386584374        12.8802439372         -8.5930676635         12.8802439372         -8.5930676635         2.52337956453         -3.48932770871        
0.329045282165        12.2507563505         -8.37093810538        12.2507563505         -8.37093810538        2.3728371846          -3.40700714023        
0.338703979956        11.6571990219         -8.14387596881        11.6571990219         -8.14387596881        2.2335698564          -3.32160390825        
0.348362677747        11.0977990489         -7.91597677114        11.0977990489         -7.91597677114        2.10452053918         -3.23498985588        
0.358021375538        10.572438517          -7.68965849996        10.572438517          -7.68965849996        1.98561354366         -3.14805205219        
0.367680073329        10.0781785294         -7.46709667315        10.0781785294         -7.46709667315        1.87571575035         -3.06193612639        
0.37733877112         9.61239537791         -7.24899818761        9.61239537791         -7.24899818761        1.77385378059         -2.9771140208         
0.386997468911        9.17340474504         -7.03647284795        9.17340474504         -7.03647284795        1.67927191874         -2.89399646937        
0.396656166702        8.75771652148         -6.8293088612         8.75771652148         -6.8293088612         1.59075785726         -2.81273017287        
0.406314864492        8.36473218456         -6.62829233856        8.36473218456         -6.62829233856        1.50802735789         -2.73357185904        
0.415973562283        7.9926699282          -6.43279524611        7.9926699282          -6.43279524611        1.43045316596         -2.6562627342         
0.425632260074        7.63946989941         -6.24241726142        7.63946989941         -6.24241726142        1.35744643627         -2.58081049493        
0.435290957865        7.30603115225         -6.05828472902        7.30603115225         -6.05828472902        1.28942145257         -2.50763215134        
0.444949655656        6.98917775696         -5.87959696488        6.98917775696         -5.87959696488        1.2251498645          -2.43642468748        
0.454608353447        6.68824252991         -5.7066238802         6.68824252991         -5.7066238802         1.16442950218         -2.3673144221         
0.464267051238        6.40234416855         -5.53862562503        6.40234416855         -5.53862562503        1.1071496984          -2.300009949          
0.473925749029        6.13075872902         -5.37532981985        6.13075872902         -5.37532981985        1.05307456225         -2.23440909027        
0.48358444682         5.87272044119         -5.21700153618        5.87272044119         -5.21700153618        1.00203378258         -2.17064723019        
0.493243144611        5.62739849935         -5.06313122172        5.62739849935         -5.06313122172        0.95385779536         -2.10852714406        
0.502901842402        5.39437663556         -4.91390916746        5.39437663556         -4.91390916746        0.908425156445        -2.04813207009        
0.512560540193        5.17300012941         -4.76919492408        5.17300012941         -4.76919492408        0.865593860728        -1.98941407897        
0.522219237984        4.96234122818         -4.62863506602        4.96234122818         -4.62863506602        0.825183173857        -1.932268222          
0.531877935775        4.76270145353         -4.49288634508        4.76270145353         -4.49288634508        0.787221578346        -1.87697425401        
0.541536633566        4.57244975287         -4.36112164335        4.57244975287         -4.36112164335        0.751324319008        -1.82315944605        
0.551195331357        4.39210682259         -4.23387875628        4.39210682259         -4.23387875628        0.717713115394        -1.77112489135        
0.560854029148        4.22027098875         -4.11060841945        4.22027098875         -4.11060841945        0.685941724018        -1.72063279064        
0.570512726939        4.05676647038         -3.99125738599        4.05676647038         -3.99125738599        0.656041645326        -1.67166519395        
0.58017142473         3.90111498289         -3.87633995144        3.90111498289         -3.87633995144        0.627779066212        -1.62445447528        
0.589830122521        3.75271163505         -3.76523042425        3.75271163505         -3.76523042425        0.601096760328        -1.5787549744         
0.599488820312        3.61153076352         -3.65819214935        3.61153076352         -3.65819214935        0.575994907607        -1.53467911239        
0.609147518103        3.47591212153         -3.55405963373        3.47591212153         -3.55405963373        0.551898967278        -1.49177800219        
0.618806215893        3.34676074522         -3.45345580712        3.34676074522         -3.45345580712        0.529225665124        -1.45030468817        
0.628464913684        3.22369493541         -3.35658603763        3.22369493541         -3.35658603763        0.507806040812        -1.4103121227         
0.638123611475        3.10617305608         -3.26290763136        3.10617305608         -3.26290763136        0.487543711563        -1.37161236569        
0.647782309266        2.99397310075         -3.17250037313        2.99397310075         -3.17250037313        0.46839408285         -1.33422247547        
0.657441007057        2.8866804187          -3.08546739075        2.8866804187          -3.08546739075        0.45020754183         -1.29822750374        
0.667099704848        2.78386928465         -3.00159175849        2.78386928465         -3.00159175849        0.43286697598         -1.26351817602        
0.676758402639        2.68520239114         -2.92049513095        2.68520239114         -2.92049513095        0.416279894745        -1.2299344233         
0.68641710043         2.59054147245         -2.84231345579        2.59054147245         -2.84231345579        0.400430669196        -1.19756018172        
0.696075798221        2.49957837462         -2.76665690122        2.49957837462         -2.76665690122        0.385232251888        -1.16620688351        
0.705734496012        2.41220342797         -2.69359255947        2.41220342797         -2.69359255947        0.370658899936        -1.13591756608        
0.715393193803        2.32811145746         -2.62282139344        2.32811145746         -2.62282139344        0.356650186959        -1.10656718248        
0.725051891594        2.2472277677          -2.55426660211        2.2472277677          -2.55426660211        0.343202864405        -1.07812018795        
0.734710589385        2.16923832299         -2.48794053038        2.16923832299         -2.48794053038        0.330195273872        -1.05058142313        
0.744369287176        2.09415179124         -2.42359202729        2.09415179124         -2.42359202729        0.31768578494         -1.02385540252        
0.754027984967        2.0219351512          -2.36107537141        2.0219351512          -2.36107537141        0.305681853954        -0.99787077743        
0.763686682758        1.95205747447         -2.30036474759        1.95205747447         -2.30036474759        0.294022451784        -0.972630149368       
0.773345380549        1.88486100982         -2.24138651134        1.88486100982         -2.24138651134        0.28283602837         -0.94809125072        
0.78300407834         1.82011181951         -2.18412321185        1.82011181951         -2.18412321185        0.272075103687        -0.924253388847       
0.792662776131        1.75744226951         -2.12818533388        1.75744226951         -2.12818533388        0.261625759601        -0.900951911323       
0.802321473922        1.69721428676         -2.07393127388        1.69721428676         -2.07393127388        0.251599961329        -0.878331882179       
0.811980171713        1.6389923163          -2.02094245748        1.6389923163          -2.02094245748        0.241911394768        -0.856226351453       
0.821638869504        1.58312970933         -1.96935161746        1.58312970933         -1.96935161746        0.232703213034        -0.834681519938       
0.831297567294        1.52925453853         -1.91915853699        1.52925453853         -1.91915853699        0.223843646153        -0.813718305627       
0.840956265085        1.47728204556         -1.87034530557        1.47728204556         -1.87034530557        0.215311795575        -0.793318465775       
0.850614962876        1.42715651512         -1.82272637811        1.42715651512         -1.82272637811        0.207119939954        -0.773400159862       
0.860273660667        1.37880842731         -1.77639932248        1.37880842731         -1.77639932248        0.199236809583        -0.754012763852       
0.869932358458        1.33216018315         -1.73121851384        1.33216018315         -1.73121851384        0.191661854727        -0.735091743696       
0.879591056249        1.28712296862         -1.68722394489        1.28712296862         -1.68722394489        0.184377727995        -0.716660743375       
0.88924975404         1.24347525739         -1.64415601612        1.24347525739         -1.64415601612        0.17731150163         -0.69860903233        
0.898908451831        1.20143742923         -1.60210369363        1.20143742923         -1.60210369363        0.170542886584        -0.680977899124       
0.908567149622        1.16088427217         -1.56112786812        1.16088427217         -1.56112786812        0.164076346437        -0.663787356139       
0.918225847413        1.12203430713         -1.52101615191        1.12203430713         -1.52101615191        0.157992034831        -0.646938817734       
0.927884545204        1.08402248293         -1.48214794017        1.08402248293         -1.48214794017        0.151931782514        -0.630608535104       
0.937543242995        1.04764470267         -1.4441893861         1.04764470267         -1.4441893861         0.146275624441        -0.614652629149       
0.947201940786        1.01219761669         -1.40688362487        1.01219761669         -1.40688362487        0.140722057858        -0.598955689292       
0.956860638577        0.97795937034         -1.37040366375        0.97795937034         -1.37040366375        0.135428773487        -0.583597481359       
0.966519336368        0.944751801112        -1.33459568234        0.944751801112        -1.33459568234        0.130347956712        -0.568518934508       
0.976178034159        0.912268146285        -1.29917530973        0.912268146285        -1.29917530973        0.125414420569        -0.553596820683       
0.98583673195         0.878924039096        -1.26190453634        0.878924039096        -1.26190453634        0.120402831789        -0.537876306043       
0.995495429741        0.845703925003        -1.2241861714         0.845703925003        -1.2241861714         0.115438176451        -0.52195131458        
1.00515412753         0.813911843642        -1.18797396196        0.813911843642        -1.18797396196        0.110694354148        -0.506664001592       
1.01481282532         0.783536771961        -1.15318348243        0.783536771961        -1.15318348243        0.106177215046        -0.491974252994       
1.02447152311         0.754335921788        -1.11963718442        0.754335921788        -1.11963718442        0.101829609747        -0.477809029032       
1.0341302209          0.726297967126        -1.08728576866        0.726297967126        -1.08728576866        0.0976606711156       -0.464145640333       
1.0437889187          0.699381089808        -1.05611426878        0.699381089808        -1.05611426878        0.0936550753617       -0.450978706173       
1.05344761649         0.673434720432        -1.02591273617        0.673434720432        -1.02591273617        0.0897930434329       -0.438219539654       
1.06310631428         0.648466407002        -0.996738659378       0.648466407002        -0.996738659378       0.0860687834403       -0.425892528077       
1.07276501207         0.624411766867        -0.96848955925        0.624411766867        -0.96848955925        0.0824763416104       -0.413952951057       
1.08242370986         0.601248961957        -0.941134398886       0.601248961957        -0.941134398886       0.0790136503757       -0.40239012399        
1.09208240765         0.579007720185        -0.914765711376       0.579007720185        -0.914765711376       0.0757033889085       -0.391247491942       
1.10174110544         0.557564704066        -0.889024722817       0.557564704066        -0.889024722817       0.0725101282203       -0.380358850353       
1.11139980323         0.536843727351        -0.864181274417       0.536843727351        -0.864181274417       0.0693996156937       -0.369852882316       
1.12105850102         0.516909152168        -0.840123380944       0.516909152168        -0.840123380944       0.066409785373        -0.359675013169       
1.13071719881         0.497589257734        -0.816755293313       0.497589257734        -0.816755293313       0.0634927288034       -0.349791335469       
1.14037589661         0.478956322467        -0.793997560871       0.478956322467        -0.793997560871       0.0606730582739       -0.34016850533        
1.1500345944          0.461052469649        -0.771947402671       0.461052469649        -0.771947402671       0.0579690896207       -0.330835965173       
1.15969329219         0.443818348389        -0.750543911707       0.443818348389        -0.750543911707       0.0553696367587       -0.321773837402       
1.16935198998         0.427214118038        -0.729753805179       0.427214118038        -0.729753805179       0.0528683731949       -0.312967526397       
1.17901068777         0.411224800211        -0.709553930505       0.411224800211        -0.709553930505       0.0504645937795       -0.30440712825        
1.18866938556         0.395818484002        -0.689863507821       0.395818484002        -0.689863507821       0.0481622350998       -0.296059867281       
1.19832808335         0.381072133255        -0.670892698409       0.381072133255        -0.670892698409       0.0459658707726       -0.288014904576       
1.20798678114         0.366815657699        -0.652387382118       0.366815657699        -0.652387382118       0.043850866958        -0.280163907062       
1.21764547893         0.353120550205        -0.634448738524       0.353120550205        -0.634448738524       0.0418250034397       -0.272550025693       
1.22730417672         0.339928401728        -0.617017118979       0.339928401728        -0.617017118979       0.0398836691814       -0.265148002555       
1.23696287451         0.327232008707        -0.600149450569       0.327232008707        -0.600149450569       0.0380171694495       -0.257984066431       
1.24662157231         0.315028124457        -0.583726760654       0.315028124457        -0.583726760654       0.0362503630937       -0.25100617037        
1.2562802701          0.303270828885        -0.567671567384       0.303270828885        -0.567671567384       0.0345517735839       -0.244179313568       
1.26593896789         0.291873150321        -0.552224722739       0.291873150321        -0.552224722739       0.0328856067501       -0.237611183044       
1.27559766568         0.280957381907        -0.537204105855       0.280957381907        -0.537204105855       0.0313162607089       -0.231222254113       
1.28525636347         0.270480968014        -0.522652563668       0.270480968014        -0.522652563668       0.0298226220978       -0.225030622768       
1.29491506126         0.260347946143        -0.508507124858       0.260347946143        -0.508507124858       0.0283810097103       -0.21901096757        
1.30457375905         0.25056698857         -0.494763383816       0.25056698857         -0.494763383816       0.0269930776805       -0.213161226952       
1.31423245684         0.241153628654        -0.481446696785       0.241153628654        -0.481446696785       0.0256614958173       -0.207491853249       
1.32389115463         0.23206686651         -0.468531062359       0.23206686651         -0.468531062359       0.0243781072573       -0.201992036904       
1.33354985242         0.223213378707        -0.455948182453       0.223213378707        -0.455948182453       0.0231130989099       -0.196635827663       
1.34320855022         0.214782830397        -0.443737693486       0.214782830397        -0.443737693486       0.021931915324        -0.191437406487       
1.35286724801         0.206594503635        -0.431858572113       0.206594503635        -0.431858572113       0.0207804283653       -0.186379141132       
1.3625259458          0.198707259101        -0.420349870653       0.198707259101        -0.420349870653       0.0196704695993       -0.181476604485       
1.37218464359         0.191092942199        -0.409161938648       0.191092942199        -0.409161938648       0.0186022496007       -0.1767088958         
1.38184334138         0.183723755658        -0.398274896532       0.183723755658        -0.398274896532       0.0175654257609       -0.172069081892       
1.39150203917         0.17661905196         -0.387716025356       0.17661905196         -0.387716025356       0.0165692503658       -0.16756841022        
1.40116073696         0.169743615274        -0.377425875254       0.169743615274        -0.377425875254       0.0156009460757       -0.163180447143       
1.41081943475         0.163103043272        -0.367428998992       0.163103043272        -0.367428998992       0.0146674346407       -0.158916905722       
1.42047813254         0.156689785592        -0.357702779284       0.156689785592        -0.357702779284       0.0137664971889       -0.154767704388       
1.43013683033         0.15048379397         -0.348238888725       0.15048379397         -0.348238888725       0.0128920977491       -0.15072939997        
1.43979552812         0.144494850597        -0.339035022632       0.144494850597        -0.339035022632       0.0120493303301       -0.146800843789       
1.44945422592         0.138702194           -0.330060681659       0.138702194           -0.330060681659       0.0112348386918       -0.142969189186       
1.45911292371         0.133108651697        -0.321329836023       0.133108651697        -0.321329836023       0.0104493524111       -0.139239897794       
1.4687716215          0.127721593278        -0.312832760243       0.127721593278        -0.312832760243       0.00969657200843      -0.135609446804       
1.47843031929         0.122503854346        -0.304553510716       0.122503854346        -0.304553510716       0.00896589920762      -0.13207080686        
1.48808901708         0.117464030042        -0.296484312184       0.117464030042        -0.296484312184       0.00826285463513      -0.128620908946       
1.49774771487         0.112588353825        -0.288617260561       0.112588353825        -0.288617260561       0.00758047667413      -0.125256090078       
1.50740641266         0.10789370912         -0.280961179836       0.10789370912         -0.280961179836       0.00693095351728      -0.121983528615       
1.51706511045         0.103369583385        -0.273496289782       0.103369583385        -0.273496289782       0.00630770050425      -0.118790165551       
1.52672380824         0.0990134876853       -0.266234190141       0.0990134876853       -0.266234190141       0.00571150611028      -0.115681724218       
1.53638250603         0.0948186105924       -0.259149228614       0.0948186105924       -0.259149228614       0.00514367677969      -0.112647377056       
1.54604120383         0.0907683422942       -0.252279162297       0.0907683422942       -0.252279162297       0.00459559975259      -0.109704685442       
1.55569990162         0.0868669428668       -0.245584899223       0.0868669428668       -0.245584899223       0.00407259384545      -0.106836145353       
1.56535859941         0.0831004105254       -0.239064909429       0.0831004105254       -0.239064909429       0.00357046072358      -0.104041384981       
1.5750172972          0.0794643958287       -0.232711726708       0.0794643958287       -0.232711726708       0.0030892212684       -0.101317332713       
1.58467599499         0.0759722506434       -0.226556575428       0.0759722506434       -0.226556575428       0.00263192206251      -0.0986770847785      
1.59433469278         0.0725726718096       -0.220526774433       0.0725726718096       -0.220526774433       0.00218207147318      -0.0960902044806      
1.60399339057         0.0693080132887       -0.214695264957       0.0693080132887       -0.214695264957       0.00175361694073      -0.0935879182369      
1.61365208836         0.0661705852547       -0.208999455719       0.0661705852547       -0.208999455719       0.00134847996917      -0.0911435002738      
1.62331078615         0.0631020847947       -0.203478468154       0.0631020847947       -0.203478468154       0.000943226291028     -0.0887728972848      
1.63296948394         0.0601553581735       -0.198086420799       0.0601553581735       -0.198086420799       0.000559258917214     -0.0864571718317      
1.64262818173         0.0572909963939       -0.192826530728       0.0572909963939       -0.192826530728       0.00018241041947      -0.0841995012098      
1.65228687953         0.0545411048797       -0.18771947976        0.0545411048797       -0.18771947976        -0.000176839347442    -0.082006254076       
1.66194557732         0.0518900340561       -0.182754800799       0.0518900340561       -0.182754800799       -0.000522141717065    -0.0798731879371      
1.67160427511         0.0493367331168       -0.177935064532       0.0493367331168       -0.177935064532       -0.000854836484589    -0.0778017367652      
1.6812629729          0.0468855589329       -0.173260117885       0.0468855589329       -0.173260117885       -0.00117111928832     -0.0757920285722      
1.69092167069         0.0445730948735       -0.168922152188       0.0445730948735       -0.168922152188       -0.00147912199589     -0.0739281307182      
1.70058036848         0.0426623094471       -0.165941656711       0.0426623094471       -0.165941656711       -0.00178882594581     -0.0726570814554      
1.71023906627         0.0407600052736       -0.162869968781       0.0407600052736       -0.162869968781       -0.0020896409026      -0.0713450560202      
1.71989776406         0.0388803670506       -0.159748562303       0.0388803670506       -0.159748562303       -0.00238162561905     -0.070010244132       
1.72955646185         0.0370303792024       -0.156600498428       0.0370303792024       -0.156600498428       -0.00266453150858     -0.0686627652417      
1.73921515964         0.0352108055243       -0.153436255959       0.0352108055243       -0.153436255959       -0.00293876719779     -0.0673071763965      
1.74887385744         0.0334208334443       -0.150277684931       0.0334208334443       -0.150277684931       -0.00320649393062     -0.0659533146788      
1.75853255523         0.0316755691062       -0.147087861158       0.0316755691062       -0.147087861158       -0.00346030695689     -0.0645852748988      
1.76819125302         0.0299635841926       -0.14391075923        0.0299635841926       -0.14391075923        -0.00370770882219     -0.0632213784828      
1.77784995081         0.0282946301181       -0.140747193794       0.0282946301181       -0.140747193794       -0.00394393459091     -0.06186221619        
1.7875086486          0.0266562176753       -0.137592233785       0.0266562176753       -0.137592233785       -0.00417382272588     -0.0605059074234      
1.79716734639         0.0250782099457       -0.134461711849       0.0250782099457       -0.134461711849       -0.0043872833691      -0.0591588096321      
1.80682604418         0.0235615516239       -0.131384500132       0.0235615516239       -0.131384500132       -0.0045799808896      -0.0578370163172      
1.81648474197         0.0220213740985       -0.128248759188       0.0220213740985       -0.128248759188       -0.00479418265197     -0.0564829625063      
1.82614343976         0.0205508637789       -0.12517494031        0.0205508637789       -0.12517494031        -0.00498515421817     -0.0551577985639      
1.83580213755         0.0191195717893       -0.122124723343       0.0191195717893       -0.122124723343       -0.00516774772562     -0.0538419902844      
1.84546083534         0.0177212902992       -0.119094772562       0.0177212902992       -0.119094772562       -0.00534412920159     -0.0525345402379      
1.85511953314         0.0163670649635       -0.116087604264       0.0163670649635       -0.116087604264       -0.00551087792323     -0.0512362185017      
1.86477823093         0.0150571531699       -0.113112220939       0.0150571531699       -0.113112220939       -0.00566755279841     -0.049950535611       
1.87443692872         0.0137878092138       -0.110163510078       0.0137878092138       -0.110163510078       -0.00581542208596     -0.0486754471839      
1.88409562651         0.0125607777118       -0.107245643716       0.0125607777118       -0.107245643716       -0.0059539371295      -0.0474127157202      
1.8937543243          0.0113757002613       -0.104360881634       0.0113757002613       -0.104360881634       -0.00608318078064     -0.0461634460012      
1.90341302209         0.0102298862305       -0.10150770627        0.0102298862305       -0.10150770627        -0.0062040667448      -0.0449270639501      
1.91307171988         0.00912613014092      -0.0986914334655      0.00912613014092      -0.0986914334655      -0.00631579347448     -0.0437057657518      
1.92273041767         0.00805954000409      -0.0959068651361      0.00805954000409      -0.0959068651361      -0.00641973218558     -0.0424976755057      
1.93238911546         0.00703369744241      -0.093158710415       0.00703369744241      -0.093158710415       -0.00651507819527     -0.0413048050061      
1.94204781325         0.00604947712504      -0.0904486531641      0.00604947712504      -0.0904486531641      -0.00660118480975     -0.0401274340624      
1.95170651105         0.0051051596663       -0.0877777677916      0.0051051596663       -0.0877777677916      -0.00667870790391     -0.0389662997023      
1.96136520884         0.00420452282233      -0.0851485397545      0.00420452282233      -0.0851485397545      -0.00674623009733     -0.0378223295355      
1.97102390663         0.00333149338228      -0.0825548192112      0.00333149338228      -0.0825548192112      -0.00680951772942     -0.0366933102891      
1.98068260442         0.00250140829621      -0.0800040520659      0.00250140829621      -0.0800040520659      -0.00686312566714     -0.0355820489776      
1.99034130221         0.00170534340975      -0.0774926360334      0.00170534340975      -0.0774926360334      -0.00690994343527     -0.0344875408036      
2                     0.000947019741362     -0.0750210885999      0.000947019741362     -0.0750210885999      -0.00694896323911     -0.0334095857878      
2.001                 0.000870958645179     -0.0747678896277      0.000870958645179     -0.0747678896277      -0.00695241084775     -0.0332991135101      
2.34901389245         -0.00722271079875     -0.0142266880406      -0.00722271079875     -0.0142266880406      -0.00448481848814     -0.00655368843895     
2.6970277849          -0.00020978320295     -4.21824821807e-05    -0.00020978320295     -4.21824821807e-05    -0.000123342148964    -2.22274502477e-05    
2.6980277849          -0.000203380551449    -4.05193828179e-05    -0.000203380551449    -4.05193828179e-05    -0.000119642428512    -2.13596102182e-05    
2.7150277849          -0.00011066969546     -1.81268581463e-05    -0.00011066969546     -1.81268581463e-05    -6.57020631261e-05    -9.58594367089e-06    
2.7320277849          -4.60351147538e-05    -4.43783028281e-06    -4.60351147538e-05    -4.43783028281e-06    -2.75712950195e-05    -2.26830616371e-06    
2.7490277849          -7.56209104312e-06    3.27637474077e-06     -7.56209104312e-06    3.27637474077e-06     -4.55152549794e-06    1.93685031112e-06     
2.7660277849          1.17890770037e-07     1.50451573357e-05     1.17890770037e-07     1.50451573357e-05     1.87356698113e-05     -2.35951323237e-05    
2.7830277849          2.52428874023e-07     4.37973331492e-05     2.52428874023e-07     4.37973331492e-05     1.69109669727e-05     -4.02166891445e-06    
2.8000277849          3.10404526894e-07     7.61454001527e-05     3.10404526894e-07     7.61454001527e-05     1.53991228741e-05     1.82188539155e-05     
2.8170277849          3.1670389766e-07      0.000108156864737     3.1670389766e-07      0.000108156864737     1.4056191348e-05      4.06236776591e-05     
2.8180277849          3.15910059865e-07     0.000109986481495     3.15910059865e-07     0.000109986481495     1.39813888342e-05     4.191857827e-05       
2.99700666214         -8.10279128384e-08    0.00026228399098      -8.10279128384e-08    0.00026228399098      5.29997447071e-06     0.000168565671896     
3.17598553938         -3.19795081647e-08    0.000186296884976     -3.19795081647e-08    0.000186296884976     1.86238571349e-06     0.00013503550399      
3.35496441662         1.43183774531e-08     8.31706546369e-05     1.43183774531e-08     8.31706546369e-05     5.52266827348e-07     6.62774969997e-05     
3.53394329386         1.85940823762e-09     2.25091007642e-05     1.85940823762e-09     2.25091007642e-05     1.09215784421e-07     1.96396093413e-05     
3.7129221711          -8.81866758261e-10    1.2730168831e-06      -8.81866758261e-10    1.2730168831e-06      4.3649181858e-09      1.22680612186e-06     
3.89190104834         2.80660228867e-06     6.4301126899e-09      2.80660228867e-06     6.4301126899e-09      2.97353682497e-06     -1.83001978445e-07    
4.07087992558         4.78442241142e-06     2.30148437281e-08     4.78442241142e-06     2.30148437281e-08     5.41604638268e-06     -4.35986862746e-07    
4.24985880283         4.05516243999e-06     3.38147397466e-08     4.05516243999e-06     3.38147397466e-08     4.89855598139e-06     -4.78817693214e-07    
4.42883768007         2.55315992343e-06     3.31112073325e-08     2.55315992343e-06     3.31112073325e-08     3.2897439909e-06      -3.73591643498e-07    
4.60781655731         1.33018770827e-06     2.50167765403e-08     1.33018770827e-06     2.50167765403e-08     1.82861857458e-06     -2.34354506426e-07    
4.78679543455         6.00270695601e-07     1.55957597155e-08     6.00270695601e-07     1.55957597155e-08     8.81092137732e-07     -1.24852077659e-07    
4.96577431179         2.40278418145e-07     8.32523090789e-09     2.40278418145e-07     8.32523090789e-09     3.77053482452e-07     -5.81882317709e-08    
5.14475318903         8.65150411701e-08     3.89342328292e-09     8.65150411701e-08     3.89342328292e-09     1.45393597222e-07     -2.41554305528e-08    
5.32373206627         2.82705869592e-08     1.61959753291e-09     2.82705869592e-08     1.61959753291e-09     5.09926714178e-08     -9.03760885531e-09    
5.50271094351         8.4336710309e-09      6.0567422863e-10      8.4336710309e-09      6.0567422863e-10      1.63710648506e-08     -3.07259873378e-09    
5.68168982075         2.30622368175e-09     2.05206326653e-10     2.30622368175e-09     2.05206326653e-10     4.83339038143e-09     -9.54864321889e-10    
5.86066869799         5.79705646117e-10     6.33563662056e-11     5.79705646117e-10     6.33563662056e-11     1.31679270339e-09     -2.72446310771e-10    
6.03964757523         1.34201436753e-10     1.79055121593e-11     1.34201436753e-10     1.79055121593e-11     3.3189997665e-10      -7.16136887911e-11    
6.21862645247         2.86458917532e-11     4.64852663976e-12     2.86458917532e-11     4.64852663976e-12     7.75545804252e-11     -1.73876792112e-11    
6.39760532971         5.64114693267e-12     1.11174722119e-12     5.64114693267e-12     1.11174722119e-12     1.68276535917e-11     -3.90786201607e-12    
6.57658420695         1.02489297905e-12     2.45515113953e-13     1.02489297905e-12     2.45515113953e-13     3.39504083073e-12     -8.14431611721e-13    
6.75556308419         1.71653269987e-13     5.01537292208e-14     1.71653269987e-13     5.01537292208e-14     6.37509583384e-13     -1.57597150311e-13    
6.93454196143         2.64842240089e-14     9.49940344684e-15     2.64842240089e-14     9.49940344684e-15     1.11600296874e-13     -2.8369948896e-14     
7.11352083868         3.79245834479e-15     1.68718332562e-15     3.79245834479e-15     1.68718332562e-15     1.84091206977e-14     -4.80329952929e-15    
7.29249971592         4.73109054699e-16     2.65144895146e-16     4.73109054699e-16     2.65144895146e-16     2.69871229283e-15     -7.21515064019e-16    
7.47147859316         5.87138505505e-17     4.24272263001e-17     5.87138505505e-17     4.24272263001e-17     4.04423312302e-16     -1.10624246817e-16    
7.6504574704          1.09621072548e-17     1.05853431867e-17     1.09621072548e-17     1.05853431867e-17     9.48353763712e-17     -2.65043647449e-17    
7.82943634764         8.86596100782e-18     1.21300123178e-17     8.86596100782e-18     1.21300123178e-17     1.02474586954e-16     -2.92254253853e-17    
8.00841522488         6.39244831851e-18     1.38088771172e-17     6.39244831851e-18     1.38088771172e-17     1.10330674079e-16     -3.20737877709e-17    
8.18739410212         3.53191397649e-18     1.56256462833e-17     3.53191397649e-18     1.56256462833e-17     1.18398130634e-16     -3.50479253434e-17    
8.36637297936         2.754950907e-19       1.75838277544e-17     2.754950907e-19       1.75838277544e-17     1.26671835315e-16     -3.81463251356e-17    
8.5453518566          -3.38495447995e-18    1.96867398887e-17     -3.38495447995e-18    1.96867398887e-17     1.35147030248e-16     -4.13674957723e-17    
8.72433073384         -7.4569316723e-18     2.19375222376e-17     -7.4569316723e-18     2.19375222376e-17     1.43819293696e-16     -4.47099736159e-17    
8.90330961108         -1.19473446473e-17    2.43391458595e-17     -1.19473446473e-17    2.43391458595e-17     1.52684514018e-16     -4.81723274053e-17    
9.08228848832         -1.68625669056e-17    2.68944231483e-17     -1.68625669056e-17    2.68944231483e-17     1.61738865473e-16     -5.17531616724e-17    
9.26126736556         -2.22084858024e-17    2.96060171608e-17     -2.22084858024e-17    2.96060171608e-17     1.70978785906e-16     -5.54511191687e-17    
9.4402462428          -2.79905460918e-17    3.24764504431e-17     -2.79905460918e-17    3.24764504431e-17     1.80400956233e-16     -5.9264882493e-17     
9.61922512004         -3.42137890552e-17    3.55081133607e-17     -3.42137890552e-17    3.55081133607e-17     1.90002281607e-16     -6.31931750749e-17    
9.79820399728         -4.08828877059e-17    3.87032719456e-17     -4.08828877059e-17    3.87032719456e-17     1.99779874139e-16     -6.72347616431e-17    
9.97718287453         -4.80021785014e-17    4.20640752762e-17     -4.80021785014e-17    4.20640752762e-17     2.09731037059e-16     -7.13884482816e-17    
10.1561617518         -5.55756899465e-17    4.55925624102e-17     -5.55756899465e-17    4.55925624102e-17     2.19853250193e-16     -7.56530821613e-17    
10.335140629          -6.36071684233e-17    4.92906688894e-17     -6.36071684233e-17    4.92906688894e-17     2.3014415665e-16      -8.00275510148e-17    
10.5141195062         -7.21001015476e-17    5.31602328403e-17     -7.21001015476e-17    5.31602328403e-17     2.40601550613e-16     -8.4510782414e-17     
10.6930983835         -8.10577393129e-17    5.72030006911e-17     -8.10577393129e-17    5.72030006911e-17     2.51223366139e-16     -8.9101742896e-17     
10.8720772607         -9.04831132574e-17    6.1420632528e-17      -9.04831132574e-17    6.1420632528e-17      2.62007666884e-16     -9.37994369762e-17    
11.051056138          -1.00379053858e-16    6.58147071109e-17     -1.00379053858e-16    6.58147071109e-17     2.72952636667e-16     -9.86029060792e-17    
11.2300350152         -1.10748206337e-16    7.03867265711e-17     -1.10748206337e-16    7.03867265711e-17     2.84056570804e-16     -1.03511227414e-16    
11.4090138924         -1.2159304504e-16     7.51381208098e-17     -1.2159304504e-16     7.51381208098e-17     2.95317868145e-16     -1.08523512812e-16    
11.5879927697         -1.32915886531e-16    8.00702516166e-17     -1.32915886531e-16    8.00702516166e-17     3.06735023745e-16     -1.13638907547e-16    
11.7669716469         -1.44718901538e-16    8.51844165269e-17     -1.44718901538e-16    8.51844165269e-17     3.18306622127e-16     -1.18856589149e-16    
11.9459505242         -1.57004125853e-16    9.04818524342e-17     -1.57004125853e-16    9.04818524342e-17     3.3003133107e-16      -1.2417576622e-16     
12.1249294014         -1.69773470292e-16    9.59637389749e-17     -1.69773470292e-16    9.59637389749e-17     3.41907895895e-16     -1.29595677265e-16    
12.3039082787         -1.83028729819e-16    1.01631201699e-16     -1.83028729819e-16    1.01631201699e-16     3.53935134185e-16     -1.35115589545e-16    
12.4828871559         -1.96771591885e-16    1.07485315044e-16     -1.96771591885e-16    1.07485315044e-16     3.66111930921e-16     -1.40734797947e-16    
12.6618660331         -2.1100364409e-16     1.1352710512e-16      -2.1100364409e-16     1.1352710512e-16      3.78437233987e-16     -1.4645262389e-16     
12.8408449104         -2.2572638121e-16     1.19757552324e-16     -2.2572638121e-16     1.19757552324e-16     3.90910050017e-16     -1.52268414256e-16    
13.0198237876         -2.40941211645e-16    1.26177593794e-16     -2.40941211645e-16    1.26177593794e-16     4.03529440556e-16     -1.58181540359e-16    
13.1988026649         -2.56649463364e-16    1.3278812571e-16      -2.56649463364e-16    1.3278812571e-16      4.16294518504e-16     -1.64191396945e-16    
13.3777815421         -2.72852389366e-16    1.39590005455e-16     -2.72852389366e-16    1.39590005455e-16     4.29204444832e-16     -1.70297401228e-16    
13.5567604193         -2.89551172717e-16    1.46584053644e-16     -2.89551172717e-16    1.46584053644e-16     4.42258425525e-16     -1.76498991961e-16    
13.7357392966         -3.06746931195e-16    1.53771056036e-16     -3.06746931195e-16    1.53771056036e-16     4.55455708767e-16     -1.82795628546e-16    
13.9147181738         -3.24440721578e-16    1.61151765325e-16     -3.24440721578e-16    1.61151765325e-16     4.68795582313e-16     -1.89186790172e-16    
14.0936970511         -3.42633543607e-16    1.68726902827e-16     -3.42633543607e-16    1.68726902827e-16     4.82277371062e-16     -1.95671974993e-16    
14.2726759283         -3.61326343652e-16    1.7649716007e-16      -3.61326343652e-16    1.7649716007e-16      4.95900434803e-16     -2.0225069934e-16     
14.4516548055         -3.805200181e-16      1.84463200284e-16     -3.805200181e-16      1.84463200284e-16     5.09664166123e-16     -2.08922496965e-16    
14.6306336828         -4.00215416501e-16    1.92625659814e-16     -4.00215416501e-16    1.92625659814e-16     5.23567988479e-16     -2.15686918313e-16    
14.80961256           -4.20413344479e-16    2.00985149443e-16     -4.20413344479e-16    2.00985149443e-16     5.37611354416e-16     -2.22543529831e-16    
14.9885914373         -4.41114566439e-16    2.09542255642e-16     -4.41114566439e-16    2.09542255642e-16     5.51793743954e-16     -2.29491913307e-16    
15.1675703145         -4.62319808075e-16    2.18297541752e-16     -4.62319808075e-16    2.18297541752e-16     5.6611466318e-16      -2.36531665231e-16    
15.3465491917         -4.84029758704e-16    2.27251549092e-16     -4.84029758704e-16    2.27251549092e-16     5.80573643193e-16     -2.43662396195e-16    
15.525528069          -5.06245073441e-16    2.36404798013e-16     -5.06245073441e-16    2.36404798013e-16     5.95170240128e-16     -2.50883730306e-16    
15.7045069462         -5.28966375213e-16    2.45757788887e-16     -5.28966375213e-16    2.45757788887e-16     6.09904048253e-16     -2.58195305973e-16    
15.8834858235         -5.52194256644e-16    2.55311003044e-16     -5.52194256644e-16    2.55311003044e-16     6.24774626251e-16     -2.6559683952e-16     
16.0624647007         -5.75929281812e-16    2.65064903661e-16     -5.75929281812e-16    2.65064903661e-16     6.39781561484e-16     -2.73087927003e-16    
16.2414435779         -6.00171987884e-16    2.75019936593e-16     -6.00171987884e-16    2.75019936593e-16     6.54924501022e-16     -2.80668241314e-16    
16.4204224552         -6.24922886642e-16    2.8517653117e-16      -6.24922886642e-16    2.8517653117e-16      6.70203096242e-16     -2.88337466335e-16    
16.5994013324         -6.50182465914e-16    2.95535100947e-16     -6.50182465914e-16    2.95535100947e-16     6.85617012767e-16     -2.9609529649e-16     
16.7783802097         -6.75951190904e-16    3.06096044409e-16     -6.75951190904e-16    3.06096044409e-16     7.01165930821e-16     -3.03941436331e-16    
16.9573590869         -7.02229505446e-16    3.16859745647e-16     -7.02229505446e-16    3.16859745647e-16     7.1684954478e-16      -3.11875600134e-16    
17.1363379642         -7.29017833167e-16    3.27826574995e-16     -7.29017833167e-16    3.27826574995e-16     7.32667562556e-16     -3.19897511512e-16    
17.3153168414         -7.56316578583e-16    3.38996889635e-16     -7.56316578583e-16    3.38996889635e-16     7.48619704954e-16     -3.28006903051e-16    
17.4942957186         -7.84126128125e-16    3.50371034164e-16     -7.84126128125e-16    3.50371034164e-16     7.64705705031e-16     -3.3620351596e-16     
17.6732745959         -8.12446851099e-16    3.61949341146e-16     -8.12446851099e-16    3.61949341146e-16     7.80925307486e-16     -3.44487099732e-16    
17.8522534731         -8.41279100591e-16    3.7373213162e-16      -8.41279100591e-16    3.7373213162e-16      7.97278268074e-16     -3.52857411829e-16    
18.0312323504         -8.70623214312e-16    3.85719715597e-16     -8.70623214312e-16    3.85719715597e-16     8.13764353056e-16     -3.61314217368e-16    
18.2102112276         -9.00479515394e-16    3.97912392519e-16     -9.00479515394e-16    3.97912392519e-16     8.30383338672e-16     -3.69857288839e-16    
18.3891901048         -9.30848313137e-16    4.10310451706e-16     -9.30848313137e-16    4.10310451706e-16     8.47135010648e-16     -3.78486405813e-16    
18.5681689821         -9.61729903716e-16    4.22914172774e-16     -9.61729903716e-16    4.22914172774e-16     8.6401916373e-16      -3.87201354684e-16    
18.7471478593         -9.9312457084e-16     4.35723826035e-16     -9.9312457084e-16     4.35723826035e-16     8.81035601238e-16     -3.96001928406e-16    
18.9261267366         -1.02503258637e-15    4.48739672879e-16     -1.02503258637e-15    4.48739672879e-16     8.98184134654e-16     -4.04887926253e-16    
19.1051056138         -1.05745421093e-15    4.61961966133e-16     -1.05745421093e-15    4.61961966133e-16     9.15464583225e-16     -4.13859153581e-16    
19.284084491          -1.09038969442e-15    4.75390950411e-16     -1.09038969442e-15    4.75390950411e-16     9.32876773592e-16     -4.22915421604e-16    
19.4630633683         -1.12383927657e-15    4.89026862437e-16     -1.12383927657e-15    4.89026862437e-16     9.50420539439e-16     -4.3205654718e-16     
19.6420422455         -1.15780318742e-15    5.02869931359e-16     -1.15780318742e-15    5.02869931359e-16     9.68095721158e-16     -4.41282352605e-16    
19.8210211228         -1.1922816478e-15     5.16920379051e-16     -1.1922816478e-15     5.16920379051e-16     9.85902165535e-16     -4.50592665414e-16    
20                    0                     0                     0                     0                     0                     0                     
