0.0779191396          0                     0                     0                     0                     0                     0                     
0.087577837391        2.04740303596         1.7288509807          2.04740303596         1.7288509807          0.609803229538        0.714725098261        
0.0972365351819       9.92547667066         7.82084686723         9.92547667066         7.82084686723         3.10230838797         3.19267153533         
0.106895232973        21.3795005299         15.7632912413         21.3795005299         15.7632912413         6.97995069623         6.35586473            
0.116553930764        33.6717273807         23.2630469256         33.6717273807         23.2630469256         11.4228973017         9.25203373895         
0.126212628555        45.1602690969         29.2365728678         45.1602690969         29.2365728678         15.8459168731         11.4430521347         
0.135871326346        55.0706186606         33.4280701206         55.0706186606         33.4280701206         19.9037687576         12.8390619375         
0.145530024137        63.2022216325         35.9400721819         63.2022216325         35.9400721819         23.4527755368         13.4975320822         
0.155188721928        69.5844928271         37.0030978878         69.5844928271         37.0030978878         26.4368220243         13.5208267668         
0.164847419719        74.3700167643         36.8823799102         74.3700167643         36.8823799102         28.8541220827         13.0216251738         
0.17450611751         77.7609225324         35.8179573847         77.7609225324         35.8179573847         30.736116064          12.0993592117         
0.184164815301        79.8962665196         34.0105162552         79.8962665196         34.0105162552         32.0844381498         10.8380971047         
0.193823513091        80.8839452996         31.6947944996         80.8839452996         31.6947944996         32.8948525836         9.35355109675         
0.203482210882        80.8852786604         29.1106260971         80.8852786604         29.1106260971         33.2093666733         7.77452924525         
0.213140908673        80.0712675201         26.4490822569         80.0712675201         26.4490822569         33.0930297288         6.21043530293         
0.222799606464        78.6196358161         23.8550586976         78.6196358161         23.8550586976         32.6311076061         4.74210160522         
0.232458304255        76.7078116033         21.4176393048         76.7078116033         21.4176393048         31.9161839704         3.41480497868         
0.242117002046        74.4835318171         19.1791088275         74.4835318171         19.1791088275         31.0275942136         2.2458736346          
0.251775699837        72.0711765442         17.1446927401         72.0711765442         17.1446927401         30.0327779932         1.22949428937         
0.261434397628        69.5425064843         15.3189362712         69.5425064843         15.3189362712         28.9708124617         0.360421542846        
0.271093095419        66.9752381276         13.6669632876         66.9752381276         13.6669632876         27.8818678822         -0.389606998901       
0.28075179321         64.4017213441         12.1854326479         64.4017213441         12.1854326479         26.781386692          -1.0269657111         
0.290410491001        61.8570648797         10.865731357          61.8570648797         10.865731357          25.6887267274         -1.56003494538        
0.300069188792        59.3723834796         9.69297022517         59.3723834796         9.69297022517         24.6217560413         -2.0010829252         
0.309727886583        56.9706096804         8.64573822204         56.9706096804         8.64573822204         23.5935611629         -2.36639249772        
0.319386584374        54.661037145          7.70007532133         54.661037145          7.70007532133         22.6091403193         -2.67361822158        
0.329045282165        52.4410959744         6.84459464891         52.4410959744         6.84459464891         21.6654506475         -2.9313731037         
0.338703979956        50.3150365234         6.06041188078         50.3150365234         6.06041188078         20.7643203795         -3.15310945291        
0.348362677747        48.2641413639         5.34540587713         48.2641413639         5.34540587713         19.8941046472         -3.34034865034        
0.358021375538        46.2967845191         4.69294164435         46.2967845191         4.69294164435         19.0590324644         -3.49760961319        
0.367680073329        44.407666434          4.10243841823         44.407666434          4.10243841823         18.2558804005         -3.62512408217        
0.37733877112         42.5954702692         3.57093479435         42.5954702692         3.57093479435         17.4845485806         -3.72438808064        
0.386997468911        40.8608493868         3.09555832781         40.8608493868         3.09555832781         16.7457968929         -3.79703850939        
0.396656166702        39.2038761925         2.6726741058          39.2038761925         2.6726741058          16.0405933959         -3.8449891485         
0.406314864492        37.6244694104         2.29760951849         37.6244694104         2.29760951849         15.3695064418         -3.87108139956        
0.415973562283        36.1228194393         1.96429875771         36.1228194393         1.96429875771         14.7334253102         -3.8789867562         
0.425632260074        34.6925092964         1.67139818685         34.6925092964         1.67139818685         14.129390902          -3.86935657297        
0.435290957865        33.3375105589         1.41064022784         33.3375105589         1.41064022784         13.5601413492         -3.84747355262        
0.444949655656        32.0536701927         1.17623357196         32.0536701927         1.17623357196         13.0237866234         -3.81657794779        
0.454608353447        30.8373987852         0.964033674858        30.8373987852         0.964033674858        12.5183576616         -3.77942670824        
0.464267051238        29.6843212075         0.769704516912        29.6843212075         0.769704516912        12.0416794598         -3.73823469098        
0.473925749029        28.5895318673         0.589505411622        28.5895318673         0.589505411622        11.5911763226         -3.69505661377        
0.48358444682         27.5485450471         0.422265617044        27.5485450471         0.422265617044        11.1644970699         -3.65059288895        
0.493243144611        26.556951867          0.266488557324        26.556951867          0.266488557324        10.7594506609         -3.60542572432        
0.502901842402        25.610537247          0.120928925939        25.610537247          0.120928925939        10.3737734049         -3.56013157804        
0.512560540193        24.7086445276         -0.0156706241036      24.7086445276         -0.0156706241036      10.0071172051         -3.5153656005         
0.522219237984        23.84461837           -0.143155410293       23.84461837           -0.143155410293       9.65612391509         -3.47041448507        
0.531877935775        23.0199904384         -0.262595769401       23.0199904384         -0.262595769401       9.32134286241         -3.42619605323        
0.541536633566        22.2292938424         -0.374352906388       22.2292938424         -0.374352906388       9.00040087644         -3.38220659124        
0.551195331357        21.4711720487         -0.478438955095       21.4711720487         -0.478438955095       8.69251464012         -3.33832692634        
0.560854029148        20.7439065606         -0.575180418449       20.7439065606         -0.575180418449       8.39699134199         -3.29448253612        
0.570512726939        20.044914164          -0.664700268382       20.044914164          -0.664700268382       8.11266792482         -3.25041309879        
0.58017142473         19.3743962229         -0.747262857782       19.3743962229         -0.747262857782       7.83963371714         -3.20625946586        
0.589830122521        18.7297360955         -0.823030547625       18.7297360955         -0.823030547625       7.5768271817          -3.16174367459        
0.599488820312        18.1099915033         -0.89217961375        18.1099915033         -0.89217961375        7.32386034879         -3.11679581752        
0.609147518103        17.5147018972         -0.955001622524       17.5147018972         -0.955001622524       7.08060924005         -3.07149026085        
0.618806215893        16.9406253197         -1.01142300073        16.9406253197         -1.01142300073        6.8457249384          -3.02530616541        
0.628464913684        16.3896017003         -1.0630344966         16.3896017003         -1.0630344966         6.62010780726         -2.97946662706        
0.638123611475        15.8591629598         -1.10713321288        15.8591629598         -1.10713321288        6.40282898772         -2.93178565284        
0.647782309266        15.3496622557         -1.14747552216        15.3496622557         -1.14747552216        6.19411374802         -2.88467396764        
0.657441007057        14.859050799          -1.18236812637        14.859050799          -1.18236812637        5.99297373802         -2.83687060899        
0.667099704848        14.3870655583         -1.21271036596        14.3870655583         -1.21271036596        5.79948643502         -2.78880177425        
0.676758402639        13.9332596011         -1.23848741852        13.9332596011         -1.23848741852        5.61350383808         -2.74033925156        
0.68641710043         13.4967349655         -1.26040184409        13.4967349655         -1.26040184409        5.43471723781         -2.69181049063        
0.696075798221        13.076340428          -1.27853601535        13.076340428          -1.27853601535        5.26261828369         -2.64312892466        
0.705734496012        12.6722965644         -1.29329420343        12.6722965644         -1.29329420343        5.09735739637         -2.59454623626        
0.715393193803        12.2833969741         -1.30497169574        12.2833969741         -1.30497169574        4.93848578212         -2.54605853949        
0.725051891594        11.9092141335         -1.31383487102        11.9092141335         -1.31383487102        4.78583988129         -2.49778041884        
0.734710589385        11.548969666          -1.320180632          11.548969666          -1.320180632          4.6390776775          -2.44981139375        
0.744369287176        11.2026300261         -1.32426222943        11.2026300261         -1.32426222943        4.49823542649         -2.40227431457        
0.754027984967        10.8690348149         -1.32634879987        10.8690348149         -1.32634879987        4.36280914355         -2.35520964946        
0.763686682758        10.5477312898         -1.32661226281        10.5477312898         -1.32661226281        4.23262089663         -2.30866174242        
0.773345380549        10.2384700846         -1.32539601867        10.2384700846         -1.32539601867        4.10756576876         -2.26281232898        
0.78300407834         9.94073969035         -1.32322759049        9.94073969035         -1.32322759049        3.98745256857         -2.21794679321        
0.792662776131        9.65301674645         -1.3191023835         9.65301674645         -1.3191023835         3.8714954453          -2.17325153883        
0.802321473922        9.37670411875         -1.31394525275        9.37670411875         -1.31394525275        3.76050419093         -2.12941863256        
0.811980171713        9.10990488547         -1.30820260688        9.10990488547         -1.30820260688        3.65350403917         -2.086578761          
0.821638869504        8.85246017796         -1.30174697408        8.85246017796         -1.30174697408        3.55045313267         -2.04461124492        
0.831297567294        8.60403133176         -1.29461266512        8.60403133176         -1.29461266512        3.45122316322         -2.00348415488        
0.840956265085        8.36409069992         -1.28695416198        8.36409069992         -1.28695416198        3.35551982771         -1.96327143183        
0.850614962876        8.13227222442         -1.27894858485        8.13227222442         -1.27894858485        3.26328801851         -1.9239617557         
0.860273660667        7.90816741145         -1.27030939048        7.90816741145         -1.27030939048        3.17421067014         -1.88543324376        
0.869932358458        7.69068005785         -1.26069107023        7.69068005785         -1.26069107023        3.08782489811         -1.84734951405        
0.879591056249        7.48088919889         -1.25103903553        7.48088919889         -1.25103903553        3.00471278684         -1.81031031714        
0.88924975404         7.27805442723         -1.24128318177        7.27805442723         -1.24128318177        2.92449922189         -1.77421151231        
0.898908451831        7.08164120813         -1.23138137229        7.08164120813         -1.23138137229        2.84692480903         -1.73899170199        
0.908567149622        6.89128312245         -1.22121245937        6.89128312245         -1.22121245937        2.77185020374         -1.70451685124        
0.918225847413        6.70691682973         -1.21121884501        6.70691682973         -1.21121884501        2.6992190948          -1.67099869472        
0.927884545204        6.52783900769         -1.20129367224        6.52783900769         -1.20129367224        2.62873296678         -1.63831102077        
0.937543242995        6.35363240837         -1.19134108467        6.35363240837         -1.19134108467        2.56018769862         -1.60637863233        
0.947201940786        6.18434514647         -1.18137333423        6.18434514647         -1.18137333423        2.4936081259          -1.57521146914        
0.956860638577        6.01890913224         -1.17121270551        6.01890913224         -1.17121270551        2.42853149062         -1.54456855312        
0.966519336368        5.8570634851          -1.16080575551        5.8570634851          -1.16080575551        2.36484462758         -1.51437337364        
0.976178034159        5.69717574075         -1.14989165345        5.69717574075         -1.14989165345        2.30189817521         -1.48424190726        
0.98583673195         5.52944267586         -1.1363689952         5.52944267586         -1.1363689952         2.23573084994         -1.45153381142        
0.995495429741        5.35984127459         -1.12163703734        5.35984127459         -1.12163703734        2.16867386955         -1.41798919911        
1.00515412753         5.19716377317         -1.10730469987        5.19716377317         -1.10730469987        2.10431448378         -1.3857362272         
1.01481282532         5.04112039597         -1.0932505705         5.04112039597         -1.0932505705         2.04262364321         -1.35463419803        
1.02447152311         4.89063326587         -1.07947265028        4.89063326587         -1.07947265028        1.98303300532         -1.3245883273         
1.0341302209          4.74553170975         -1.06598791046        4.74553170975         -1.06598791046        1.92552480288         -1.29555900021        
1.0437889187          4.60580271992         -1.05274917284        4.60580271992         -1.05274917284        1.87010051908         -1.26750456959        
1.05344761649         4.47051806907         -1.03961442868        4.47051806907         -1.03961442868        1.81637845841         -1.24021436816        
1.06310631428         4.33998556151         -1.02667096595        4.33998556151         -1.02667096595        1.7644928831          -1.21377055099        
1.07276501207         4.21367518463         -1.01386654976        4.21367518463         -1.01386654976        1.71421307791         -1.18807381849        
1.08242370986         4.09167898004         -1.00120894838        4.09167898004         -1.00120894838        1.66560244581         -1.16312391603        
1.09208240765         3.97372513387         -0.988700378582       3.97372513387         -0.988700378582       1.61853500939         -1.13889327989        
1.10174110544         3.8593626663          -0.976231702701       3.8593626663          -0.976231702701       1.57284179502         -1.11524152398        
1.11139980323         3.74890629599         -0.963881920632       3.74890629599         -0.963881920632       1.52865428546         -1.09225198655        
1.12105850102         3.64187541529         -0.951631449654       3.64187541529         -0.951631449654       1.48576871765         -1.0698556206         
1.13071719881         3.53827259844         -0.939454395625       3.53827259844         -0.939454395625       1.44420433835         -1.04801755548        
1.14037589661         3.43790178577         -0.927314849586       3.43790178577         -0.927314849586       1.4038809911          -1.02668999708        
1.1500345944          3.34071777624         -0.915261144531       3.34071777624         -0.915261144531       1.36478458403         -1.00589471479        
1.15969329219         3.24659162248         -0.90327938226        3.24659162248         -0.90327938226        1.32686790389         -0.985600503225       
1.16935198998         3.15536401014         -0.891325707274       3.15536401014         -0.891325707274       1.29006745761         -0.965753266172       
1.17901068777         3.06698246461         -0.879420752256       3.06698246461         -0.879420752256       1.25437112411         -0.946354289983       
1.18866938556         2.98111065122         -0.867517431675       2.98111065122         -0.867517431675       1.21965057847         -0.927325660229       
1.19832808335         2.89835206124         -0.855859623919       2.89835206124         -0.855859623919       1.18612642657         -0.908905601948       
1.20798678114         2.81788046446         -0.844022141266       2.81788046446         -0.844022141266       1.1535304054          -0.890689631364       
1.21764547893         2.74000970661         -0.832300252055       2.74000970661         -0.832300252055       1.12194885685         -0.87291702997        
1.22730417672         2.6643673094          -0.820630447724       2.6643673094          -0.820630447724       1.09121777073         -0.855509860091       
1.23696287451         2.59129518619         -0.809053995626       2.59129518619         -0.809053995626       1.0615030904          -0.838520945418       
1.24662157231         2.520113636           -0.797449102108       2.520113636           -0.797449102108       1.03255660775         -0.821772946343       
1.2562802701          2.45126900029         -0.785892430601       2.45126900029         -0.785892430601       1.00452912136         -0.805381870738       
1.26593896789         2.38448954291         -0.774454574448       2.38448954291         -0.774454574448       0.977314537184        -0.789361445275       
1.27559766568         2.31979436095         -0.763033152607       2.31979436095         -0.763033152607       0.95094149826         -0.773631007075       
1.28525636347         2.25717658701         -0.751719218489       2.25717658701         -0.751719218489       0.92540265954         -0.758252435353       
1.29491506126         2.19633476891         -0.740420733825       2.19633476891         -0.740420733825       0.900576588637        -0.743128518651       
1.30457375905         2.13730005043         -0.729173275075       2.13730005043         -0.729173275075       0.87648252471         -0.728278712944       
1.31423245684         2.08014689906         -0.718033772456       2.08014689906         -0.718033772456       0.853147068779        -0.713751351104       
1.32389115463         2.02475611093         -0.706964677935       2.02475611093         -0.706964677935       0.830529161358        -0.699504734739       
1.33354985242         1.97104815776         -0.695946962368       1.97104815776         -0.695946962368       0.808599640035        -0.685516219552       
1.34320855022         1.91906908455         -0.685055578119       1.91906908455         -0.685055578119       0.787384836535        -0.671820712963       
1.35286724801         1.86855200858         -0.674312034353       1.86855200858         -0.674312034353       0.766766119157        -0.658400866348       
1.3625259458          1.81972222188         -0.663747851602       1.81972222188         -0.663747851602       0.746845188172        -0.645312088336       
1.37218464359         1.77226818491         -0.653278365202       1.77226818491         -0.653278365202       0.727488473985        -0.632469462108       
1.38184334138         1.72622232161         -0.642918684934       1.72622232161         -0.642918684934       0.708709854432        -0.619881998189       
1.39150203917         1.68160490894         -0.632699449071       1.68160490894         -0.632699449071       0.690524190257        -0.607570508457       
1.40116073696         1.63832998849         -0.622606991778       1.63832998849         -0.622606991778       0.672892889546        -0.595514645055       
1.41081943475         1.59637133514         -0.612664101274       1.59637133514         -0.612664101274       0.655811701789        -0.58372520685        
1.42047813254         1.55558471685         -0.602825242568       1.55558471685         -0.602825242568       0.639204033001        -0.572161274816       
1.43013683033         1.51607913191         -0.59313995247        1.51607913191         -0.59313995247        0.623137176125        -0.560858220798       
1.43979552812         1.47763395048         -0.583494536231       1.47763395048         -0.583494536231       0.607490182414        -0.549738091044       
1.44945422592         1.44032117386         -0.573947021935       1.44032117386         -0.573947021935       0.592321553702        -0.538828718717       
1.45911292371         1.40423196055         -0.564605597216       1.40423196055         -0.564605597216       0.577673213006        -0.528200697281       
1.4687716215          1.36930547565         -0.555312048274       1.36930547565         -0.555312048274       0.563537045643        -0.517737046041       
1.47843031929         1.33531496978         -0.546338287108       1.33531496978         -0.546338287108       0.549757962549        -0.507621097377       
1.48808901708         1.3023376062          -0.53746098626        1.3023376062          -0.53746098626        0.536413607294        -0.497692150923       
1.49774771487         1.27039264898         -0.528763211195       1.27039264898         -0.528763211195       0.52350061592         -0.488010660765       
1.50740641266         1.23936630766         -0.520218226847       1.23936630766         -0.520218226847       0.510968950835        -0.478548836679       
1.51706511045         1.20924550263         -0.511833210701       1.20924550263         -0.511833210701       0.498814683525        -0.469306795745       
1.52672380824         1.18002605905         -0.503621809966       1.18002605905         -0.503621809966       0.487032959299        -0.460295767591       
1.53638250603         1.15163355627         -0.495569406703       1.15163355627         -0.495569406703       0.475591654484        -0.451496797152       
1.54604120383         1.12411884093         -0.487702029032       1.12411884093         -0.487702029032       0.464517957779        -0.442928812978       
1.55569990162         1.09734108813         -0.479987259323       1.09734108813         -0.479987259323       0.45373856079         -0.434564282402       
1.56535859941         1.07134756693         -0.472430510011       1.07134756693         -0.472430510011       0.443284600542        -0.426401567303       
1.5750172972          1.04603215877         -0.465018102815       1.04603215877         -0.465018102815       0.433106966348        -0.41842523977        
1.58467599499         1.0214648982          -0.45778311023        1.0214648982          -0.45778311023        0.423233162374        -0.410663673616       
1.59433469278         0.997669030319        -0.450728721216       0.997669030319        -0.450728721216       0.413690573311        -0.403111834466       
1.60399339057         0.974449015785        -0.44381530347        0.974449015785        -0.44381530347        0.404346709543        -0.395748125659       
1.61365208836         0.951912843379        -0.437068016313       0.951912843379        -0.437068016313       0.395301403917        -0.388573396589       
1.62331078615         0.930004671076        -0.430470395107       0.930004671076        -0.430470395107       0.386498692538        -0.381584098239       
1.63296948394         0.908678790188        -0.424021571669       0.908678790188        -0.424021571669       0.377929602098        -0.374770911853       
1.64262818173         0.887970085039        -0.417740053469       0.887970085039        -0.417740053469       0.36960972309         -0.368149122813       
1.65228687953         0.867882079223        -0.4116253105         0.867882079223        -0.4116253105         0.361535869709        -0.36171908987        
1.66194557732         0.848398240121        -0.405674256096       0.848398240121        -0.405674256096       0.35370794104         -0.355474525873       
1.67160427511         0.829477089202        -0.399900354874       0.829477089202        -0.399900354874       0.346094534223        -0.34942575906        
1.6812629729          0.811215465171        -0.394306791839       0.811215465171        -0.394306791839       0.338747385149        -0.343576987329       
1.69092167069         0.794448687875        -0.389335590373       0.794448687875        -0.389335590373       0.332011919876        -0.338310494385       
1.70058036848         0.784077630402        -0.387419229684       0.784077630402        -0.387419229684       0.327941364831        -0.335722720757       
1.71023906627         0.773227850422        -0.385259986042       0.773227850422        -0.385259986042       0.32366151813         -0.332929335925       
1.71989776406         0.762118582157        -0.382930057074       0.762118582157        -0.382930057074       0.319263048439        -0.330007307481       
1.72955646185         0.750807980176        -0.380487618954       0.750807980176        -0.380487618954       0.31476300828         -0.327005063605       
1.73921515964         0.739437097616        -0.377904239892       0.739437097616        -0.377904239892       0.310239581604        -0.323910052382       
1.74887385744         0.727942347401        -0.375238680472       0.727942347401        -0.375238680472       0.305643005257        -0.320763430557       
1.75853255523         0.716457483905        -0.372498080231       0.716457483905        -0.372498080231       0.3010493359          -0.317573771564       
1.76819125302         0.70478597644         -0.369639495515       0.70478597644         -0.369639495515       0.296344346967        -0.314311504907       
1.77784995081         0.693162367403        -0.366720096698       0.693162367403        -0.366720096698       0.291657537095        -0.311019130148       
1.7875086486          0.681513700241        -0.363722508457       0.681513700241        -0.363722508457       0.286945118697        -0.307685014526       
1.79716734639         0.669853469032        -0.360652625575       0.669853469032        -0.360652625575       0.28221447173         -0.304313784605       
1.80682604418         0.658202959563        -0.357511899114       0.658202959563        -0.357511899114       0.277474053303        -0.30090775745        
1.81648474197         0.646557223623        -0.354298507024       0.646557223623        -0.354298507024       0.272721379424        -0.297465705287       
1.82614343976         0.634974024494        -0.351032677793       0.634974024494        -0.351032677793       0.267988397044        -0.294003605354       
1.83580213755         0.623376103652        -0.347693720109       0.623376103652        -0.347693720109       0.263230764689        -0.29050489785        
1.84546083534         0.611831190974        -0.344289702175       0.611831190974        -0.344289702175       0.258482989256        -0.286977961097       
1.85511953314         0.600342016676        -0.340830364435       0.600342016676        -0.340830364435       0.253749010303        -0.28342955201        
1.86477823093         0.588900383197        -0.337307507863       0.588900383197        -0.337307507863       0.249021445076        -0.279853361184       
1.87443692872         0.577521508344        -0.33372853528        0.577521508344        -0.33372853528        0.244309492138        -0.276255310723       
1.88409562651         0.566202857753        -0.330098467436       0.566202857753        -0.330098467436       0.239612682905        -0.272638419133       
1.8937543243          0.555064849008        -0.326499346983       0.555064849008        -0.326499346983       0.235003709407        -0.269064192627       
1.90341302209         0.543794201308        -0.322657202345       0.543794201308        -0.322657202345       0.230283602088        -0.265332155718       
1.91307171988         0.532766723454        -0.318864367821       0.532766723454        -0.318864367821       0.225684595484        -0.261656569617       
1.92273041767         0.52178203757         -0.315026502304       0.52178203757         -0.315026502304       0.221090078863        -0.257965992167       
1.93238911546         0.510914307097        -0.311143602982       0.510914307097        -0.311143602982       0.216539596125        -0.254262072151       
1.94204781325         0.500080792828        -0.307156375562       0.500080792828        -0.307156375562       0.211989013141        -0.250508628569       
1.95170651105         0.489400232193        -0.303135270164       0.489400232193        -0.303135270164       0.207502502227        -0.246748087482       
1.96136520884         0.478844113522        -0.299076938099       0.478844113522        -0.299076938099       0.203064848707        -0.242980778264       
1.97102390663         0.468436268688        -0.294996904389       0.468436268688        -0.294996904389       0.198690008524        -0.239216112633       
1.98068260442         0.458156085392        -0.290882963013       0.458156085392        -0.290882963013       0.194365545845        -0.235446094899       
1.99034130221         0.448015845243        -0.286728394685       0.448015845243        -0.286728394685       0.190098711401        -0.231667888078       
2                     0.438025073756        -0.282573913813       0.438025073756        -0.282573913813       0.185893780689        -0.227901127597       
2.001                 0.436994554509        -0.282149096971       0.436994554509        -0.282149096971       0.185458269219        -0.227515970684       
2.19690051541         0.265668260721        -0.199059861585       0.265668260721        -0.199059861585       0.113413311512        -0.155458291198       
2.39280103082         0.149730147339        -0.130163165272       0.149730147339        -0.130163165272       0.0645165440729       -0.0990014307005      
2.58870154623         0.0765476917676       -0.0783916197054      0.0765476917676       -0.0783916197054      0.0329807325986       -0.0584057239308      
2.78460206163         0.0356311022382       -0.0429672583126      0.0356311022382       -0.0429672583126      0.0153018405369       -0.0315043525326      
2.98050257704         0.0147353361772       -0.0215556561282      0.0147353361772       -0.0215556561282      0.0062245517951       -0.015606453991       
3.17640309245         0.00530597723959      -0.00973646719326     0.00530597723959      -0.00973646719326     0.00215735144732      -0.00698123779684     
3.37230360786         0.00157200404588      -0.00392391088042     0.00157200404588      -0.00392391088042     0.000577020120996     -0.00279340861277     
3.56820412327         0.000336969412363     -0.00138235941885     0.000336969412363     -0.00138235941885     8.37527773227e-05     -0.000979574572721    
3.76410463868         2.43298804572e-05     -0.000410008712747    2.43298804572e-05     -0.000410008712747    -2.00053272104e-05    -0.000290020472386    
3.96000515408         -1.78254637284e-05    -9.39643942172e-05    -1.78254637284e-05    -9.39643942172e-05    -1.96152127494e-05    -6.6578515645e-05     
4.15590566949         -8.1857257977e-06     -1.24442301186e-05    -8.1857257977e-06     -1.24442301186e-05    -6.68225598472e-06    -8.88576718371e-06    
4.3518061849          -3.8832734809e-07     -1.26138749929e-07    -3.8832734809e-07     -1.26138749929e-07    -3.0668363648e-07     -9.29796572236e-08    
4.3528061849          -3.7544121011e-07     -1.20563358419e-07    -3.7544121011e-07     -1.20563358419e-07    -2.96594396721e-07    -8.88688493203e-08    
4.3698061849          -1.94293654045e-07    -4.89884381472e-08    -1.94293654045e-07    -4.89884381472e-08    -1.54401499857e-07    -3.58648408e-08       
4.3868061849          -7.61756618404e-08    -9.6971665071e-09     -7.61756618404e-08    -9.6971665071e-09     -6.11478757518e-08    -6.45793365335e-09    
4.4038061849          -1.09660460199e-08    9.77471358622e-09     -1.09660460199e-08    9.77471358622e-09     -9.35945974211e-09    8.34388252039e-09     
4.4208061849          1.31610715981e-09     2.94730346612e-08     1.31610715981e-09     2.94730346612e-08     3.55250416035e-10     2.41467439856e-08     
4.4378061849          1.28927402568e-09     6.92211382842e-08     1.28927402568e-09     6.92211382842e-08     4.10658763228e-10     5.66351336857e-08     
4.4548061849          1.07811805664e-09     1.08559700137e-07     1.07811805664e-09     1.08559700137e-07     3.86181628545e-10     8.91664176811e-08     
4.4718061849          8.1037984469e-10      1.42665764913e-07     8.1037984469e-10      1.42665764913e-07     3.26020253687e-10     1.17725736562e-07     
4.4728061849          7.94318834255e-10     1.44472278318e-07     7.94318834255e-10     1.44472278318e-07     3.21936933568e-10     1.19249794153e-07     
4.65335495019         -3.08816393266e-10    1.89779416101e-07     -3.08816393266e-10    1.89779416101e-07     -7.59717502944e-11    1.64260979293e-07     
4.83390371548         -5.29018703393e-11    8.09503426956e-08     -5.29018703393e-11    8.09503426956e-08     -1.91203461496e-11    7.30697499111e-08     
5.01445248078         1.0329071245e-11      2.36251418049e-08     1.0329071245e-11      2.36251418049e-08     2.19906956349e-12     2.21773648008e-08     
5.19500124607         3.80418604452e-12     5.13930182482e-09     3.80418604452e-12     5.13930182482e-09     1.12641128752e-12     5.0087328706e-09      
5.37555001136         -3.58000763172e-15    7.74147272512e-10     -3.58000763172e-15    7.74147272512e-10     1.70827503125e-14     7.82454619863e-10     
5.55609877665         -9.36624839698e-14    4.93500416242e-11     -9.36624839698e-14    4.93500416242e-11     -2.71603824099e-14    5.16910531398e-11     
5.73664754194         7.44825702852e-12     3.71388599152e-14     7.44825702852e-12     3.71388599152e-14     8.08112432929e-12     1.13587152909e-14     
5.91719630723         1.12347572999e-11     1.04432749565e-13     1.12347572999e-11     1.04432749565e-13     1.26239026739e-11     3.2723229962e-14      
6.09774507253         5.5042960713e-12      8.17038477704e-14     5.5042960713e-12      8.17038477704e-14     6.40603279871e-12     2.31443620764e-14     
6.27829383782         1.88355970415e-12     4.0772494666e-14      1.88355970415e-12     4.0772494666e-14      2.26965019602e-12     9.70386489123e-15     
6.45884260311         5.23303511732e-13     1.55528716994e-14     5.23303511732e-13     1.55528716994e-14     6.52547040449e-13     3.17346832402e-15     
6.6393913684          1.24999592892e-13     4.88553435044e-15     1.24999592892e-13     4.88553435044e-15     1.61235555828e-13     8.83372789013e-16     
6.81994013369         2.64116181683e-14     1.31423347203e-15     2.64116181683e-14     1.31423347203e-15     3.52286661291e-14     2.19102261362e-16     
7.00048889899         5.0121362521e-15      3.09607540723e-16     5.0121362521e-15      3.09607540723e-16     6.91124512902e-15     4.91704064072e-17     
7.18103766428         8.77542031381e-16     6.59466705586e-17     8.77542031381e-16     6.59466705586e-17     1.25070914871e-15     1.01653277769e-17     
7.36158642957         1.64457785867e-16     1.47890955147e-17     1.64457785867e-16     1.47890955147e-17     2.42242122034e-16     2.25894352866e-18     
7.54213519486         9.96038795392e-18     1.05720599044e-18     9.96038795392e-18     1.05720599044e-18     1.5161175803e-17      1.61554159632e-19     
7.72268396015         1.13526912056e-17     1.40587691709e-18     1.13526912056e-17     1.40587691709e-18     1.78573155022e-17     2.170932846e-19       
7.90323272545         1.27621174802e-17     1.82576282312e-18     1.27621174802e-17     1.82576282312e-18     2.07443575547e-17     2.85452192312e-19     
8.08378149074         1.41786079867e-17     2.3234390421e-18      1.41786079867e-17     2.3234390421e-18      2.38171320621e-17     3.69544127672e-19     
8.26433025603         1.55930108806e-17     2.90531344533e-18     1.55930108806e-17     2.90531344533e-18     2.70716418292e-17     4.70983374168e-19     
8.44487902132         1.69970002787e-17     3.57760969882e-18     1.69970002787e-17     3.57760969882e-18     3.05022525285e-17     5.90645647456e-19     
8.62542778661         1.83830011684e-17     4.34635588692e-18     1.83830011684e-17     4.34635588692e-18     3.41046992983e-17     7.31418981877e-19     
8.8059765519          1.97441202447e-17     5.21737742364e-18     1.97441202447e-17     5.21737742364e-18     3.78752985097e-17     8.9514237656e-19      
8.9865253172          2.10740825519e-17     6.19629336821e-18     2.10740825519e-17     6.19629336821e-18     4.18109732868e-17     1.08337530236e-18     
9.16707408249         2.23671736908e-17     7.28851542378e-18     2.23671736908e-17     7.28851542378e-18     4.59071148348e-17     1.29671012539e-18     
9.34762284778         2.36181872756e-17     8.49924903245e-18     2.36181872756e-17     8.49924903245e-18     5.01603155337e-17     1.538003681e-18       
9.52817161307         2.48223772824e-17     9.83349608999e-18     2.48223772824e-17     9.83349608999e-18     5.45677675256e-17     1.80891333053e-18     
9.70872037836         2.59754149137e-17     1.12960588947e-17     2.59754149137e-17     1.12960588947e-17     5.91267337287e-17     2.11104690108e-18     
9.88926914366         2.7073349601e-17      1.28915450183e-17     2.7073349601e-17      1.28915450183e-17     6.38347201558e-17     2.445961687e-18       
10.0698179089         2.81125737809e-17     1.46243728484e-17     2.81125737809e-17     1.46243728484e-17     6.86898319579e-17     2.81463171186e-18     
10.2503666742         2.90897910954e-17     1.64987776008e-17     2.90897910954e-17     1.64987776008e-17     7.36882906694e-17     3.21794771526e-18     
10.4309154395         3.00019876935e-17     1.85188176401e-17     3.00019876935e-17     1.85188176401e-17     7.88281293741e-17     3.65822506268e-18     
10.6114642048         3.08464063314e-17     2.06883809813e-17     3.08464063314e-17     2.06883809813e-17     8.41074747366e-17     4.13681709901e-18     
10.7920129701         3.16205229959e-17     2.30111918704e-17     3.16205229959e-17     2.30111918704e-17     8.95244845896e-17     4.65502867342e-18     
10.9725617354         3.23220258007e-17     2.54908173645e-17     3.23220258007e-17     2.54908173645e-17     9.5077422407e-17      5.21411720057e-18     
11.1531105007         3.29487959258e-17     2.81306738498e-17     3.29487959258e-17     2.81306738498e-17     1.00764670573e-16     5.81529385516e-18     
11.333659266          3.34988903956e-17     3.09340334489e-17     3.34988903956e-17     3.09340334489e-17     1.06584745582e-16     6.45972486393e-18     
11.5142080313         3.39705265088e-17     3.39040302835e-17     3.39705265088e-17     3.39040302835e-17     1.125363798e-16       7.14853286527e-18     
11.6947567966         3.43620677537e-17     3.70436665635e-17     3.43620677537e-17     3.70436665635e-17     1.18618519736e-16     7.88188513814e-18     
11.8753055619         3.46720110591e-17     4.03558184852e-17     3.46720110591e-17     4.03558184852e-17     1.24828474086e-16     8.66113918831e-18     
12.0558543272         3.48989752458e-17     4.38432419251e-17     3.48989752458e-17     4.38432419251e-17     1.31165476154e-16     9.48777275875e-18     
12.2364030925         3.50416905579e-17     4.7508577921e-17      3.50416905579e-17     4.7508577921e-17      1.37628492708e-16     1.03627482301e-17     
12.4169518577         3.50989891679e-17     5.13543579364e-17     3.50989891679e-17     5.13543579364e-17     1.44216498744e-16     1.12869916211e-17     
12.597500623          3.50697965554e-17     5.53830089067e-17     3.50697965554e-17     5.53830089067e-17     1.50928516023e-16     1.22613939712e-17     
12.7780493883         3.49531236761e-17     5.95968580694e-17     3.49531236761e-17     5.95968580694e-17     1.5776361953e-16      1.32868126947e-17     
12.9585981536         3.47480598412e-17     6.3998137579e-17      3.47480598412e-17     6.3998137579e-17      1.64720937763e-16     1.43640729036e-17     
13.1391469189         3.44537662391e-17     6.85889889141e-17     3.44537662391e-17     6.85889889141e-17     1.71799651506e-16     1.54939686943e-17     
13.3196956842         3.40694700363e-17     7.33714670797e-17     3.40694700363e-17     7.33714670797e-17     1.78998992621e-16     1.66772643953e-17     
13.5002444495         3.35944590009e-17     7.83475446115e-17     3.35944590009e-17     7.83475446115e-17     1.86318244009e-16     1.79146957758e-17     
13.6807932148         3.30280766008e-17     8.35191153903e-17     3.30280766008e-17     8.35191153903e-17     1.9375674304e-16      1.92069712126e-17     
13.8613419801         3.23697175289e-17     8.8887998272e-17      3.23697175289e-17     8.8887998272e-17      2.01313897188e-16     2.05547728142e-17     
14.0418907454         3.16188236166e-17     9.4455940541e-17      3.16188236166e-17     9.4455940541e-17      2.08989287538e-16     2.19587575048e-17     
14.2224395107         3.07748800987e-17     1.00224621195e-16     3.07748800987e-17     1.00224621195e-16     2.16782379725e-16     2.3418595755e-17      
14.402988276          2.98374121968e-17     1.06195654067e-16     2.98374121968e-17     1.06195654067e-16     2.24691563598e-16     2.49355636192e-17     
14.5835370412         2.88059819922e-17     1.12370590797e-16     2.88059819922e-17     1.12370590797e-16     2.32716723996e-16     2.65104805052e-17     
14.7640858065         2.76801855615e-17     1.1875092365e-16      2.76801855615e-17     1.1875092365e-16      2.40857439331e-16     2.81439128809e-17     
14.9446345718         2.64596503508e-17     1.25338088198e-16     2.64596503508e-17     1.25338088198e-16     2.49113271422e-16     2.98364068532e-17     
15.1251833371         2.51440327672e-17     1.32133465873e-16     2.51440327672e-17     1.32133465873e-16     2.57483792911e-16     3.158848901e-17       
15.3057321024         2.3733015969e-17      1.39138386383e-16     2.3733015969e-17      1.39138386383e-16     2.65968593598e-16     3.34006672256e-17     
15.4862808677         2.22263078345e-17     1.46354130016e-16     2.22263078345e-17     1.46354130016e-16     2.74567282059e-16     3.52734314319e-17     
15.666829633          2.06236390965e-17     1.53781929828e-16     2.06236390965e-17     1.53781929828e-16     2.83279485757e-16     3.7207254356e-17      
15.8473783983         1.89247616262e-17     1.6142297372e-16      1.89247616262e-17     1.6142297372e-16      2.92104850571e-16     3.92025922252e-17     
16.0279271636         1.71294468543e-17     1.69278406417e-16     1.71294468543e-17     1.69278406417e-16     3.01043040105e-16     4.12598854417e-17     
16.2084759289         1.52374843164e-17     1.77349331343e-16     1.52374843164e-17     1.77349331343e-16     3.10093734908e-16     4.3379559227e-17      
16.3890246942         1.3248680314e-17      1.85636812412e-16     1.3248680314e-17      1.85636812412e-16     3.19256631699e-16     4.55620242376e-17     
16.5695734595         1.1162856679e-17      1.94141875723e-16     1.1162856679e-17      1.94141875723e-16     3.28531442609e-16     4.78076771544e-17     
16.7501222247         8.97984963503e-18     2.02865511178e-16     8.97984963503e-18     2.02865511178e-16     3.37917894486e-16     5.01169012447e-17     
16.93067099           6.69950874597e-18     2.11808674019e-16     6.69950874597e-18     2.11808674019e-16     3.47415728276e-16     5.24900669004e-17     
17.1112197553         4.32169594516e-18     2.2097228629e-16      4.32169594516e-18     2.2097228629e-16      3.57024698521e-16     5.49275321513e-17     
17.2917685206         1.84628463862e-18     2.30357238231e-16     1.84628463862e-18     2.30357238231e-16     3.6674457301e-16      5.74296431565e-17     
17.4723172859         -7.26841124096e-19    2.39964389601e-16     -7.26841124096e-19    2.39964389601e-16     3.76575132701e-16     5.99967346733e-17     
17.6528660512         -3.39778741654e-18    2.49794570943e-16     -3.39778741654e-18    2.49794570943e-16     3.86516172116e-16     6.2629130506e-17      
17.8334148165         -6.16665114489e-18    2.59848584783e-16     -6.16665114489e-18    2.59848584783e-16     3.96567500765e-16     6.53271439342e-17     
18.0139635818         -9.0335207047e-18     2.70127206777e-16     -9.0335207047e-18     2.70127206777e-16     4.06728947238e-16     6.80910781229e-17     
18.1945123471         -1.19984765892e-17    2.80631186801e-16     -1.19984765892e-17    2.80631186801e-16     4.17000372786e-16     7.09212265139e-17     
18.3750611124         -1.50615919528e-17    2.91361249993e-16     -1.50615919528e-17    2.91361249993e-16     4.27381757742e-16     7.38178732007e-17     
18.5556098777         -1.82229331338e-17    3.02318097741e-16     -1.82229331338e-17    3.02318097741e-16     4.37872918494e-16     7.67805397841e-17     
18.736158643          -2.14825601387e-17    3.13502408632e-16     -2.14825601387e-17    3.13502408632e-16     4.4847293497e-16      7.98100708697e-17     
18.9167074082         -2.4840527092e-17     3.24914839354e-16     -2.4840527092e-17     3.24914839354e-16     4.59181965596e-16     8.29068717791e-17     
19.0972561735         -2.82968826532e-17    3.3655602555e-16      -2.82968826532e-17    3.3655602555e-16      4.699999191e-16       8.60711928232e-17     
19.2778049388         -3.18516704043e-17    3.4842658265e-16      -3.18516704043e-17    3.4842658265e-16      4.80926678475e-16     8.9303276607e-17      
19.4583537041         -3.55049292099e-17    3.60527106646e-16     -3.55049292099e-17    3.60527106646e-16     4.91962121997e-16     9.26033583168e-17     
19.6389024694         -3.92566935514e-17    3.72858174845e-16     -3.92566935514e-17    3.72858174845e-16     5.03106128833e-16     9.5971665995e-17      
19.8194512347         -4.31069938378e-17    3.85420346581e-16     -4.31069938378e-17    3.85420346581e-16     5.14358581063e-16     9.94084208026e-17     
20                    0                     0                     0                     0                     0                     0                     
