0.0779191396          0                     0                     0                     0                     0                     0                     
0.087577837391        0.800234005261        0.226374591828        0.800234005261        0.226374591828        0.109327954238        0.142117270027        
0.0972365351819       4.03038621397         0.93851600405         4.03038621397         0.93851600405         0.653248776191        0.621958237412        
0.106895232973        8.92609723095         1.61121292071         8.92609723095         1.61121292071         1.63921274173         1.15614223158         
0.116553930764        14.3672779103         1.84699579309         14.3672779103         1.84699579309         2.90392004492         1.50133917053         
0.126212628555        19.6125787704         1.48835755237         19.6125787704         1.48835755237         4.27906500514         1.54480137679         
0.135871326346        24.2312822745         0.500439017044        24.2312822745         0.500439017044        5.61819295275         1.24829104444         
0.145530024137        27.9470445109         -1.06534465715        27.9470445109         -1.06534465715        6.78000002912         0.624974458468        
0.155188721928        30.5584843386         -3.01187003776        30.5584843386         -3.01187003776        7.62876057961         -0.233349621678       
0.164847419719        32.0694531223         -5.00785201979        32.0694531223         -5.00785201979        8.11807893687         -1.16154321656        
0.17450611751         32.6905134204         -6.82405854646        32.6905134204         -6.82405854646        8.30717819178         -2.03510934157        
0.184164815301        32.6550963042         -8.3552275914         32.6550963042         -8.3552275914         8.27751961666         -2.79267546712        
0.193823513091        32.1652666057         -9.58337484234        32.1652666057         -9.58337484234        8.10238242608         -3.41769843761        
0.203482210882        31.3745635905         -10.5339833389        31.3745635905         -10.5339833389        7.83661030104         -3.91704658854        
0.213140908673        30.3813871011         -11.2395162446        30.3813871011         -11.2395162446        7.5136292537          -4.30351707128        
0.222799606464        29.2740325771         -11.731313837         29.2740325771         -11.731313837         7.16275672916         -4.58952515443        
0.232458304255        28.110153459          -12.0510948556        28.110153459          -12.0510948556        6.80373719752         -4.79275197517        
0.242117002046        26.930254227          -12.2352110537        26.930254227          -12.2352110537        6.44930828435         -4.92985739325        
0.251775699837        25.7562965861         -12.3155876303        25.7562965861         -12.3155876303        6.10473218454         -5.01575995536        
0.261434397628        24.5996010268         -12.3134828144        24.5996010268         -12.3134828144        5.77152967543         -5.06053571348        
0.271093095419        23.4692864216         -12.2437717454        23.4692864216         -12.2437717454        5.45081442413         -5.07106652102        
0.28075179321         22.3727307583         -12.1159016109        22.3727307583         -12.1159016109        5.14367192201         -5.05166242295        
0.290410491001        21.3184944132         -11.9412416954        21.3184944132         -11.9412416954        4.85263036505         -5.0076161707         
0.300069188792        20.3116789603         -11.7290862388        20.3116789603         -11.7290862388        4.57899131879         -4.94324744991        
0.309727886583        19.3558774662         -11.4893625476        19.3558774662         -11.4893625476        4.32373843571         -4.86338340812        
0.319386584374        18.4518314659         -11.2308879468        18.4518314659         -11.2308879468        4.08681368225         -4.77232696904        
0.329045282165        17.5980482927         -10.9616847659        17.5980482927         -10.9616847659        3.86714418751         -4.67412757894        
0.338703979956        16.7917510409         -10.6870035348        16.7917510409         -10.6870035348        3.6632843587          -4.57144675822        
0.348362677747        16.0299202015         -10.4113559242        16.0299202015         -10.4113559242        3.47365015985         -4.46656065543        
0.358021375538        15.3080305202         -10.1364825779        15.3080305202         -10.1364825779        3.29628928103         -4.36054845438        
0.367680073329        14.6226069835         -9.86126299078        14.6226069835         -9.86126299078        3.12961521506         -4.25331632027        
0.37733877112         13.9748978892         -9.59153380406        13.9748978892         -9.59153380406        2.97390673449         -4.14716313344        
0.386997468911        13.3612204322         -9.32747176813        13.3612204322         -9.32747176813        2.82770815352         -4.04247997422        
0.396656166702        12.7774282461         -9.0678778855         12.7774282461         -9.0678778855         2.68932050479         -3.93874601235        
0.406314864492        12.2233470994         -8.81297189293        12.2233470994         -8.81297189293        2.55884885502         -3.83612862877        
0.415973562283        11.696415186          -8.56353882715        11.696415186          -8.56353882715        2.4352444822          -3.73505145792        
0.425632260074        11.1956070332         -8.31850216513        11.1956070332         -8.31850216513        2.31842370464         -3.63507933396        
0.435290957865        10.7202657604         -8.07864648615        10.7202657604         -8.07864648615        2.20815585237         -3.53657277324        
0.444949655656        10.268680808          -7.84353658803        10.268680808          -7.84353658803        2.10403190654         -3.43941347513        
0.454608353447        9.84043542284         -7.61386886051        9.84043542284         -7.61386886051        2.00597711131         -3.34397909578        
0.464267051238        9.43411741532         -7.38965569892        9.43411741532         -7.38965569892        1.91364102604         -3.25031957062        
0.473925749029        9.04882013873         -7.17109259169        9.04882013873         -7.17109259169        1.82677092647         -3.15855272774        
0.48358444682         8.68350255918         -6.95853758915        8.68350255918         -6.95853758915        1.74515507207         -3.06894020751        
0.493243144611        8.33687087992         -6.7518701739         8.33687087992         -6.7518701739         1.66844380284         -2.98145536318        
0.502901842402        8.00855122015         -6.55157533127        8.00855122015         -6.55157533127        1.59652743585         -2.89636207226        
0.512560540193        7.69632045766         -6.35814046245        7.69632045766         -6.35814046245        1.5286566488          -2.81398231662        
0.522219237984        7.4002252594          -6.16958853233        7.4002252594          -6.16958853233        1.46515357841         -2.73335742152        
0.531877935775        7.11965147533         -5.98870627247        7.11965147533         -5.98870627247        1.40548596055         -2.65587220776        
0.541536633566        6.85235565113         -5.81378976274        6.85235565113         -5.81378976274        1.34914980719         -2.58078186034        
0.551195331357        6.59823994971         -5.64519301369        6.59823994971         -5.64519301369        1.29609385445         -2.50827204876        
0.560854029148        6.3562533273          -5.4826071286         6.3562533273          -5.4826071286         1.24598270547         -2.43821546856        
0.570512726939        6.12541088848         -5.32580739155        6.12541088848         -5.32580739155        1.19856821631         -2.3705760049         
0.58017142473         5.90559686574         -5.17512920654        5.90559686574         -5.17512920654        1.15374969328         -2.30549077129        
0.589830122521        5.69551893633         -5.02984246084        5.69551893633         -5.02984246084        1.11116024451         -2.2426635842         
0.599488820312        5.49467068076         -4.89000485538        5.49467068076         -4.89000485538        1.07065021494         -2.18213724676        
0.609147518103        5.30239136668         -4.75541600347        5.30239136668         -4.75541600347        1.03203850323         -2.12384580944        
0.618806215893        5.11848922573         -4.62533826038        5.11848922573         -4.62533826038        0.995217553994        -2.06742118645        
0.628464913684        4.94200235644         -4.5000626201         4.94200235644         -4.5000626201         0.95994555382         -2.01306487281        
0.638123611475        4.7727482011          -4.37925283592        4.7727482011          -4.37925283592        0.92620187995         -1.96059086115        
0.647782309266        4.61017319635         -4.2623589607         4.61017319635         -4.2623589607         0.893824745475        -1.90978249431        
0.657441007057        4.45448213366         -4.14989942857        4.45448213366         -4.14989942857        0.862967897554        -1.86087797108        
0.667099704848        4.3045579188          -4.0407618282         4.3045579188          -4.0407618282         0.833167875845        -1.81332321345        
0.676758402639        4.1598263903          -3.9349022398         4.1598263903          -3.9349022398         0.804333827466        -1.76724009556        
0.68641710043         4.02085868256         -3.83253968932        4.02085868256         -3.83253968932        0.776662033492        -1.72263980297        
0.696075798221        3.88723211726         -3.73345419795        3.88723211726         -3.73345419795        0.750064798209        -1.67941684407        
0.705734496012        3.75874242373         -3.63761889869        3.75874242373         -3.63761889869        0.724473016789        -1.63756680327        
0.715393193803        3.63480146697         -3.54454681779        3.63480146697         -3.54454681779        0.699741103962        -1.59687907743        
0.725051891594        3.51548849481         -3.45435728099        3.51548849481         -3.45435728099        0.67594786814         -1.55741135016        
0.734710589385        3.40045539416         -3.36662021317        3.40045539416         -3.36662021317        0.652965111972        -1.51896694216        
0.744369287176        3.28971270633         -3.28153959967        3.28971270633         -3.28153959967        0.630837805877        -1.4816474827         
0.754027984967        3.18274830719         -3.19873657814        3.18274830719         -3.19873657814        0.609430871066        -1.44528486571        
0.763686682758        3.079613881           -3.11816914814        3.079613881           -3.11816914814        0.588791042688        -1.40985694053        
0.773345380549        2.98023691032         -3.03980356279        2.98023691032         -3.03980356279        0.568912626622        -1.37535395978        
0.78300407834         2.88440807773         -2.96355944302        2.88440807773         -2.96355944302        0.549753624432        -1.34174371037        
0.792662776131        2.79237897409         -2.88943601656        2.79237897409         -2.88943601656        0.531464961968        -1.30901798686        
0.802321473922        2.70282734746         -2.8168972144         2.70282734746         -2.8168972144         0.513491663446        -1.27695605024        
0.811980171713        2.61685904709         -2.74645184195        2.61685904709         -2.74645184195        0.496363103289        -1.24578085681        
0.821638869504        2.53396278237         -2.67781340983        2.53396278237         -2.67781340983        0.479888666914        -1.2153656303         
0.831297567294        2.45397940888         -2.61089354967        2.45397940888         -2.61089354967        0.464025917642        -1.18567456649        
0.840956265085        2.37689512567         -2.54577681003        2.37689512567         -2.54577681003        0.448790076654        -1.15675066409        
0.850614962876        2.30236817171         -2.48216579293        2.30236817171         -2.48216579293        0.434096354141        -1.1284599859         
0.860273660667        2.23055407133         -2.42026661976        2.23055407133         -2.42026661976        0.419989255379        -1.10089798949        
0.869932358458        2.16120114154         -2.35990188608        2.16120114154         -2.35990188608        0.406422605032        -1.07399168972        
0.879591056249        2.09432267167         -2.30110645118        2.09432267167         -2.30110645118        0.393391329667        -1.04775044539        
0.88924975404         2.02966012083         -2.24370031817        2.02966012083         -2.24370031817        0.380836002805        -1.02210271148        
0.898908451831        1.9672153768          -2.1878824193         1.9672153768          -2.1878824193         0.368757104774        -0.997147861781       
0.908567149622        1.90716067788         -2.13318201625        1.90716067788         -2.13318201625        0.357313846475        -0.972649044278       
0.918225847413        1.84899773018         -2.0801638304         1.84899773018         -2.0801638304         0.346227034461        -0.948898051325       
0.927884545204        1.79263496872         -2.02842833347        1.79263496872         -2.02842833347        0.335523465335        -0.925703978662       
0.937543242995        1.73768040511         -1.97780582853        1.73768040511         -1.97780582853        0.32505784374         -0.902998616101       
0.947201940786        1.68514561837         -1.92870677698        1.68514561837         -1.92870677698        0.315230234145        -0.880953111446       
0.956860638577        1.6336820468          -1.88048019622        1.6336820468          -1.88048019622        0.30555938477         -0.859291611376       
0.966519336368        1.58359697458         -1.83315436617        1.58359697458         -1.83315436617        0.296185994538        -0.838019378761       
0.976178034159        1.53435511003         -1.78638022638        1.53435511003         -1.78638022638        0.286981232168        -0.816982076744       
0.98583673195         1.48331378273         -1.73687951536        1.48331378273         -1.73687951536        0.27745658847         -0.794678677282       
0.995495429741        1.43221610019         -1.68670926464        1.43221610019         -1.68670926464        0.267933163101        -0.772046460499       
1.00515412753         1.38319681464         -1.63854323039        1.38319681464         -1.63854323039        0.258789755885        -0.750316808053       
1.01481282532         1.3363302458          -1.59229123684        1.3363302458          -1.59229123684        0.250070653757        -0.729445649226       
1.02447152311         1.29107234983         -1.54757415079        1.29107234983         -1.54757415079        0.241608142345        -0.709272458526       
1.0341302209          1.24756816779         -1.50436601204        1.24756816779         -1.50436601204        0.233475541636        -0.689782135417       
1.0437889187          1.20586023911         -1.46279085768        1.20586023911         -1.46279085768        0.225692126417        -0.671019640796       
1.05344761649         1.16559684262         -1.42254305311        1.16559684262         -1.42254305311        0.218166840997        -0.652847954213       
1.06310631428         1.12682249513         -1.38367833673        1.12682249513         -1.38367833673        0.21090947316         -0.635294524183       
1.07276501207         1.08945300812         -1.34607629893        1.08945300812         -1.34607629893        0.203910870733        -0.618305600436       
1.08242370986         1.05346825566         -1.30973470334        1.05346825566         -1.30973470334        0.197157255003        -0.601877790426       
1.09208240765         1.01858555545         -1.27450786159        1.01858555545         -1.27450786159        0.190579264903        -0.585953574375       
1.10174110544         0.984966296793        -1.24032419398        0.984966296793        -1.24032419398        0.184243974253        -0.570494103484       
1.11139980323         0.952570473424        -1.20729802909        0.952570473424        -1.20729802909        0.178133741648        -0.555548014031       
1.12105850102         0.921294023165        -1.17530940814        0.921294023165        -1.17530940814        0.172222640096        -0.541068646522       
1.13071719881         0.891028935934        -1.14429648044        0.891028935934        -1.14429648044        0.166479360139        -0.527027318178       
1.14037589661         0.86183014416         -1.11423208468        0.86183014416         -1.11423208468        0.160933669659        -0.513409569528       
1.1500345944          0.833539501292        -1.0850170218         0.833539501292        -1.0850170218         0.155529321929        -0.500172976327       
1.15969329219         0.806215843993        -1.0566839369         0.806215843993        -1.0566839369         0.150296449374        -0.487328292906       
1.16935198998         0.779793325922        -1.02917339967        0.779793325922        -1.02917339967        0.145223275043        -0.474852437233       
1.17901068777         0.75426659855         -1.00245603754        0.75426659855         -1.00245603754        0.14031112578         -0.462729867805       
1.18866938556         0.729515409274        -0.976410892182       0.729515409274        -0.976410892182       0.135536876864        -0.450906730268       
1.19832808335         0.705723644308        -0.951273599103       0.705723644308        -0.951273599103       0.130937219925        -0.439489300936       
1.20798678114         0.682632188864        -0.926704983366       0.682632188864        -0.926704983366       0.126467909116        -0.428324335713       
1.21764547893         0.660345587741        -0.902859737879       0.660345587741        -0.902859737879       0.12214603259         -0.417481948173       
1.22730417672         0.638786971396        -0.87964242749        0.638786971396        -0.87964242749        0.117962955267        -0.406919092223       
1.23696287451         0.617930859842        -0.85705383261        0.617930859842        -0.85705383261        0.113893205433        -0.396637717868       
1.24662157231         0.597872372762        -0.835112213775       0.597872372762        -0.835112213775       0.110022144952        -0.386640666219       
1.2562802701          0.578438520415        -0.813745254783       0.578438520415        -0.813745254783       0.106248461569        -0.376901008998       
1.26593896789         0.559662726848        -0.792938040762       0.559662726848        -0.792938040762       0.102605457858        -0.367409621257       
1.27559766568         0.54149909928         -0.772651938429       0.54149909928         -0.772651938429       0.0990816861985       -0.358151991697       
1.28525636347         0.524127956846        -0.753045911322       0.524127956846        -0.753045911322       0.0957474791739       -0.349194839382       
1.29491506126         0.507259349817        -0.733917681244       0.507259349817        -0.733917681244       0.0925021684274       -0.340453591351       
1.30457375905         0.49095466229         -0.715296981642       0.49095466229         -0.715296981642       0.0893736942758       -0.331940242131       
1.31423245684         0.475229390216        -0.697230640641       0.475229390216        -0.697230640641       0.0863616418127       -0.323676450303       
1.32389115463         0.460027884913        -0.679671580535       0.460027884913        -0.679671580535       0.0834521993765       -0.315641126712       
1.33354985242         0.445305163008        -0.662433014825       0.445305163008        -0.662433014825       0.0806422834764       -0.30775473407        
1.34320855022         0.431099919375        -0.645825189967       0.431099919375        -0.645825189967       0.077926576593        -0.300154678952       
1.35286724801         0.417366127005        -0.629589922681       0.417366127005        -0.629589922681       0.0753144878659       -0.29271858998        
1.3625259458          0.404193913491        -0.613914702621       0.404193913491        -0.613914702621       0.07283218361         -0.285536716748       
1.37218464359         0.391390728257        -0.598589813448       0.391390728257        -0.598589813448       0.0704083173163       -0.278510277307       
1.38184334138         0.379032636978        -0.583716326112       0.379032636978        -0.583716326112       0.0680797728928       -0.271689167006       
1.39150203917         0.3671077758          -0.569280092493       0.3671077758          -0.569280092493       0.0658412195834       -0.265066762911       
1.40116073696         0.355567342891        -0.555247499073       0.355567342891        -0.555247499073       0.0636747849639       -0.258626543906       
1.41081943475         0.34445737328         -0.541643671697       0.34445737328         -0.541643671697       0.061604521439        -0.25237950357        
1.42047813254         0.33359196454         -0.528330929627       0.33359196454         -0.528330929627       0.0595603895563       -0.246267473234       
1.43013683033         0.323143043011        -0.515451863863       0.323143043011        -0.515451863863       0.0576105865186       -0.240351914758       
1.43979552812         0.313039266925        -0.502956011904       0.313039266925        -0.502956011904       0.0557262013544       -0.234610943726       
1.44945422592         0.303222833576        -0.490794207919       0.303222833576        -0.490794207919       0.0538910995514       -0.229023172423       
1.45911292371         0.293729600699        -0.478979792783       0.293729600699        -0.478979792783       0.0521168190741       -0.223593331691       
1.4687716215          0.284517500924        -0.467493402306       0.284517500924        -0.467493402306       0.0503891753456       -0.218313704886       
1.47843031929         0.275561906193        -0.456316635606       0.275561906193        -0.456316635606       0.0487055945935       -0.213176063706       
1.48808901708         0.266870645916        -0.445429705765       0.266870645916        -0.445429705765       0.0470669905669       -0.208170408333       
1.49774771487         0.258445626839        -0.434847584811       0.258445626839        -0.434847584811       0.0454732896655       -0.203303923798       
1.50740641266         0.250261783559        -0.424538725491       0.250261783559        -0.424538725491       0.0439199559431       -0.198562115641       
1.51706511045         0.242316040628        -0.414488951638       0.242316040628        -0.414488951638       0.0424079297384       -0.193938207955       
1.52672380824         0.234601857968        -0.404720129619       0.234601857968        -0.404720129619       0.0409331574267       -0.189442944          
1.53638250603         0.227117549116        -0.39516865729        0.227117549116        -0.39516865729        0.0395009231064       -0.185045795108       
1.54604120383         0.219856848047        -0.385876185182       0.219856848047        -0.385876185182       0.0381069983462       -0.180766197234       
1.55569990162         0.212813049159        -0.376825263378       0.212813049159        -0.376825263378       0.0367522133272       -0.176597049097       
1.56535859941         0.205959531815        -0.36799014883        0.205959531815        -0.36799014883        0.0354275360539       -0.172526068917       
1.5750172972          0.199296321534        -0.359352754344       0.199296321534        -0.359352754344       0.0341357689748       -0.168545082556       
1.58467599499         0.19281181145         -0.350900738406       0.19281181145         -0.350900738406       0.0328714481594       -0.164651721992       
1.59433469278         0.186543166196        -0.342658619924       0.186543166196        -0.342658619924       0.0316513617712       -0.16085197419        
1.60399339057         0.180492542331        -0.334654509486       0.180492542331        -0.334654509486       0.0304732047888       -0.157159589427       
1.61365208836         0.174616715863        -0.326817304493       0.174616715863        -0.326817304493       0.0293299124062       -0.153542249412       
1.62331078615         0.168932635404        -0.319186296549       0.168932635404        -0.319186296549       0.028223784547        -0.150018367534       
1.63296948394         0.163423181432        -0.31173029699        0.163423181432        -0.31173029699        0.0271524640167       -0.146573269213       
1.64262818173         0.15810053009         -0.304465049434       0.15810053009         -0.304465049434       0.0261210059824       -0.143214495377       
1.65228687953         0.152959082574        -0.297405660423       0.152959082574        -0.297405660423       0.0251262804781       -0.139949550577       
1.66194557732         0.147987998116        -0.290535816403       0.147987998116        -0.290535816403       0.0241655955108       -0.136770787963       
1.67160427511         0.143184653407        -0.283864252801       0.143184653407        -0.283864252801       0.0232382544073       -0.133682976955       
1.6812629729          0.138562903894        -0.277402323032       0.138562903894        -0.277402323032       0.0223486740062       -0.130691125279       
1.69092167069         0.134255164381        -0.271460092234       0.134255164381        -0.271460092234       0.0215146557033       -0.127941765375       
1.70058036848         0.131074893721        -0.267680738475       0.131074893721        -0.267680738475       0.0208672555771       -0.126209693962       
1.71023906627         0.127850127545        -0.263738579185       0.127850127545        -0.263738579185       0.020215692539        -0.124399470022       
1.71989776406         0.12462448587         -0.259709858349       0.12462448587         -0.259709858349       0.0195688112527       -0.122547038172       
1.72955646185         0.12141306327         -0.255631851344       0.12141306327         -0.255631851344       0.0189286149962       -0.120669545392       
1.73921515964         0.1182238773          -0.251523544296       0.1182238773          -0.251523544296       0.0182953815886       -0.118776631775       
1.74887385744         0.115058023294        -0.247394374435       0.115058023294        -0.247394374435       0.0176684864626       -0.116872752084       
1.75853255523         0.111923132238        -0.243253460791       0.111923132238        -0.243253460791       0.0170497020112       -0.11496212839        
1.76819125302         0.108815961959        -0.23910788658        0.108815961959        -0.23910788658        0.0164367723696       -0.113048081196       
1.77784995081         0.105735188521        -0.234958262535       0.105735188521        -0.234958262535       0.0158283780048       -0.111131179273       
1.7875086486          0.102675938472        -0.230786961851       0.102675938472        -0.230786961851       0.0152224894436       -0.109205347782       
1.79716734639         0.0996735750232       -0.226632443748       0.0996735750232       -0.226632443748       0.0146319017323       -0.107284991849       
1.80682604418         0.0967094311081       -0.222493680842       0.0967094311081       -0.222493680842       0.0140490053186       -0.105370370995       
1.81648474197         0.0937884782573       -0.218368904382       0.0937884782573       -0.218368904382       0.0134752492696       -0.103460936896       
1.82614343976         0.0909038717641       -0.214258969236       0.0909038717641       -0.214258969236       0.0129079100614       -0.101557279449       
1.83580213755         0.088067386022        -0.210170232911       0.088067386022        -0.210170232911       0.0123515835719       -0.0996623496044      
1.84546083534         0.0852640573116       -0.206094798572       0.0852640573116       -0.206094798572       0.0117990126864       -0.0977721559574      
1.85511953314         0.0825071396604       -0.202044669932       0.0825071396604       -0.202044669932       0.0112565313545       -0.0958925406768      
1.86477823093         0.0798063268757       -0.198019572162       0.0798063268757       -0.198019572162       0.01072756344         -0.0940230646076      
1.87443692872         0.0771277771755       -0.194011664302       0.0771277771755       -0.194011664302       0.0101986191913       -0.0921609071077      
1.88409562651         0.0745072290243       -0.190032353517       0.0745072290243       -0.190032353517       0.00968337173931      -0.0903105144045      
1.8937543243          0.071934300789        -0.186079315255       0.071934300789        -0.186079315255       0.00917814429929      -0.0884711313083      
1.90341302209         0.0694089445186       -0.182155881719       0.0694089445186       -0.182155881719       0.00868284884206      -0.0866441806289      
1.91307171988         0.0669359326486       -0.178264584992       0.0669359326486       -0.178264584992       0.0081994994739       -0.0848309114647      
1.92273041767         0.0645087932082       -0.174401719273       0.0645087932082       -0.174401719273       0.00772510468835      -0.0830296843665      
1.93238911546         0.0621378771745       -0.170574557635       0.0621378771745       -0.170574557635       0.00726419502344      -0.0812438516659      
1.94204781325         0.0598122621526       -0.166783474126       0.0598122621526       -0.166783474126       0.00681253563296      -0.0794737463701      
1.95170651105         0.0575295056456       -0.163011858971       0.0575295056456       -0.163011858971       0.00636947558675      -0.0777132675588      
1.96136520884         0.0553090849771       -0.159283227406       0.0553090849771       -0.159283227406       0.00594178846799      -0.0759710599257      
1.97102390663         0.0531507911492       -0.155597707282       0.0531507911492       -0.155597707282       0.0055299947604       -0.0742473492982      
1.98068260442         0.0510475455162       -0.151955345056       0.0510475455162       -0.151955345056       0.00513186166685      -0.0725426739486      
1.99034130221         0.0489950255982       -0.148360378589       0.0489950255982       -0.148360378589       0.00474458786224      -0.0708590937493      
2                     0.0469955001102       -0.144810825177       0.0469955001102       -0.144810825177       0.00437032939938      -0.0691958087535      
2.001                 0.0467897923988       -0.14444544045        0.0467897923988       -0.14444544045        0.00433157622639      -0.0690245725245      
2.22278619698         0.0136309080473       -0.0764406539637      0.0136309080473       -0.0764406539637      -0.00149749752686     -0.0369589774492      
2.44457239396         -0.000198815052216    -0.0336400156062      -0.000198815052216    -0.0336400156062      -0.00309048004082     -0.0165021642313      
2.66635859094         -0.00308216996523     -0.0111300199005      -0.00308216996523     -0.0111300199005      -0.00238632466688     -0.00556814943224     
2.88814478792         -0.00165311543248     -0.00189446385769     -0.00165311543248     -0.00189446385769     -0.000997637755049    -0.000981024600221    
3.1099309849          -7.19045292384e-05    -1.58535832866e-05    -7.19045292384e-05    -1.58535832866e-05    -4.45503250033e-05    -9.09231643627e-06    
3.1109309849          -6.9661820028e-05     -1.52074337505e-05    -6.9661820028e-05     -1.52074337505e-05    -4.31816335186e-05    -8.72475184582e-06    
3.1279309849          -3.74587991509e-05    -6.61325612758e-06    -3.74587991509e-05    -6.61325612758e-06    -2.34095208568e-05    -3.799088887e-06      
3.1449309849          -1.54085091918e-05    -1.49069166324e-06    -1.54085091918e-05    -1.49069166324e-06    -9.70271916811e-06    -8.13927216452e-07    
3.1619309849          -2.5361704326e-06     1.32164806862e-06     -2.5361704326e-06     1.32164806862e-06     -1.59861518617e-06    8.57479562823e-07     
3.1789309849          -2.09848055156e-08    5.26915425808e-06     -2.09848055156e-08    5.26915425808e-06     5.15371761079e-06     -5.29388720137e-06    
3.1959309849          2.15097901696e-08     1.45132817155e-05     2.15097901696e-08     1.45132817155e-05     4.60680537961e-06     1.27273211002e-06     
3.2129309849          4.87785410196e-08     2.46189206403e-05     4.87785410196e-08     2.46189206403e-05     4.15603443126e-06     8.51267150643e-06     
3.2299309849          6.34496022533e-08     3.43364746987e-05     6.34496022533e-08     3.43364746987e-05     3.75918826538e-06     1.55927572552e-05     
3.2309309849          6.39948632279e-08     3.48831117144e-05     6.39948632279e-08     3.48831117144e-05     3.73719276972e-06     1.59953677798e-05     
3.41124355495         6.15633249752e-09     7.24333918087e-05     6.15633249752e-09     7.24333918087e-05     1.27037292862e-06     4.89120558209e-05     
3.59155612501         -6.92181859015e-09    4.55689530616e-05     -6.92181859015e-09    4.55689530616e-05     3.95004124846e-07     3.40480588165e-05     
3.77186869506         -4.31651774155e-10    1.85189613105e-05     -4.31651774155e-10    1.85189613105e-05     1.05967694154e-07     1.50008032417e-05     
3.95218126512         3.61487668187e-10     4.96066492812e-06     3.61487668187e-10     4.96066492812e-06     2.11520446526e-08     4.33791776519e-06     
4.13249383517         -2.06722774781e-11    5.60097348051e-07     -2.06722774781e-11    5.60097348051e-07     1.8357755816e-09      5.30425141781e-07     
4.31280640523         1.2835834981e-07      5.7383112126e-11      1.2835834981e-07      5.7383112126e-11      1.33168997735e-07     -6.01758004583e-09    
4.49311897528         3.41437297236e-07     4.16167044465e-10     3.41437297236e-07     4.16167044465e-10     3.7543262222e-07      -2.30757601561e-08    
4.67343154534         2.81807888876e-07     6.76070589939e-10     2.81807888876e-07     6.76070589939e-10     3.2789835662e-07      -2.50688833786e-08    
4.85374411539         1.60958493379e-07     6.48468370437e-10     1.60958493379e-07     6.48468370437e-10     1.98013342708e-07     -1.78921180721e-08    
5.03405668545         7.42641531167e-08     4.56640072249e-10     7.42641531167e-08     4.56640072249e-10     9.6562820933e-08      -9.97740101454e-09    
5.2143692555          2.93524282622e-08     2.58387258941e-10     2.93524282622e-08     2.58387258941e-10     4.03421090012e-08     -4.6586415431e-09     
5.39468182556         1.02297258525e-08     1.23167646842e-10     1.02297258525e-08     1.23167646842e-10     1.48678597275e-08     -1.88697627428e-09    
5.57499439561         3.19586285032e-09     5.08708009008e-11     3.19586285032e-09     5.08708009008e-11     4.91546775902e-09     -6.76963001551e-10    
5.75530696567         9.04234011982e-10     1.85395834436e-11     9.04234011982e-10     1.85395834436e-11     1.47332972904e-09     -2.17992719665e-10    
5.93561953572         2.33297792615e-10     6.03709795748e-12     2.33297792615e-10     6.03709795748e-12     4.03225030056e-10     -6.35836280776e-11    
6.11593210578         5.5149246959e-11      1.77238552852e-12     5.5149246959e-11      1.77238552852e-12     1.01273471046e-10     -1.69084898419e-11    
6.29624467583         1.19851279672e-11     4.72271158336e-13     1.19851279672e-11     4.72271158336e-13     2.34288697162e-11     -4.11904569656e-12    
6.47655724589         2.40050491634e-12     1.14802941035e-13     2.40050491634e-12     1.14802941035e-13     5.00657877059e-12     -9.22607984233e-13    
6.65686981594         4.43923882817e-13     2.55610069351e-14     4.43923882817e-13     2.55610069351e-14     9.90405334751e-13     -1.90549361306e-13    
6.837182386           7.59296814955e-14     5.23152122245e-15     7.59296814955e-14     5.23152122245e-15     1.81759972763e-13     -3.63859465154e-14    
7.01749495605         1.20724380728e-14     9.90848108801e-16     1.20724380728e-14     9.90848108801e-16     3.11163080522e-14     -6.46216841922e-15    
7.19780752611         1.76045525562e-15     1.7161247835e-16      1.76045525562e-15     1.7161247835e-16      4.90561714154e-15     -1.0541689646e-15     
7.37812009616         2.81832155342e-16     3.25827774021e-17     2.81832155342e-16     3.25827774021e-17     8.53096055533e-16     -1.89253467551e-16    
7.55843266622         8.48703031598e-17     1.16370913722e-17     8.48703031598e-17     1.16370913722e-17     2.80623807877e-16     -6.41376820891e-17    
7.73874523627         1.82916392983e-17     2.97954320068e-18     1.82916392983e-17     2.97954320068e-18     6.65049339157e-17     -1.56312151085e-17    
7.91905780633         1.80041494998e-17     3.49608691646e-18     1.80041494998e-17     3.49608691646e-18     7.25519880713e-17     -1.75075679671e-17    
8.09937037638         1.74722410919e-17     4.06731609551e-18     1.74722410919e-17     4.06731609551e-18     7.87936754101e-17     -1.94922550887e-17    
8.27968294644         1.66861838984e-17     4.69537247329e-18     1.66861838984e-17     4.69537247329e-18     8.52240923928e-17     -2.15845909343e-17    
8.45999551649         1.56370469117e-17     5.38229850319e-18     1.56370469117e-17     5.38229850319e-18     9.18377360101e-17     -2.37838430403e-17    
8.64030808655         1.43166230129e-17     6.13004096648e-18     1.43166230129e-17     6.13004096648e-18     9.8629478232e-17      -2.6089245134e-17     
8.8206206566          1.27173614151e-17     6.94045476881e-18     1.27173614151e-17     6.94045476881e-18     1.05594554083e-16     -2.85000079264e-17    
9.00093322665         1.08323070255e-17     7.81530683271e-18     1.08323070255e-17     7.81530683271e-18     1.12728488274e-16     -3.10154439025e-17    
9.18124579671         8.65504599214e-18     8.75628001667e-18     8.65504599214e-18     8.75628001667e-18     1.20027000732e-16     -3.36346607163e-17    
9.36155836676         6.17965677428e-18     9.76497700805e-18     6.17965677428e-18     9.76497700805e-18     1.27486229934e-16     -3.63568314447e-17    
9.54187093682         3.40066614309e-18     1.08429241502e-17     3.40066614309e-18     1.08429241502e-17     1.35102535573e-16     -3.91811489182e-17    
9.72218350687         3.13009582289e-19     1.1991575175e-17      3.13009582289e-19     1.1991575175e-17      1.42872509737e-16     -4.2106813572e-17     
9.90249607693         -3.08800438488e-18    1.32123148198e-17     -3.08800438488e-18    1.32123148198e-17     1.50792962231e-16     -4.51330365298e-17    
10.082808647          -6.80672636332e-18    1.45064623145e-17     -6.80672636332e-18    1.45064623145e-17     1.58860905334e-16     -4.82590420416e-17    
10.263121217          -1.0847195123e-17     1.58752747299e-17     -1.0847195123e-17     1.58752747299e-17     1.67073539346e-16     -5.14840693825e-17    
10.4434337871         -1.52131638378e-17    1.73199501819e-17     -1.52131638378e-17    1.73199501819e-17     1.75428239127e-16     -5.48073743059e-17    
10.6237463571         -1.9908123822e-17     1.88416308889e-17     -1.9908123822e-17     1.88416308889e-17     1.8392254163e-16      -5.82282301249e-17    
10.8040589272         -2.49353260264e-17    2.04414060834e-17     -2.49353260264e-17    2.04414060834e-17     1.92554134379e-16     -6.17459284859e-17    
10.9843714973         -3.02978005276e-17    2.21203147787e-17     -3.02978005276e-17    2.21203147787e-17     2.01320844839e-16     -6.53597798886e-17    
11.1646840673         -3.59983742174e-17    2.3879348395e-17      -3.59983742174e-17    2.3879348395e-17      2.10220630592e-16     -6.9069113996e-17     
11.3449966374         -4.20396868764e-17    2.57194532473e-17     -4.20396868764e-17    2.57194532473e-17     2.19251570284e-16     -7.28732797723e-17    
11.5253092074         -4.84242057958e-17    2.76415329024e-17     -4.84242057958e-17    2.76415329024e-17     2.28411855265e-16     -7.677164548e-17      
11.7056217775         -5.51542390928e-17    2.96464504072e-17     -5.51542390928e-17    2.96464504072e-17     2.37699781867e-16     -8.07635985628e-17    
11.8859343475         -6.223194785e-17      3.17350303967e-17     -6.223194785e-17      3.17350303967e-17     2.47113744277e-16     -8.48485454357e-17    
12.0662469176         -6.96593571944e-17    3.39080610848e-17     -6.96593571944e-17    3.39080610848e-17     2.56652227952e-16     -8.90259112013e-17    
12.2465594876         -7.74383664199e-17    3.61662961458e-17     -7.74383664199e-17    3.61662961458e-17     2.66313803529e-16     -9.32951393082e-17    
12.4268720577         -8.55707582443e-17    3.85104564903e-17     -8.55707582443e-17    3.85104564903e-17     2.76097121196e-16     -9.76556911627e-17    
12.6071846278         -9.40582072857e-17    4.09412319418e-17     -9.40582072857e-17    4.09412319418e-17     2.86000905482e-16     -1.02107045708e-16    
12.7874971978         -1.0290228783e-16     4.34592828204e-17     -1.0290228783e-16     4.34592828204e-17     2.96023950436e-16     -1.06648698973e-16    
12.9678097679         -1.12104480956e-16    4.60652414366e-17     -1.12104480956e-16    4.60652414366e-17     3.06165115153e-16     -1.11280163611e-16    
13.1481223379         -1.21666181083e-16    4.87597135014e-17     -1.21666181083e-16    4.87597135014e-17     3.16423319635e-16     -1.16000968419e-16    
13.328434908          -1.31588701982e-16    5.15432794586e-17     -1.31588701982e-16    5.15432794586e-17     3.26797540953e-16     -1.20810657851e-16    
13.508747478          -1.41873282313e-16    5.44164957409e-17     -1.41873282313e-16    5.44164957409e-17     3.37286809674e-16     -1.25708791534e-16    
13.6890600481         -1.5252109072e-16     5.73798959574e-17     -1.5252109072e-16     5.73798959574e-17     3.47890206555e-16     -1.30694943781e-16    
13.8693726181         -1.63533230534e-16    6.04339920139e-17     -1.63533230534e-16    6.04339920139e-17     3.58606859466e-16     -1.35768703105e-16    
14.0496851882         -1.74910744103e-16    6.35792751715e-17     -1.74910744103e-16    6.35792751715e-17     3.69435940527e-16     -1.40929671748e-16    
14.2299977582         -1.86654616796e-16    6.6816217047e-17      -1.86654616796e-16    6.6816217047e-17      3.80376663449e-16     -1.46177465207e-16    
14.4103103283         -1.98765780707e-16    7.01452705577e-17     -1.98765780707e-16    7.01452705577e-17     3.91428281052e-16     -1.51511711775e-16    
14.5906228984         -2.11245118074e-16    7.35668708144e-17     -2.11245118074e-16    7.35668708144e-17     4.0259008296e-16      -1.56932052098e-16    
14.7709354684         -2.24093464449e-16    7.70814359664e-17     -2.24093464449e-16    7.70814359664e-17     4.1386139345e-16      -1.62438138727e-16    
14.9512480385         -2.37311611634e-16    8.06893679997e-17     -2.37311611634e-16    8.06893679997e-17     4.2524156944e-16      -1.68029635701e-16    
15.1315606085         -2.50900310406e-16    8.43910534928e-17     -2.50900310406e-16    8.43910534928e-17     4.36729998621e-16     -1.73706218131e-16    
15.3118731786         -2.64860273042e-16    8.81868643313e-17     -2.64860273042e-16    8.81868643313e-17     4.48326097707e-16     -1.79467571794e-16    
15.4921857486         -2.79192175667e-16    9.20771583852e-17     -2.79192175667e-16    9.20771583852e-17     4.60029310802e-16     -1.85313392752e-16    
15.6724983187         -2.93896660434e-16    9.60622801492e-17     -2.93896660434e-16    9.60622801492e-17     4.71839107867e-16     -1.91243386975e-16    
15.8528108887         -3.08974337558e-16    1.0014256135e-16      -3.08974337558e-16    1.0014256135e-16      4.83754983303e-16     -1.97257269972e-16    
16.0331234588         -3.24425787203e-16    1.0431832152e-16      -3.24425787203e-16    1.0431832152e-16      4.95776454602e-16     -2.03354766452e-16    
16.2134360288         -3.4025156124e-16     1.08589868547e-16     -3.4025156124e-16     1.08589868547e-16     5.07903061108e-16     -2.09535609975e-16    
16.3937485989         -3.56452184891e-16    1.12957499184e-16     -3.56452184891e-16    1.12957499184e-16     5.20134362839e-16     -2.15799542637e-16    
16.574061169          -3.73028158259e-16    1.17421499544e-16     -3.73028158259e-16    1.17421499544e-16     5.32469939397e-16     -2.22146314748e-16    
16.754373739          -3.89979957756e-16    1.21982145568e-16     -3.89979957756e-16    1.21982145568e-16     5.44909388941e-16     -2.28575684537e-16    
16.9346863091         -4.07308037439e-16    1.26639703457e-16     -4.07308037439e-16    1.26639703457e-16     5.57452327238e-16     -2.35087417859e-16    
17.1149988791         -4.25012830258e-16    1.31394430101e-16     -4.25012830258e-16    1.31394430101e-16     5.70098386769e-16     -2.41681287914e-16    
17.2953114492         -4.4309474922e-16     1.36246573473e-16     -4.4309474922e-16     1.36246573473e-16     5.82847215923e-16     -2.48357074984e-16    
17.4756240192         -4.61554188487e-16    1.41196373006e-16     -4.61554188487e-16    1.41196373006e-16     5.95698478259e-16     -2.55114566167e-16    
17.6559365893         -4.80391524395e-16    1.46244059953e-16     -4.80391524395e-16    1.46244059953e-16     6.08651851904e-16     -2.61953555137e-16    
17.8362491593         -4.99607116415e-16    1.51389857734e-16     -4.99607116415e-16    1.51389857734e-16     6.21707029191e-16     -2.68873841901e-16    
18.0165617294         -5.19201308049e-16    1.56633982252e-16     -5.19201308049e-16    1.56633982252e-16     6.34863717077e-16     -2.7587523257e-16     
18.1968742995         -5.39174427679e-16    1.61976642211e-16     -5.39174427679e-16    1.61976642211e-16     6.48121643766e-16     -2.82957539142e-16    
18.3771868695         -5.59526789354e-16    1.67418039404e-16     -5.59526789354e-16    1.67418039404e-16     6.61480530342e-16     -2.90120637106e-16    
18.5574994396         -5.80258693534e-16    1.72958369e-16        -5.80258693534e-16    1.72958369e-16        6.74940064455e-16     -2.97364301687e-16    
18.7378120096         -6.01370427794e-16    1.78597819801e-16     -6.01370427794e-16    1.78597819801e-16     6.88500016799e-16     -3.046883536e-16      
18.9181245797         -6.22862267476e-16    1.84336574509e-16     -6.22862267476e-16    1.84336574509e-16     7.02160149871e-16     -3.12092626351e-16    
19.0984371497         -6.4473447631e-16     1.90174809958e-16     -6.4473447631e-16     1.90174809958e-16     7.15920233476e-16     -3.19576958352e-16    
19.2787497198         -6.66987306999e-16    1.96112697349e-16     -6.66987306999e-16    1.96112697349e-16     7.29780045728e-16     -3.27141192749e-16    
19.4590622898         -6.8962100176e-16     2.02150402472e-16     -6.8962100176e-16     2.02150402472e-16     7.43739373028e-16     -3.3478517726e-16     
19.6393748599         -7.1263579285e-16     2.08288085913e-16     -7.1263579285e-16     2.08288085913e-16     7.57798009832e-16     -3.4250876401e-16     
19.8196874299         -7.36031903046e-16    2.14525903258e-16     -7.36031903046e-16    2.14525903258e-16     7.71955758343e-16     -3.5031180938e-16     
20                    0                     0                     0                     0                     0                     0                     
