0.0779191396          0                     0                     0                     0                     0                     0                     
0.0876873836129       0.345638697168        -0.327461961396       0.345638697168        -0.327461961396       0.0248611855703       -0.0396160080794      
0.0974556276257       1.21046531919         -1.44501868594        1.21046531919         -1.44501868594        0.0657807228538       -0.177034929526       
0.107223871639        2.06717066755         -2.78474983875        2.06717066755         -2.78474983875        0.0807345478808       -0.34214524337        
0.116992115651        2.71727020337         -3.96819836797        2.71727020337         -3.96819836797        0.0699745310527       -0.486934035665       
0.126760359664        3.13624752755         -4.87517050289        3.13624752755         -4.87517050289        0.0436492413126       -0.596981403542       
0.136528603677        3.35954057335         -5.50389536193        3.35954057335         -5.50389536193        0.0103379062924       -0.672482812174       
0.14629684769         3.43330305826         -5.89699173646        3.43330305826         -5.89699173646        -0.0242310619237      -0.719649236929       
0.156065091703        3.40010424755         -6.10386290816        3.40010424755         -6.10386290816        -0.0568821536788      -0.744633101025       
0.165833335716        3.29404260707         -6.17007140202        3.29404260707         -6.17007140202        -0.0860069731596      -0.753303970766       
0.175601579729        3.14109997345         -6.13372537268        3.14109997345         -6.13372537268        -0.111021130094       -0.750005219946       
0.185369823742        2.95968493701         -6.0231739181         2.95968493701         -6.0231739181         -0.131895397575       -0.737897521343       
0.195138067754        2.76313558877         -5.86170865668        2.76313558877         -5.86170865668        -0.148920407704       -0.719712477426       
0.204906311767        2.56073761418         -5.66661622383        2.56073761418         -5.66661622383        -0.162437839538       -0.697206019728       
0.21467455578         2.35926540773         -5.44986574243        2.35926540773         -5.44986574243        -0.172690564585       -0.672408990632       
0.224442799793        2.16284782661         -5.22100535995        2.16284782661         -5.22100535995        -0.180559993306       -0.646302004574       
0.234211043806        1.97396098676         -4.98645765725        1.97396098676         -4.98645765725        -0.186222695937       -0.619377660839       
0.243979287819        1.79456582414         -4.75117132224        1.79456582414         -4.75117132224        -0.190019222116       -0.592192524578       
0.253747531832        1.62563437951         -4.51859843822        1.62563437951         -4.51859843822        -0.192248399006       -0.564982323155       
0.263515775845        1.46750353989         -4.29124230227        1.46750353989         -4.29124230227        -0.193138497085       -0.538436000839       
0.273284019857        1.32022303029         -4.07070317178        1.32022303029         -4.07070317178        -0.192946614017       -0.512463880728       
0.28305226387         1.18342140446         -3.85794449653        1.18342140446         -3.85794449653        -0.191874542088       -0.48730817399        
0.292820507883        1.05679609314         -3.65377422121        1.05679609314         -3.65377422121        -0.190058767879       -0.462841325523       
0.302588751896        0.939871996979        -3.45839863698        0.939871996979        -3.45839863698        -0.187540583524       -0.439251353256       
0.312356995909        0.832196974363        -3.27185369537        0.832196974363        -3.27185369537        -0.184675881405       -0.416758432837       
0.322125239922        0.733176077755        -3.09425096334        0.733176077755        -3.09425096334        -0.181427864664       -0.395241413884       
0.331893483935        0.642232770661        -2.92535066757        0.642232770661        -2.92535066757        -0.177883384597       -0.374652462616       
0.341661727948        0.558801062065        -2.76487638625        0.558801062065        -2.76487638625        -0.174115374063       -0.354955305639       
0.35142997196         0.48239941535         -2.61260070673        0.48239941535         -2.61260070673        -0.170165985476       -0.33603927585        
0.361198215973        0.412542120848        -2.46817079777        0.412542120848        -2.46817079777        -0.166097086129       -0.318141132651       
0.370966459986        0.348688695647        -2.33127144205        0.348688695647        -2.33127144205        -0.161941114228       -0.301090464045       
0.380734703999        0.290400186713        -2.2014883905         0.290400186713        -2.2014883905         -0.157724008006       -0.284836076329       
0.390502948012        0.23726198497         -2.07853452422        0.23726198497         -2.07853452422        -0.153406079761       -0.269327339021       
0.400271192025        0.188943929285        -1.96205962673        0.188943929285        -1.96205962673        -0.149144906471       -0.25460173645        
0.410039436038        0.144925658045        -1.85166719763        0.144925658045        -1.85166719763        -0.144902618683       -0.24065886801        
0.41980768005         0.105018424011        -1.74709639606        0.105018424011        -1.74709639606        -0.140683108447       -0.22740861583        
0.429575924063        0.0688561778975       -1.64800612718        0.0688561778975       -1.64800612718        -0.136498617892       -0.214823123302       
0.439344168076        0.0361311834861       -1.55409307781        0.0361311834861       -1.55409307781        -0.132363299606       -0.202841955617       
0.449112412089        0.00656733610859      -1.46508439511        0.00656733610859      -1.46508439511        -0.128291476542       -0.191485682351       
0.458880656102        -0.0199530210035      -1.3807066214         -0.0199530210035      -1.3807066214         -0.124271655884       -0.180697147905       
0.468648900115        -0.0438196365566      -1.30070679647        -0.0438196365566      -1.30070679647        -0.120283829327       -0.170394825467       
0.478417144128        -0.0651789750184      -1.22483346741        -0.0651789750184      -1.22483346741        -0.116407601921       -0.160661998788       
0.488185388141        -0.0842253782996      -1.15286378931        -0.0842253782996      -1.15286378931        -0.112605116821       -0.151414794088       
0.497953632153        -0.10112506715        -1.08458681572        -0.10112506715        -1.08458681572        -0.108876100502       -0.142622052775       
0.507721876166        -0.116052445689       -1.01977919068        -0.116052445689       -1.01977919068        -0.105222468512       -0.134268157893       
0.517490120179        -0.129153435699       -0.958284316771       -0.129153435699       -0.958284316771       -0.10164845954        -0.126335502901       
0.527258364192        -0.140575137013       -0.899904706265       -0.140575137013       -0.899904706265       -0.0981301211696      -0.118770322917       
0.537026608205        -0.150395160948       -0.844483828182       -0.150395160948       -0.844483828182       -0.0947077821912      -0.111605720084       
0.546794852218        -0.158799386912       -0.791868073968       -0.158799386912       -0.791868073968       -0.0913647530094      -0.104794957745       
0.556563096231        -0.165848493345       -0.741895883967       -0.165848493345       -0.741895883967       -0.08809395144        -0.0983205807623      
0.566331340244        -0.171645430821       -0.694402264211       -0.171645430821       -0.694402264211       -0.0848923904861      -0.0921613483257      
0.576099584256        -0.176313318866       -0.649366706781       -0.176313318866       -0.649366706781       -0.081758227255       -0.0863003188798      
0.585867828269        -0.179905699294       -0.606566193219       -0.179905699294       -0.606566193219       -0.0787058880622      -0.0807397221216      
0.595636072282        -0.182497697222       -0.565923697435       -0.182497697222       -0.565923697435       -0.0757206667067      -0.0754541372806      
0.605404316295        -0.184176934712       -0.527340304375       -0.184176934712       -0.527340304375       -0.0728030781292      -0.0704314706511      
0.615172560308        -0.185000657767       -0.490701164584       -0.185000657767       -0.490701164584       -0.069949761162       -0.0656575282548      
0.624940804321        -0.185032485886       -0.455936079823       -0.185032485886       -0.455936079823       -0.0671519781117      -0.0611148665646      
0.634709048334        -0.184330376823       -0.422939707041       -0.184330376823       -0.422939707041       -0.0644245251306      -0.0568079135892      
0.644477292347        -0.182941649049       -0.391643496471       -0.182941649049       -0.391643496471       -0.0617564447975      -0.0527183846541      
0.654245536359        -0.180924689734       -0.361984979926       -0.180924689734       -0.361984979926       -0.0591422682875      -0.048832614893       
0.664013780372        -0.178312633988       -0.333876408143       -0.178312633988       -0.333876408143       -0.0565879675066      -0.0451509540507      
0.673782024385        -0.175158250027       -0.307258066115       -0.175158250027       -0.307258066115       -0.0540873399311      -0.0416600112906      
0.683550268398        -0.17148793379        -0.282085324222       -0.17148793379        -0.282085324222       -0.0516352810184      -0.0383511122565      
0.693318512411        -0.167352713315       -0.258293665375       -0.167352713315       -0.258293665375       -0.0492378722511      -0.0352225457674      
0.703086756424        -0.162791356632       -0.235842165423       -0.162791356632       -0.235842165423       -0.0468910976773      -0.032265212605       
0.712855000437        -0.157823029825       -0.214674758444       -0.157823029825       -0.214674758444       -0.0445885833796      -0.0294699823269      
0.72262324445         -0.152492546821       -0.194762800162       -0.152492546821       -0.194762800162       -0.0423352820708      -0.0268370960376      
0.732391488462        -0.146833845477       -0.176065153016       -0.146833845477       -0.176065153016       -0.0401267850936      -0.0243583679337      
0.742159732475        -0.14087887015        -0.158552782313       -0.14087887015        -0.158552782313       -0.0379649817748      -0.0220325198981      
0.751927976488        -0.134660060001       -0.142190174988       -0.134660060001       -0.142190174988       -0.0358479767743      -0.0198527483142      
0.761696220501        -0.128216982125       -0.126961030089       -0.128216982125       -0.126961030089       -0.0337760224447      -0.0178178029713      
0.771464464514        -0.121581566357       -0.11282971007        -0.121581566357       -0.11282971007        -0.0317491187889      -0.0159235929547      
0.781232708527        -0.114804032535       -0.0997837832911      -0.114804032535       -0.0997837832911      -0.029770619848       -0.0141683243407      
0.79100095254         -0.107923816832       -0.0877950344185      -0.107923816832       -0.0877950344185      -0.0278406928827      -0.0125482806387      
0.800769196552        -0.100993381717       -0.0768448155019      -0.100993381717       -0.0768448155019      -0.0259630184476      -0.0110615530739      
0.810537440565        -0.0940590115556      -0.0669016331137      -0.0940590115556      -0.0669016331137      -0.024139488313       -0.00970434006206     
0.820305684578        -0.0871791431933      -0.0579374294931      -0.0871791431933      -0.0579374294931      -0.0223749100922      -0.00847349498007     
0.830073928591        -0.0804087495169      -0.0499145074316      -0.0804087495169      -0.0499145074316      -0.0206732242556      -0.00736460375645     
0.839842172604        -0.0738019534586      -0.0427865627399      -0.0738019534586      -0.0427865627399      -0.0190383540835      -0.00637222567386     
0.849610416617        -0.0674106302902      -0.0365023567003      -0.0674106302902      -0.0365023567003      -0.0174747461609      -0.00549039087127     
0.85937866063         -0.0612851445291      -0.0310030104474      -0.0612851445291      -0.0310030104474      -0.0159870267452      -0.00471191824626     
0.869146904643        -0.0554588006231      -0.0262236765715      -0.0554588006231      -0.0262236765715      -0.0145768805111      -0.00402907921612     
0.878915148655        -0.0499630519752      -0.0220921252546      -0.0499630519752      -0.0220921252546      -0.0132467140326      -0.00343275938963     
0.888683392668        -0.0448154779366      -0.018543359992       -0.0448154779366      -0.018543359992       -0.0119971981759      -0.00291518014927     
0.898451636681        -0.0400301727914      -0.0155104541041      -0.0400301727914      -0.0155104541041      -0.0108291653324      -0.00246784770836     
0.908219880694        -0.0356026055647      -0.0129265826984      -0.0356026055647      -0.0129265826984      -0.00973981282622     -0.0020822586707      
0.917988124707        -0.0315306630619      -0.0107347282167      -0.0315306630619      -0.0107347282167      -0.00872813084192     -0.00175118898284     
0.92775636872         -0.0278032363124      -0.00888052782056     -0.0278032363124      -0.00888052782056     -0.00779138139838     -0.00146752195231     
0.937524612733        -0.0244047416572      -0.00731655838885     -0.0244047416572      -0.00731655838885     -0.00692625639129     -0.0012251013117      
0.947292856746        -0.0213197085082      -0.00600152367499     -0.0213197085082      -0.00600152367499     -0.00612988866972     -0.00101850804724     
0.957061100758        -0.0185270621384      -0.00489806205677     -0.0185270621384      -0.00489806205677     -0.00539809989584     -0.000842704813511    
0.966829344771        -0.0160083577613      -0.00397500024049     -0.0160083577613      -0.00397500024049     -0.00472755816518     -0.000693511151754    
0.976597588784        -0.0137407350135      -0.00320431254081     -0.0137407350135      -0.00320431254081     -0.0041136833688      -0.000567071272788    
0.986365832797        -0.0116857532449      -0.00255868779243     -0.0116857532449      -0.00255868779243     -0.00354706563298     -0.000459448047392    
0.99613407681         -0.00985059617985     -0.00202431715359     -0.00985059617985     -0.00202431715359     -0.00303189470749     -0.000368932645734    
1.00590232082         -0.00823245687396     -0.00158686635685     -0.00823245687396     -0.00158686635685     -0.00256956107975     -0.000293634502351    
1.01567056484         -0.00681098678307     -0.00123045357949     -0.00681098678307     -0.00123045357949     -0.00215599908362     -0.000231253241754    
1.02543880885         -0.0055672910148      -0.000941643089069    -0.0055672910148      -0.000941643089069    -0.0017873833209      -0.000179819321045    
1.03520705286         -0.00448461035614     -0.000709189159215    -0.00448461035614     -0.000709189159215    -0.00146034994965     -0.000137664611757    
1.04497529687         -0.00354811905677     -0.000523675935038    -0.00354811905677     -0.000523675935038    -0.0011719587299      -0.000103378039979    
1.05474354089         -0.00274359679622     -0.000377018647443    -0.00274359679622     -0.000377018647443    -0.000919273533526    -7.57232516684e-05    
1.0645117849          -0.00205930218091     -0.000262554720457    -0.00205930218091     -0.000262554720457    -0.000699999376041    -5.36744279909e-05    
1.0655117849          -0.00199559636764     -0.000252419954629    -0.00199559636764     -0.000252419954629    -0.000679350492991    -5.16970099463e-05    
1.0825117849          -0.00107764483899     -0.000117453383937    -0.00107764483899     -0.000117453383937    -0.000376391523667    -2.48139622673e-05    
1.0995117849          -0.000442916500903    -3.80561893391e-05    -0.000442916500903    -3.80561893391e-05    -0.000159213711406    -8.23380897574e-06    
1.1165117849          -6.65765817749e-05    3.20697095407e-06     -6.65765817749e-05    3.20697095407e-06     -2.59166236242e-05    9.27405451525e-07     
1.1335117849          1.24947347412e-05     9.40694033425e-05     1.24947347412e-05     9.40694033425e-05     0.000363369988128     -0.000715743761296    
1.1505117849          1.4130830079e-05      0.000353198753039     1.4130830079e-05      0.000353198753039     0.000322623340624     -0.000566847830273    
1.1675117849          1.2109551683e-05      0.000652742497039     1.2109551683e-05      0.000652742497039     0.000289686257741     -0.000397070746119    
1.1845117849          8.53700156247e-06     0.000953327427265     8.53700156247e-06     0.000953327427265     0.00026116197336      -0.000222827242235    
1.1855117849          8.30647535206e-06     0.000970575212161     8.30647535206e-06     0.000970575212161     0.000259587779522     -0.000212624604068    
1.19390857062         6.34749494416e-06     0.0011128033547       6.34749494416e-06     0.0011128033547       0.000246836353798     -0.000127650570843    
1.20230535635         4.40092621346e-06     0.00124930695527      4.40092621346e-06     0.00124930695527      0.000234794287667     -4.42506677743e-05    
1.21070214207         2.52984782139e-06     0.00137915366739      2.52984782139e-06     0.00137915366739      0.000223395378563     3.71116324077e-05     
1.21909892779         7.79754514482e-07     0.00150173805057      7.79754514482e-07     0.00150173805057      0.000212596560535     0.000116071305767     
1.22749571351         -8.18191989618e-07    0.00161663164875      -8.18191989618e-07    0.00161663164875      0.000202356420212     0.000192346007345     
1.23589249924         -2.24412345824e-06    0.00172362117889      -2.24412345824e-06    0.00172362117889      0.000192644993206     0.000265727284559     
1.24428928496         -3.48635521231e-06    0.00182219078084      -3.48635521231e-06    0.00182219078084      0.000183390734285     0.00033598715553      
1.25268607068         -4.54120627318e-06    0.00191267212838      -4.54120627318e-06    0.00191267212838      0.00017460789345      0.000403058197218     
1.2610828564          -5.40949521432e-06    0.00199486403251      -5.40949521432e-06    0.00199486403251      0.000166247534365     0.000466806577744     
1.26947964213         -6.09672562576e-06    0.00206891342927      -6.09672562576e-06    0.00206891342927      0.000158291714128     0.000527180176844     
1.27787642785         -6.61136144028e-06    0.00213493300971      -6.61136144028e-06    0.00213493300971      0.00015071633775      0.000584134217778     
1.28627321357         -6.964253592e-06      0.00219310651224      -6.964253592e-06      0.00219310651224      0.000143501340833     0.000637652307488     
1.29466999929         -7.16752773867e-06    0.0022435452749       -7.16752773867e-06    0.0022435452749       0.000136621407307     0.000687704873379     
1.30306678502         -7.23509823302e-06    0.00228661279975      -7.23509823302e-06    0.00228661279975      0.000130066910577     0.000734344858643     
1.31146357074         -7.18039048022e-06    0.00232234679299      -7.18039048022e-06    0.00232234679299      0.000123808823109     0.000777530303179     
1.31986035646         -7.01838450816e-06    0.0023512191238       -7.01838450816e-06    0.0023512191238       0.000117842991241     0.00081736487553      
1.32825714219         -6.76273876585e-06    0.00237330020947      -6.76273876585e-06    0.00237330020947      0.0001121440812       0.000853823971862     
1.33665392791         -6.42785465457e-06    0.00238900966279      -6.42785465457e-06    0.00238900966279      0.000106705138443     0.00088700816036      
1.34505071363         -6.02691390503e-06    0.00239851207354      -6.02691390503e-06    0.00239851207354      0.000101507552038     0.000916931971251     
1.35344749935         -5.57304159988e-06    0.00240217690841      -5.57304159988e-06    0.00240217690841      9.65427015776e-05     0.000943689866013     
1.36184428508         -5.07813967791e-06    0.00240016782079      -5.07813967791e-06    0.00240016782079      9.17940514418e-05     0.000967301433326     
1.3702410708          -4.55394699916e-06    0.00239293094885      -4.55394699916e-06    0.00239293094885      8.72569778034e-05     0.00098790245626      
1.37863785652         -4.01062850967e-06    0.00238056082339      -4.01062850967e-06    0.00238056082339      8.2914191629e-05      0.00100549074641      
1.38703464224         -3.45832411365e-06    0.00236362289994      -3.45832411365e-06    0.00236362289994      7.87660000378e-05     0.00102026443955      
1.39543142797         -2.90520593903e-06    0.00234202527116      -2.90520593903e-06    0.00234202527116      7.47907503286e-05     0.001032146634        
1.40382821369         -2.35947112881e-06    0.00231626154764      -2.35947112881e-06    0.00231626154764      7.09874183621e-05     0.00104131441289      
1.41222499941         -1.8279760762e-06     0.00228650733057      -1.8279760762e-06     0.00228650733057      6.73451078078e-05     0.00104781098765      
1.42062178514         -1.31683071879e-06    0.0022530244942       -1.31683071879e-06    0.0022530244942       6.38564279871e-05     0.00105172067794      
1.42901857086         -8.31317713135e-07    0.00221614591026      -8.31317713135e-07    0.00221614591026      6.05165099557e-05     0.00105316549495      
1.43741535658         -3.75813469238e-07    0.00217607674522      -3.75813469238e-07    0.00217607674522      5.73173957833e-05     0.00105221208593      
1.4458121423          4.60568411457e-08     0.00213296883932      4.60568411457e-08     0.00213296883932      5.425050393e-05       0.00104890320018      
1.45420892803         4.31373963287e-07     0.0020870849472       4.31373963287e-07     0.0020870849472       5.13108206162e-05     0.00104333783819      
1.46260571375         7.77988878598e-07     0.00203878739376      7.77988878598e-07     0.00203878739376      4.84961007323e-05     0.00103567013008      
1.47100249947         1.08431677031e-06     0.00198807887438      1.08431677031e-06     0.00198807887438      4.57958826752e-05     0.00102587651233      
1.47939928519         1.34953640403e-06     0.00193536202836      1.34953640403e-06     0.00193536202836      4.32097391903e-05     0.00101413953807      
1.48779607092         1.57324031314e-06     0.00188070518172      1.57324031314e-06     0.00188070518172      4.07299069103e-05     0.00100047342109      
1.49619285664         1.75569499487e-06     0.00182439630691      1.75569499487e-06     0.00182439630691      3.83540208096e-05     0.000985009929124     
1.50458964236         1.89752890974e-06     0.00176656067524      1.89752890974e-06     0.00176656067524      3.60765631457e-05     0.000967797802238     
1.51298642808         1.99970027622e-06     0.0017072471187       1.99970027622e-06     0.0017072471187       3.38910290668e-05     0.000948844445243     
1.52138321381         2.06436817146e-06     0.00164717237709      2.06436817146e-06     0.00164717237709      3.18044513255e-05     0.000928532630661     
1.52977999953         2.09278460102e-06     0.00158597047873      2.09278460102e-06     0.00158597047873      2.98027119428e-05     0.000906646378101     
1.53817678525         2.0872465993e-06      0.00152390693102      2.0872465993e-06      0.00152390693102      2.78846751405e-05     0.000883321674204     
1.54657357098         2.05042998468e-06     0.00146129553733      2.05042998468e-06     0.00146129553733      2.60501490507e-05     0.000858729067589     
1.5549703567          1.98487507009e-06     0.00139817195196      1.98487507009e-06     0.00139817195196      2.42940996989e-05     0.0008328813074       
1.56336714242         1.89359912214e-06     0.00133476874171      1.89359912214e-06     0.00133476874171      2.26153018015e-05     0.000805909139687     
1.57176392814         1.77956885662e-06     0.00127116384046      1.77956885662e-06     0.00127116384046      2.10100747187e-05     0.000777854256803     
1.58016071387         1.64608161179e-06     0.0012075764756       1.64608161179e-06     0.0012075764756       1.94773516917e-05     0.000748846671602     
1.58855749959         1.49635823589e-06     0.00114410370261      1.49635823589e-06     0.00114410370261      1.80142272727e-05     0.000718945088414     
1.59695428531         1.33378431048e-06     0.00108091926499      1.33378431048e-06     0.00108091926499      1.66192319228e-05     0.000688258593176     
1.60535107103         1.16160360392e-06     0.00101805876926      1.16160360392e-06     0.00101805876926      1.52889409036e-05     0.000656811408471     
1.61374785676         9.83256189965e-07     0.000955713229509     9.83256189965e-07     0.000955713229509     1.4022507511e-05      0.00062472903086      
1.62214464248         8.02095547905e-07     0.000894043328731     8.02095547905e-07     0.000894043328731     1.28187103658e-05     0.000592121958938     
1.6305414282          6.2132861609e-07      0.000833127967787     6.2132861609e-07      0.000833127967787     1.16752718918e-05     0.00055905003415      
1.63893821392         4.44129243243e-07     0.000773106202881     4.44129243243e-07     0.000773106202881     1.05909198624e-05     0.000525615464555     
1.64733499965         2.73532994837e-07     0.000714111813186     2.73532994837e-07     0.000714111813186     9.56439898973e-06     0.000491920547408     
1.65573178537         1.12405824612e-07     0.0006562533974       1.12405824612e-07     0.0006562533974       8.59420693653e-06     0.000458053650048     
1.66412857109         -3.65628789483e-08    0.000599659551253     -3.65628789483e-08    0.000599659551253     7.67919676436e-06     0.000424120153806     
1.67252535682         -1.70917467979e-07    0.000544492473981     -1.70917467979e-07    0.000544492473981     6.81870610656e-06     0.000390253249757     
1.68092214254         -2.88425903588e-07    0.00049079877114      -2.88425903588e-07    0.00049079877114      6.01067328306e-06     0.000356507311632     
1.68931892826         -3.87231522599e-07    0.000438829686657     -3.87231522599e-07    0.000438829686657     5.25561981619e-06     0.000323088198875     
1.69771571398         -4.68901657866e-07    0.000391304110416     -4.68901657866e-07    0.000391304110416     4.58286999438e-06     0.000292052532713     
1.70611249971         -5.29521290659e-07    0.000344860735269     -5.29521290659e-07    0.000344860735269     3.94945367794e-06     0.000260967767226     
1.71450928543         -5.67469067409e-07    0.000299609605467     -5.67469067409e-07    0.000299609605467     3.35491908176e-06     0.000229925504794     
1.72290607115         -5.81830855132e-07    0.000255848447429     -5.81830855132e-07    0.000255848447429     2.80086904046e-06     0.000199165901078     
1.73130285687         -5.72277142939e-07    0.000213865909851     -5.72277142939e-07    0.000213865909851     2.28861889014e-06     0.000168932674482     
1.7396996426          -5.39184410091e-07    0.000173965216269     -5.39184410091e-07    0.000173965216269     1.81945660515e-06     0.000139491866087     
1.74809642832         -4.83794137255e-07    0.000136481181966     -4.83794137255e-07    0.000136481181966     1.39479969651e-06     0.000111146856127     
1.75649321404         -4.08439055267e-07    0.000101800883537     -4.08439055267e-07    0.000101800883537     1.01636434992e-06     8.42577013952e-05     
1.76488999976         -3.16897242255e-07    7.03967782849e-05     -3.16897242255e-07    7.03967782849e-05     6.86427453344e-07     5.92727012175e-05     
1.77328678549         -2.15018100954e-07    4.28902430232e-05     -2.15018100954e-07    4.28902430232e-05     4.08333674388e-07     3.67890496839e-05     
1.78168357121         -1.12059237e-07       2.02013378802e-05     -1.12059237e-07       2.02013378802e-05     1.87718727109e-07     1.7695158097e-05      
1.79008035693         -2.48006931496e-08    4.06343274009e-06     -2.48006931496e-08    4.06343274009e-06     3.68410273425e-08     3.65619601869e-06     
1.79847714266         3.61750298333e-06     2.41724499658e-08     3.61750298333e-06     2.41724499658e-08     3.36874698415e-06     -4.68309982619e-07    
1.80687392838         1.96743291962e-05     1.43294618362e-07     1.96743291962e-05     1.43294618362e-07     1.84479304282e-05     -2.6328306766e-06     
1.8152707141          4.28441800287e-05     3.38777143344e-07     4.28441800287e-05     3.38777143344e-07     4.04486613388e-05     -5.9208705787e-06     
1.82366749982         7.14700235986e-05     6.11336524018e-07     7.14700235986e-05     6.11336524018e-07     6.79325463282e-05     -1.01902903795e-05    
1.83206428555         0.000104727079994     9.65905469388e-07     0.000104727079994     9.65905469388e-07     0.000100214903329     -1.53926122811e-05    
1.84046107127         0.00014208608149      1.40881786594e-06     0.00014208608149      1.40881786594e-06     0.000136874492924     -2.15099299538e-05    
1.84885785699         0.000183162986463     1.94708247622e-06     0.000183162986463     1.94708247622e-06     0.000177617309586     -2.85379354737e-05    
1.85725464271         0.00022765710399      2.58809679608e-06     0.00022765710399      2.58809679608e-06     0.000222220875208     -3.64791664088e-05    
1.86565142844         0.000275320310337     3.33950487522e-06     0.000275320310337     3.33950487522e-06     0.000270506692518     -4.53397478387e-05    
1.87404821416         0.000325939829368     4.20911377201e-06     0.000325939829368     4.20911377201e-06     0.000322324922723     -5.51276195536e-05    
1.88244499988         0.000379327793281     5.20483745766e-06     0.000379327793281     5.20483745766e-06     0.000377545145604     -6.58514875408e-05    
1.89084178561         0.000435314531655     6.33465491494e-06     0.000435314531655     6.33465491494e-06     0.000436050449913     -7.75201646933e-05    
1.89923857133         0.00049374406136      7.60657617091e-06     0.00049374406136      7.60657617091e-06     0.000497733482006     -9.01421365634e-05    
1.90763535705         0.00055447094914      9.02861306789e-06     0.00055447094914      9.02861306789e-06     0.000562493711624     -0.000103725264977    
1.91603214277         0.000617358068759     1.06087530422e-05     0.000617358068759     1.06087530422e-05     0.000630235488544     -0.000118276580199    
1.9244289285          0.000682274962553     1.23549349338e-05     0.000682274962553     1.23549349338e-05     0.000700866632341     -0.000133802132333    
1.93282571422         0.000749096623482     1.42750262525e-05     0.000749096623482     1.42750262525e-05     0.000774297392434     -0.000150306883718    
1.94122249994         0.000817702577403     1.63768015619e-05     0.000817702577403     1.63768015619e-05     0.000850439672291     -0.000167794630625    
1.94961928566         0.000887976184111     1.86679217727e-05     0.000887976184111     1.86679217727e-05     0.000929206446112     -0.000186267946481    
1.95801607139         0.000959804100804     2.11559142229e-05     0.000959804100804     2.11559142229e-05     0.00101051131858      -0.000205728141309    
1.96641285711         0.00103307586801      2.384815347e-05       0.00103307586801      2.384815347e-05       0.00109426819273      -0.000226175233695    
1.97480964283         0.00110768358915      2.67518427549e-05     0.00110768358915      2.67518427549e-05     0.00118039102069      -0.000247607932642    
1.98320642855         0.00118352168217      2.98739961114e-05     0.00118352168217      2.98739961114e-05     0.00126879361857      -0.000270023627334    
1.99160321428         0.00126048668824      3.32214211299e-05     0.00126048668824      3.32214211299e-05     0.00135938953251      -0.000293418383542    
2                     0.00133847712379      3.68007023388e-05     0.00133847712379      3.68007023388e-05     0.00145209194366      -0.000317786945251    
2.001                 0.00134782887843      3.72427221008e-05     0.00134782887843      3.72427221008e-05     0.0014632684407       -0.000320753671902    
2.18280808081         0.00311206350536      0.000181565931139     0.00311206350536      0.000181565931139     0.00381720731802      -0.00106434062229     
2.36461616162         0.004522823139        0.000456517741231     0.004522823139        0.000456517741231     0.00621124907518      -0.00205087455885     
2.54642424242         0.00516454382304      0.000806307541452     0.00516454382304      0.000806307541452     0.00789379885013      -0.00296199677002     
2.72823232323         0.00499810180599      0.00112361928091      0.00499810180599      0.00112361928091      0.00846871483464      -0.00351656996693     
2.91004040404         0.0042422593038       0.00130724423319      0.0042422593038       0.00130724423319      0.0079476991814       -0.00358541162506     
3.09184848485         0.00321480734311      0.00131036225674      0.00321480734311      0.00131036225674      0.00664897065855      -0.00321508851811     
3.27365656566         0.00219774659075      0.0011538361019       0.00219774659075      0.0011538361019       0.00501437520077      -0.00257244898947     
3.45546464646         0.00136450384227      0.000904218905852     0.00136450384227      0.000904218905852     0.00343436867669      -0.0018543201778      
3.63727272727         0.000773070044637     0.000636613116244     0.000773070044637     0.000636613116244     0.00214781835041      -0.00121269252695     
3.81908080808         0.000401125030354     0.000405579567773     0.000401125030354     0.000405579567773     0.00123170942973      -0.000723427204641    
4.00088888889         0.000191146803013     0.000235143488848     0.000191146803013     0.000235143488848     0.000649922792238     -0.000395354997054    
4.1826969697          8.38286356527e-05     0.000124624666976     8.38286356527e-05     0.000124624666976     0.000316417034764     -0.000198623305986    
4.36450505051         3.38847598795e-05     6.05976908913e-05     3.38847598795e-05     6.05976908913e-05     0.000142453213645     -9.1987962911e-05     
4.54631313131         1.26360992636e-05     2.71111177362e-05     1.26360992636e-05     2.71111177362e-05     5.94125076667e-05     -3.93603844133e-05    
4.72812121212         4.34916225165e-06     1.11864962796e-05     4.34916225165e-06     1.11864962796e-05     2.29880738722e-05     -1.55882159022e-05    
4.90992929293         1.38149734388e-06     4.2650418539e-06      1.38149734388e-06     4.2650418539e-06      8.26136972556e-06     -5.7223715788e-06     
5.09173737374         4.04742087013e-07     1.50492730387e-06     4.04742087013e-07     1.50492730387e-06     2.76018971025e-06     -1.94947484587e-06    
5.27354545455         1.09229814181e-07     4.92080990553e-07     1.09229814181e-07     4.92080990553e-07     8.58032623555e-07     -6.16952254568e-07    
5.45535353535         2.70967150275e-08     1.49266375099e-07     2.70967150275e-08     1.49266375099e-07     2.48331096229e-07     -1.81525837322e-07    
5.63716161616         6.15799951899e-09     4.20431398644e-08     6.15799951899e-09     4.20431398644e-08     6.69516030554e-08     -4.96916684031e-08    
5.81896969697         1.27519797556e-09     1.10047780753e-08     1.27519797556e-09     1.10047780753e-08     1.6822793947e-08      -1.26633246034e-08    
6.00077777778         2.38491254376e-10     2.67866352527e-09     2.38491254376e-10     2.67866352527e-09     3.94110877355e-09     -3.00576831571e-09    
6.18258585859         3.96508108231e-11     6.06686615048e-10     3.96508108231e-11     6.06686615048e-10     8.61141380794e-10     -6.64816302534e-10    
6.36439393939         5.67599827092e-12     1.27922387564e-10     5.67599827092e-12     1.27922387564e-10     1.75549606372e-10     -1.37074562625e-10    
6.5462020202          6.4534322696e-13      2.51224470431e-11     6.4534322696e-13      2.51224470431e-11     3.33972110849e-11     -2.63553804893e-11    
6.72801010101         4.13182435621e-14     4.59753787989e-12     4.13182435621e-14     4.59753787989e-12     5.93127340795e-12     -4.72726753804e-12    
6.90981818182         -4.71095950363e-15    7.85272867776e-13     -4.71095950363e-15    7.85272867776e-13     9.84765463574e-13     -7.92181715674e-13    
7.09162626263         -2.41727848148e-15    1.23999092483e-13     -2.41727848148e-15    1.23999092483e-13     1.51383427511e-13     -1.22842734997e-13    
7.27343434343         -5.61213082863e-16    1.77111425959e-14     -5.61213082863e-16    1.77111425959e-14     2.10795275405e-14     -1.72457012482e-14    
7.45524242424         -1.66397845432e-16    3.89354176323e-15     -1.66397845432e-16    3.89354176323e-15     4.52349934418e-15     -3.72933412313e-15    
7.63705050505         -2.70389372115e-17    5.12295186654e-16     -2.70389372115e-17    5.12295186654e-16     5.81681115211e-16     -4.83039709542e-16    
7.81885858586         -3.43509835529e-17    5.54649393928e-16     -3.43509835529e-17    5.54649393928e-16     6.16169913882e-16     -5.1517950909e-16     
8.00066666667         -4.20979979127e-17    5.98872545487e-16     -4.20979979127e-17    5.98872545487e-16     6.51601488508e-16     -5.48318458285e-16    
8.18247474747         -5.02785606427e-17    6.44973898541e-16     -5.02785606427e-17    6.44973898541e-16     6.87976008851e-16     -5.8245369238e-16     
8.36428282828         -5.88912446416e-17    6.92962041053e-16     -5.88912446416e-17    6.92962041053e-16     7.25293748117e-16     -6.17582486061e-16    
8.54609090909         -6.79346248213e-17    7.42844950145e-16     -6.79346248213e-17    7.42844950145e-16     7.63555067966e-16     -6.53702246396e-16    
8.7278989899          -7.74072856732e-17    7.94630044587e-16     -7.74072856732e-17    7.94630044587e-16     8.02760405467e-16     -6.90810505934e-16    
8.90970707071         -8.73078272714e-17    8.48324232026e-16     -8.73078272714e-17    8.48324232026e-16     8.42910261738e-16     -7.28904916016e-16    
9.09151515152         -9.76348699923e-17    9.0393395157e-16      -9.76348699923e-17    9.0393395157e-16      8.84005192049e-16     -7.67983240341e-16    
9.27332323232         -1.08387058179e-16    9.61465212235e-16     -1.08387058179e-16    9.61465212235e-16     9.26045797203e-16     -8.08043348814e-16    
9.45513131313         -1.19563062936e-16    1.02092362771e-15     -1.19563062936e-16    1.02092362771e-15     9.69032716021e-16     -8.49083211676e-16    
9.63693939394         -1.31161584219e-16    1.08231444784e-15     -1.31161584219e-16    1.08231444784e-15     1.01296661879e-15     -8.91100893942e-16    
9.81874747475         -1.43181352332e-16    1.14564258718e-15     -1.43181352332e-16    1.14564258718e-15     1.05784820154e-15     -9.34094550135e-16    
10.0005555556         -1.55621128951e-16    1.21091265092e-15     -1.55621128951e-16    1.21091265092e-15     1.1036781811e-15      -9.78062419303e-16    
10.1823636364         -1.68479707761e-16    1.27812895852e-15     -1.68479707761e-16    1.27812895852e-15     1.15045729068e-15     -1.02300282032e-15    
10.3641717172         -1.81755914767e-16    1.34729556512e-15     -1.81755914767e-16    1.34729556512e-15     1.19818627618e-15     -1.06891414749e-15    
10.545979798          -1.95448608358e-16    1.41841628117e-15     -1.95448608358e-16    1.41841628117e-15     1.24686589281e-15     -1.11579486635e-15    
10.7277878788         -2.09556679154e-16    1.49149469035e-15     -2.09556679154e-16    1.49149469035e-15     1.29649690228e-15     -1.16364350978e-15    
10.9095959596         -2.24079049691e-16    1.56653416587e-15     -2.24079049691e-16    1.56653416587e-15     1.34708007024e-15     -1.21245867433e-15    
11.0914040404         -2.39014673976e-16    1.64353788547e-15     -2.39014673976e-16    1.64353788547e-15     1.39861616417e-15     -1.26223901673e-15    
11.2732121212         -2.54362536935e-16    1.72250884516e-15     -2.54362536935e-16    1.72250884516e-15     1.45110595146e-15     -1.31298325071e-15    
11.455020202          -2.70121653781e-16    1.8034498718e-15      -2.70121653781e-16    1.8034498718e-15      1.50455019778e-15     -1.36469014389e-15    
11.6368282828         -2.86291069324e-16    1.88636363465e-15     -2.86291069324e-16    1.88636363465e-15     1.55894966569e-15     -1.41735851495e-15    
11.8186363636         -3.02869857235e-16    1.97125265606e-15     -3.02869857235e-16    1.97125265606e-15     1.6143051134e-15      -1.47098723095e-15    
12.0004444444         -3.19857119275e-16    2.05811932122e-15     -3.19857119275e-16    2.05811932122e-15     1.67061729373e-15     -1.52557520477e-15    
12.1822525253         -3.37251984514e-16    2.14696588721e-15     -3.37251984514e-16    2.14696588721e-15     1.72788695322e-15     -1.58112139278e-15    
12.3640606061         -3.55053608525e-16    2.23779449134e-15     -3.55053608525e-16    2.23779449134e-15     1.78611483137e-15     -1.63762479259e-15    
12.5458686869         -3.73261172584e-16    2.33060715883e-15     -3.73261172584e-16    2.33060715883e-15     1.84530165999e-15     -1.69508444094e-15    
12.7276767677         -3.91873882867e-16    2.42540580995e-15     -3.91873882867e-16    2.42540580995e-15     1.90544816266e-15     -1.75349941177e-15    
12.9094848485         -4.10890969655e-16    2.52219226657e-15     -4.10890969655e-16    2.52219226657e-15     1.96655505424e-15     -1.81286881433e-15    
13.0912929293         -4.30311686548e-16    2.62096825826e-15     -4.30311686548e-16    2.62096825826e-15     2.02862304056e-15     -1.87319179145e-15    
13.2731010101         -4.50135309697e-16    2.721735428e-15       -4.50135309697e-16    2.721735428e-15       2.09165281806e-15     -1.93446751789e-15    
13.4549090909         -4.70361137042e-16    2.82449533736e-15     -4.70361137042e-16    2.82449533736e-15     2.15564507357e-15     -1.99669519883e-15    
13.6367171717         -4.90988487577e-16    2.9292494714e-15      -4.90988487577e-16    2.9292494714e-15      2.22060048411e-15     -2.05987406833e-15    
13.8185252525         -5.12016700632e-16    3.03599924321e-15     -5.12016700632e-16    3.03599924321e-15     2.28651971676e-15     -2.12400338807e-15    
14.0003333333         -5.33445135169e-16    3.14474599812e-15     -5.33445135169e-16    3.14474599812e-15     2.35340342854e-15     -2.18908244595e-15    
14.1821414141         -5.55273169107e-16    3.25549101761e-15     -5.55273169107e-16    3.25549101761e-15     2.42125226635e-15     -2.25511055494e-15    
14.3639494949         -5.77500198661e-16    3.36823552299e-15     -5.77500198661e-16    3.36823552299e-15     2.49006686697e-15     -2.32208705187e-15    
14.5457575758         -6.00125637704e-16    3.4829806788e-15      -6.00125637704e-16    3.4829806788e-15      2.55984785698e-15     -2.39001129638e-15    
14.7275656566         -6.23148917153e-16    3.599727596e-15       -6.23148917153e-16    3.599727596e-15       2.63059585286e-15     -2.4588826699e-15     
14.9093737374         -6.46569484374e-16    3.71847733493e-15     -6.46569484374e-16    3.71847733493e-15     2.70231146098e-15     -2.52870057463e-15    
15.0911818182         -6.70386802606e-16    3.8392309081e-15      -6.70386802606e-16    3.8392309081e-15      2.77499527766e-15     -2.59946443264e-15    
15.272989899          -6.94600350406e-16    3.96198928281e-15     -6.94600350406e-16    3.96198928281e-15     2.84864788927e-15     -2.67117368503e-15    
15.4547979798         -7.19209621117e-16    4.08675338354e-15     -7.19209621117e-16    4.08675338354e-15     2.9232698723e-15      -2.74382779104e-15    
15.6366060606         -7.44214122354e-16    4.21352409427e-15     -7.44214122354e-16    4.21352409427e-15     2.99886179345e-15     -2.81742622734e-15    
15.8184141414         -7.69613375506e-16    4.34230226061e-15     -7.69613375506e-16    4.34230226061e-15     3.07542420976e-15     -2.89196848725e-15    
16.0002222222         -7.9540691526e-16     4.47308869179e-15     -7.9540691526e-16     4.47308869179e-15     3.15295766872e-15     -2.96745408003e-15    
16.182030303          -8.21594289142e-16    4.60588416255e-15     -8.21594289142e-16    4.60588416255e-15     3.23146270837e-15     -3.04388253023e-15    
16.3638383838         -8.48175057076e-16    4.7406894149e-15      -8.48175057076e-16    4.7406894149e-15      3.31093985748e-15     -3.12125337709e-15    
16.5456464646         -8.75148790957e-16    4.87750515982e-15     -8.75148790957e-16    4.87750515982e-15     3.39138963564e-15     -3.19956617386e-15    
16.7274545455         -9.02515074246e-16    5.01633207876e-15     -9.02515074246e-16    5.01633207876e-15     3.47281255342e-15     -3.27882048732e-15    
16.9092626263         -9.30273501572e-16    5.15717082516e-15     -9.30273501572e-16    5.15717082516e-15     3.5552091125e-15      -3.35901589717e-15    
17.0910707071         -9.58423678358e-16    5.30002202581e-15     -9.58423678358e-16    5.30002202581e-15     3.63857980585e-15     -3.44015199554e-15    
17.2728787879         -9.86965220455e-16    5.44488628215e-15     -9.86965220455e-16    5.44488628215e-15     3.72292511783e-15     -3.52222838652e-15    
17.4546868687         -1.0158977538e-15     5.59176417154e-15     -1.0158977538e-15     5.59176417154e-15     3.80824552434e-15     -3.60524468567e-15    
17.6364949495         -1.04522091405e-15    5.74065624834e-15     -1.04522091405e-15    5.74065624834e-15     3.89454149302e-15     -3.68920051959e-15    
17.8183030303         -1.07493434632e-15    5.89156304509e-15     -1.07493434632e-15    5.89156304509e-15     3.98181348334e-15     -3.77409552546e-15    
18.0001111111         -1.10503770481e-15    6.04448507349e-15     -1.10503770481e-15    6.04448507349e-15     4.07006194678e-15     -3.85992935071e-15    
18.1819191919         -1.13553065253e-15    6.19942282537e-15     -1.13553065253e-15    6.19942282537e-15     4.15928732695e-15     -3.94670165258e-15    
18.3637272727         -1.16641286101e-15    6.35637677366e-15     -1.16641286101e-15    6.35637677366e-15     4.24949005979e-15     -4.03441209775e-15    
18.5455353535         -1.19768401006e-15    6.51534737321e-15     -1.19768401006e-15    6.51534737321e-15     4.34067057365e-15     -4.12306036203e-15    
18.7273434343         -1.22934378742e-15    6.67633506163e-15     -1.22934378742e-15    6.67633506163e-15     4.43282928947e-15     -4.21264613001e-15    
18.9091515152         -1.26139188859e-15    6.8393402601e-15      -1.26139188859e-15    6.8393402601e-15      4.52596662093e-15     -4.30316909474e-15    
19.090959596          -1.29382801655e-15    7.00436337406e-15     -1.29382801655e-15    7.00436337406e-15     4.62008297458e-15     -4.3946289574e-15     
19.2727676768         -1.32665188149e-15    7.17140479394e-15     -1.32665188149e-15    7.17140479394e-15     4.71517874995e-15     -4.48702542707e-15    
19.4545757576         -1.35986320065e-15    7.34046489582e-15     -1.35986320065e-15    7.34046489582e-15     4.81125433975e-15     -4.58035822041e-15    
19.6363838384         -1.39346169804e-15    7.51154404206e-15     -1.39346169804e-15    7.51154404206e-15     4.90831012994e-15     -4.67462706138e-15    
19.8181919192         -1.42744710427e-15    7.68464258188e-15     -1.42744710427e-15    7.68464258188e-15     5.00634649993e-15     -4.76983168104e-15    
20                    0                     0                     0                     0                     0                     0                     
