0.0779191396          0                     0                     0                     0                     0                     0                     
0.0876706619957       -0.0605205608852      -0.267429132657       -0.0605205608852      -0.267429132657       -0.0081472734766      -0.00963131416225     
0.0974221843913       -0.192480291657       -1.07501052368        -0.192480291657       -1.07501052368        -0.0345658815092      -0.0360761476693      
0.107173706787        -0.320690762799       -1.99920559627        -0.320690762799       -1.99920559627        -0.0684474265618      -0.0627912902925      
0.116925229183        -0.430040537526       -2.78564034215        -0.430040537526       -2.78564034215        -0.101189613545       -0.0829393145382      
0.126676751578        -0.522269415425       -3.35863421979        -0.522269415425       -3.35863421979        -0.128824658094       -0.0963950248556      
0.136428273974        -0.60089624593        -3.72533425504        -0.60089624593        -3.72533425504        -0.150749212369       -0.10447076963        
0.14617979637         -0.668164707806       -3.92062384038        -0.668164707806       -3.92062384038        -0.166891611614       -0.108715289759       
0.155931318765        -0.725412456835       -3.98368228271        -0.725412456835       -3.98368228271        -0.177972063543       -0.110285546947       
0.165682841161        -0.773383523352       -3.94983090385        -0.773383523352       -3.94983090385        -0.18480894658        -0.109956579928       
0.175434363557        -0.812786477043       -3.84749840843        -0.812786477043       -3.84749840843        -0.188233640263       -0.108266787208       
0.185185885952        -0.843973690331       -3.69883457488        -0.843973690331       -3.69883457488        -0.188886087588       -0.105616041154       
0.194937408348        -0.867694376852       -3.52048095503        -0.867694376852       -3.52048095503        -0.187507960455       -0.102521717033       
0.204688930743        -0.884409109821       -3.32457824981        -0.884409109821       -3.32457824981        -0.184239486799       -0.0985261373523      
0.214440453139        -0.894734816923       -3.1200402648         -0.894734816923       -3.1200402648         -0.179790631359       -0.0945800813051      
0.224191975535        -0.899347790905       -2.91332245437        -0.899347790905       -2.91332245437        -0.174734987418       -0.0904078332547      
0.23394349793         -0.898706002754       -2.7085320947         -0.898706002754       -2.7085320947         -0.169032251722       -0.0861407124396      
0.243695020326        -0.893512943364       -2.50917449301        -0.893512943364       -2.50917449301        -0.162914153364       -0.0818225257424      
0.253446542722        -0.88421428848        -2.31700087594        -0.88421428848        -2.31700087594        -0.15634885874        -0.0771852947296      
0.263198065117        -0.87132985205        -2.13347700721        -0.87132985205        -2.13347700721        -0.149767527618       -0.0728094135131      
0.272949587513        -0.855279514101       -1.95921566092        -0.855279514101       -1.95921566092        -0.142964452403       -0.0684207791024      
0.282701109909        -0.836485162256       -1.79471790187        -0.836485162256       -1.79471790187        -0.136286728014       -0.064060238602       
0.292452632304        -0.815312935837       -1.64005623636        -0.815312935837       -1.64005623636        -0.129630649391       -0.0597328543017      
0.3022041547          -0.792144830148       -1.49513283986        -0.792144830148       -1.49513283986        -0.123120515264       -0.0555418615838      
0.311955677096        -0.767243706558       -1.35968674254        -0.767243706558       -1.35968674254        -0.116746773663       -0.0514742939897      
0.321707199491        -0.740865239367       -1.23343693859        -0.740865239367       -1.23343693859        -0.11039241629        -0.0474736814923      
0.331458721887        -0.713269626861       -1.11605402048        -0.713269626861       -1.11605402048        -0.104345959297       -0.0436884436207      
0.341210244283        -0.68469519316        -1.00714459054        -0.68469519316        -1.00714459054        -0.0984684665861      -0.0400469680814      
0.350961766678        -0.655339755759       -0.9062718213         -0.655339755759       -0.9062718213         -0.0928046367337      -0.0366003472772      
0.360713289074        -0.625371287675       -0.813058723208       -0.625371287675       -0.813058723208       -0.0872733663211      -0.0333207064403      
0.37046481147         -0.594953745165       -0.727120092557       -0.594953745165       -0.727120092557       -0.0820147697374      -0.0302407981732      
0.380216333865        -0.564257128544       -0.648068775283       -0.564257128544       -0.648068775283       -0.0769542357256      -0.0273413439501      
0.389967856261        -0.533436055508       -0.575528176006       -0.533436055508       -0.575528176006       -0.072063552149       -0.0246250572936      
0.399719378657        -0.502608507955       -0.509158297301       -0.502608507955       -0.509158297301       -0.0674097542376      -0.0221012853361      
0.409470901052        -0.471927831744       -0.448631791401       -0.471927831744       -0.448631791401       -0.0629529734186      -0.019758995129       
0.419222423448        -0.441532879442       -0.393627634717       -0.441532879442       -0.393627634717       -0.0586688730253      -0.0175942205892      
0.428973945843        -0.411557711345       -0.34385367715        -0.411557711345       -0.34385367715        -0.0545992182202      -0.0156036552195      
0.438725468239        -0.382143798699       -0.299009625067       -0.382143798699       -0.299009625067       -0.0507056458709      -0.0137802433365      
0.448476990635        -0.353427705933       -0.258812548812       -0.353427705933       -0.258812548812       -0.0470095264548      -0.0121225333136      
0.45822851303         -0.325557398866       -0.222982290684       -0.325557398866       -0.222982290684       -0.0434906129708      -0.0106217348058      
0.467980035426        -0.298662485483       -0.191227891302       -0.298662485483       -0.191227891302       -0.0401591401575      -0.00927190152737     
0.477731557822        -0.272880353674       -0.163266094508       -0.272880353674       -0.163266094508       -0.0370023897663      -0.00806577244222     
0.487483080217        -0.248320160539       -0.138792461638       -0.248320160539       -0.138792461638       -0.034024445503       -0.00699180765829     
0.497234602613        -0.225087212864       -0.117510250301       -0.225087212864       -0.117510250301       -0.0312217054677      -0.00604277352673     
0.506986125009        -0.2032532329         -0.0991136046097      -0.2032532329         -0.0991136046097      -0.0285901363824      -0.00520776594819     
0.516737647404        -0.182867712929       -0.0833010100966      -0.182867712929       -0.0833010100966      -0.0261246930991      -0.00447666892397     
0.5264891698          -0.163955890515       -0.0697826951393      -0.163955890515       -0.0697826951393      -0.0238208159691      -0.00384089704308     
0.536240692196        -0.146508203041       -0.058277057873       -0.146508203041       -0.058277057873       -0.0216741946985      -0.00328791402114     
0.545992214591        -0.130496672645       -0.0485248703639      -0.130496672645       -0.0485248703639      -0.0196782404305      -0.00280935765166     
0.555743736987        -0.115872292949       -0.0402797337607      -0.115872292949       -0.0402797337607      -0.0178259764047      -0.00239435286339     
0.565495259383        -0.102603280462       -0.0333634349281      -0.102603280462       -0.0333634349281      -0.0161149956226      -0.00204058934083     
0.575246781778        -0.0905169924099      -0.0275292955693      -0.0905169924099      -0.0275292955693      -0.0145234808033      -0.00173320996186     
0.584998304174        -0.0796337786608      -0.0226523466388      -0.0796337786608      -0.0226523466388      -0.0130596079672      -0.00146959500661     
0.59474982657         -0.0698350709467      -0.0185771145494      -0.0698350709467      -0.0185771145494      -0.0117101154581      -0.00124358712406     
0.604501348965        -0.0610366274122      -0.0151796028805      -0.0610366274122      -0.0151796028805      -0.0104685279851      -0.00104936793935     
0.614252871361        -0.0531564059268      -0.0123535447301      -0.0531564059268      -0.0123535447301      -0.00932757488918     -0.00088285824624     
0.624004393757        -0.0461180373319      -0.0100092830827      -0.0461180373319      -0.0100092830827      -0.00828086449411     -0.000740659666554    
0.633755916152        -0.0398446222031      -0.00806940033448     -0.0398446222031      -0.00806940033448     -0.00732225739283     -0.000618815294358    
0.643507438548        -0.0342668978974      -0.00646903655619     -0.0342668978974      -0.00646903655619     -0.00644552362813     -0.000514922566385    
0.653258960943        -0.0293156358189      -0.00515244659243     -0.0293156358189      -0.00515244659243     -0.00564458785758     -0.000426170404709    
0.663010483339        -0.0249437468006      -0.00407537328149     -0.0249437468006      -0.00407537328149     -0.00491654829127     -0.000350898342798    
0.672762005735        -0.0210830124238      -0.0031964102637      -0.0210830124238      -0.0031964102637      -0.00425413131986     -0.000286951507714    
0.68251352813         -0.0176874588396      -0.00248321461121     -0.0176874588396      -0.00248321461121     -0.00365367179942     -0.000232833423924    
0.692265050526        -0.0147109642454      -0.0019079061463      -0.0147109642454      -0.0019079061463      -0.00311094104971     -0.000187205122855    
0.702016572922        -0.0121119802823      -0.00144702608227     -0.0121119802823      -0.00144702608227     -0.00262209514935     -0.00014890387296     
0.711768095317        -0.0098525605115      -0.00108076583189     -0.0098525605115      -0.00108076583189     -0.00218351905126     -0.000116926523119    
0.721519617713        -0.00789851804651     -0.000792487363339    -0.00789851804651     -0.000792487363339    -0.00179192762946     -9.03863576184e-05    
0.731271140109        -0.00621900119064     -0.000568204820989    -0.00621900119064     -0.000568204820989    -0.00144429224699     -6.85396531137e-05    
0.741022662504        -0.0047864149563      -0.000396145517533    -0.0047864149563      -0.000396145517533    -0.00113789667813     -5.07211052723e-05    
0.7507741849          -0.00357612672711     -0.000266448218775    -0.00357612672711     -0.000266448218775    -0.000870316704355    -3.63561457151e-05    
0.7517741849          -0.003463726515       -0.000255206373286    -0.003463726515       -0.000255206373286    -0.000844993390397    -3.50585573667e-05    
0.7687741849          -0.00185420100375     -0.000111382113786    -0.00185420100375     -0.000111382113786    -0.000471406592109    -1.72700856328e-05    
0.7857741849          -0.000755973605853    -3.54851182117e-05    -0.000755973605853    -3.54851182117e-05    -0.00020093831509     -6.16900721142e-06    
0.8027741849          -0.000113599607764    -2.67005953499e-06    -0.000113599607764    -2.67005953499e-06    -3.34987238389e-05    -4.33000754169e-08    
0.8197741849          2.17914258405e-05     0.000128559619251     2.17914258405e-05     0.000128559619251     0.000688263296724     -0.00144416640419     
0.8367741849          2.46857527569e-05     0.000546340549457     2.46857527569e-05     0.000546340549457     0.000604799866149     -0.00121147937637     
0.8537741849          2.02913019025e-05     0.0010319318385       2.02913019025e-05     0.0010319318385       0.000538111279937     -0.000951722887245    
0.8707741849          1.31915946255e-05     0.00151636566641      1.31915946255e-05     0.00151636566641      0.000480920740817     -0.00068703391278     
0.8717741849          1.27480281737e-05     0.00154403273734      1.27480281737e-05     0.00154403273734      0.000477787642929     -0.0006715666644      
0.880520121451        8.88420155745e-06     0.00178033118799      8.88420155745e-06     0.00178033118799      0.000451363877824     -0.000537462963114    
0.889266058002        5.16683394117e-06     0.00200476332981      5.16683394117e-06     0.00200476332981      0.000426541212717     -0.00040605252898     
0.898011994553        1.72247409246e-06     0.00221563101609      1.72247409246e-06     0.00221563101609      0.00040317441016      -0.000278081262041    
0.906757931105        -1.366592098e-06      0.00241154334565      -1.366592098e-06      0.00241154334565      0.000381105453446     -0.000154116703402    
0.915503867656        -4.05141240046e-06    0.00259179980472      -4.05141240046e-06    0.00259179980472      0.000360250183648     -3.46495892295e-05    
0.924249804207        -6.30901565226e-06    0.00275590375681      -6.30901565226e-06    0.00275590375681      0.000340515779943     7.99452049792e-05     
0.932995740758        -8.13565744381e-06    0.0029035303464       -8.13565744381e-06    0.0029035303464       0.000321812751857     0.000189363227971     
0.941741677309        -9.54194851592e-06    0.00303454431548      -9.54194851592e-06    0.00303454431548      0.000304063634465     0.000293352261719     
0.95048761386         -1.05500568735e-05    0.00314925335796      -1.05500568735e-05    0.00314925335796      0.000287227045897     0.000391740015286     
0.959233550412        -1.11874811972e-05    0.00324741124141      -1.11874811972e-05    0.00324741124141      0.000271204059717     0.000484319137321     
0.967979486963        -1.14883982956e-05    0.00332936589917      -1.14883982956e-05    0.00332936589917      0.000255952304258     0.000570961160679     
0.976725423514        -1.14869336729e-05    0.00339456558695      -1.14869336729e-05    0.00339456558695      0.000241362045238     0.00065138800693      
0.985471360065        -1.12049060408e-05    0.00343810002206      -1.12049060408e-05    0.00343810002206      0.000227053606731     0.000724349098375     
0.994217296616        -1.06943404544e-05    0.00346348625471      -1.06943404544e-05    0.00346348625471      0.000213258507294     0.000790163628286     
1.00296323317         -1.00107392991e-05    0.00347609025036      -1.00107392991e-05    0.00347609025036      0.000200248722794     0.000849854173433     
1.01170916972         -9.19212133671e-06    0.00347680567169      -9.19212133671e-06    0.00347680567169      0.000187980684033     0.000903603676892     
1.02045510627         -8.27272217515e-06    0.00346610152447      -8.27272217515e-06    0.00346610152447      0.000176392036745     0.000951495303066     
1.02920104282         -7.28459743433e-06    0.00344465211735      -7.28459743433e-06    0.00344465211735      0.000165438063609     0.00099366420872      
1.03794697937         -6.25707211088e-06    0.00341325544184      -6.25707211088e-06    0.00341325544184      0.000155084158024     0.00103028876925      
1.04669291592         -5.21590608769e-06    0.00337246430075      -5.21590608769e-06    0.00337246430075      0.000145287971743     0.00106148341649      
1.05543885247         -4.18399378077e-06    0.00332288993874      -4.18399378077e-06    0.00332288993874      0.000136014297893     0.00108738329003      
1.06418478903         -3.18153697638e-06    0.00326543528693      -3.18153697638e-06    0.00326543528693      0.000127242934545     0.00110822814585      
1.07293072558         -2.22522471541e-06    0.00320062166987      -2.22522471541e-06    0.00320062166987      0.00011894059528      0.00112414441739      
1.08167666213         -1.32907504934e-06    0.00312910550819      -1.32907504934e-06    0.00312910550819      0.000111082433254     0.00113531090424      
1.09042259868         -5.04366785386e-07    0.00305164477851      -5.04366785386e-07    0.00305164477851      0.000103649400913     0.00114195498611      
1.09916853523         2.40298480985e-07     0.00296842145139      2.40298480985e-07     0.00296842145139      9.66051957369e-05     0.00114409824518      
1.10791447178         8.98592995712e-07     0.00288044222906      8.98592995712e-07     0.00288044222906      8.99436853197e-05     0.00114208066479      
1.11666040833         1.46648808517e-06     0.0027880766954       1.46648808517e-06     0.0027880766954       8.36393482377e-05     0.00113601146939      
1.12540634488         1.94200598394e-06     0.00269191261546      1.94200598394e-06     0.00269191261546      7.76757428274e-05     0.00112609286625      
1.13415228143         2.32499803097e-06     0.00259244875521      2.32499803097e-06     0.00259244875521      7.20354404844e-05     0.0011125010288       
1.14289821799         2.6168257894e-06      0.00249002536369      2.6168257894e-06      0.00249002536369      6.66984416964e-05     0.00109535143838      
1.15164415454         2.82070330727e-06     0.00238534913589      2.82070330727e-06     0.00238534913589      6.16562962912e-05     0.00107492782735      
1.16039009109         2.94070617241e-06     0.00227867571908      2.94070617241e-06     0.00227867571908      5.68898097218e-05     0.00105132554844      
1.16913602764         2.98243383262e-06     0.00217059244639      2.98243383262e-06     0.00217059244639      5.23897830243e-05     0.00102479752421      
1.17788196419         2.95206422331e-06     0.00206137025211      2.95206422331e-06     0.00206137025211      4.81403251439e-05     0.000995459914725     
1.18662790074         2.85644340366e-06     0.001951200381        2.85644340366e-06     0.001951200381        4.41253145e-05        0.000963392639523     
1.19537383729         2.70442764269e-06     0.0018411888443       2.70442764269e-06     0.0018411888443       4.03502795623e-05     0.00092913749862      
1.20411977384         2.50339306219e-06     0.00173108069369      2.50339306219e-06     0.00173108069369      3.67908159105e-05     0.000892575407277     
1.2128657104          2.26205797594e-06     0.0016212865737       2.26205797594e-06     0.0016212865737       3.3438802143e-05      0.000853919752419     
1.22161164695         1.98934230134e-06     0.00151219353965      1.98934230134e-06     0.00151219353965      3.02863063688e-05     0.000813382911606     
1.2303575835          1.69424025235e-06     0.00140417750251      1.69424025235e-06     0.00140417750251      2.73258242342e-05     0.000771182410687     
1.23910352005         1.38555133745e-06     0.00129748315532      1.38555133745e-06     0.00129748315532      2.45479687969e-05     0.000727473595418     
1.2478494566          1.07210000871e-06     0.00119250678209      1.07210000871e-06     0.00119250678209      2.19469498377e-05     0.000682504499458     
1.25659539315         7.62211465691e-07     0.00108941274474      7.62211465691e-07     0.00108941274474      1.9513243873e-05      0.000636401209529     
1.2653413297          4.64036777481e-07     0.000988576924731     4.64036777481e-07     0.000988576924731     1.72418304014e-05     0.000589418991477     
1.27408726625         1.85134313558e-07     0.000890275597308     1.85134313558e-07     0.000890275597308     1.51263423307e-05     0.000541766189679     
1.2828332028          -6.75312181901e-08    0.000794739291844     -6.75312181901e-08    0.000794739291844     1.31601368691e-05     0.000493632127575     
1.29157913936         -2.87726901133e-07    0.00070240242445      -2.87726901133e-07    0.00070240242445      1.13403695234e-05     0.000445342901048     
1.30032507591         -4.70064851755e-07    0.000613453327972     -4.70064851755e-07    0.000613453327972     9.66045070616e-06     0.000397083916476     
1.30907101246         -6.10095991672e-07    0.000528192057994     -6.10095991672e-07    0.000528192057994     8.11599789128e-06     0.000349120605219     
1.31781694901         -7.04510066259e-07    0.000446957987362     -7.04510066259e-07    0.000446957987362     6.70349421707e-06     0.000301757451333     
1.32656288556         -7.5135580372e-07     0.000370138280114     -7.5135580372e-07     0.000370138280114     5.42031328144e-06     0.000255347107342     
1.33530882211         -7.50129871938e-07    0.000298107041341     -7.50129871938e-07    0.000298107041341     4.2637453359e-06      0.000210251624467     
1.34405475866         -7.02214500379e-07    0.000231334326695     -7.02214500379e-07    0.000231334326695     3.23252759693e-06     0.000166920611721     
1.35280069521         -6.11159694532e-07    0.000170353195693     -6.11159694532e-07    0.000170353195693     2.32622682919e-06     0.000125875143126     
1.36154663177         -4.8356519559e-07     0.00011588704951      -4.8356519559e-07     0.00011588704951      1.54683865886e-06     8.78100101266e-05     
1.37029256832         -3.29989377531e-07    6.88775914952e-05     -3.29989377531e-07    6.88775914952e-05     8.98871460708e-07     5.36334341995e-05     
1.37903850487         -1.6784185864e-07     3.08399694597e-05     -1.6784185864e-07     3.08399694597e-05     3.93583584873e-07     2.47732823507e-05     
1.38778444142         -2.97523606406e-08    4.85596923039e-06     -2.97523606406e-08    4.85596923039e-06     6.06162569624e-08     4.06480731096e-06     
1.39653037797         8.28910329061e-06     5.67375433788e-08     8.28910329061e-06     5.67375433788e-08     7.26139366316e-06     -1.39939564616e-06    
1.40527631452         3.67463804684e-05     2.7912609849e-07      3.67463804684e-05     2.7912609849e-07      3.24650858786e-05     -6.449334821e-06      
1.41402225107         7.637519691e-05       6.4006340452e-07      7.637519691e-05       6.4006340452e-07      6.80439984571e-05     -1.39163001713e-05    
1.42276818762         0.000124534239158     1.14550793376e-06     0.000124534239158     1.14550793376e-06     0.000111868862733     -2.35275193352e-05    
1.43151412417         0.000179860460869     1.80750495953e-06     0.000179860460869     1.80750495953e-06     0.000162887611968     -3.51901238083e-05    
1.44026006073         0.000241428642758     2.63976761929e-06     0.000241428642758     2.63976761929e-06     0.00022040598113      -4.88637463683e-05    
1.44900599728         0.00030859164906      3.6573354476e-06      0.00030859164906      3.6573354476e-06      0.000283957032861     -6.45416916927e-05    
1.45775193383         0.000380838333401     4.87576557897e-06     0.000380838333401     4.87576557897e-06     0.000353179838933     -8.22295238635e-05    
1.46649787038         0.000457740287103     6.31084818312e-06     0.000457740287103     6.31084818312e-06     0.000427774889467     -0.000101937716093    
1.47524380693         0.000538939278633     7.97866686843e-06     0.000538939278633     7.97866686843e-06     0.000507495448081     -0.000123681497224    
1.48398974348         0.000624188305988     9.8964710761e-06      0.000624188305988     9.8964710761e-06      0.00059218917855      -0.000147492871826    
1.49273568003         0.000713187455158     1.20803745841e-05     0.000713187455158     1.20803745841e-05     0.000681645336922     -0.000173384449064    
1.50148161658         0.000805685710391     1.45468112888e-05     0.000805685710391     1.45468112888e-05     0.000775691050174     -0.000201373040229    
1.51022755313         0.000901480287378     1.73126990761e-05     0.000901480287378     1.73126990761e-05     0.000874192498301     -0.000231481112703    
1.51897348969         0.00100042576575      2.03958230425e-05     0.00100042576575      2.03958230425e-05     0.000977065606797     -0.000263740809639    
1.52771942624         0.00110226323127      2.38114209996e-05     0.00110226323127      2.38114209996e-05     0.00108411005927      -0.000298149669314    
1.53646536279         0.00120693502871      2.75786143243e-05     0.00120693502871      2.75786143243e-05     0.00119531719604      -0.000334753999924    
1.54521129934         0.00131422705595      3.17129747435e-05     0.00131422705595      3.17129747435e-05     0.0013105202653       -0.000373554092717    
1.55395723589         0.00142410676497      3.62340729404e-05     0.00142410676497      3.62340729404e-05     0.00142972848668      -0.000414597218922    
1.56270317244         0.00153618719731      4.11522670326e-05     0.00153618719731      4.11522670326e-05     0.00155259155326      -0.000457824130974    
1.57144910899         0.00165060168669      4.649088253e-05       0.00165060168669      4.649088253e-05       0.00167927767914      -0.000503323536709    
1.58019504554         0.00176713497852      5.22640517314e-05     0.00176713497852      5.22640517314e-05     0.00180960129943      -0.000551079088733    
1.5889409821          0.00188571858209      5.84896030414e-05     0.00188571858209      5.84896030414e-05     0.00194352201482      -0.000601115224647    
1.59768691865         0.00200630178507      6.51858773605e-05     0.00200630178507      6.51858773605e-05     0.00208101571138      -0.000653460217451    
1.6064328552          0.00212875246906      7.23684630895e-05     0.00212875246906      7.23684630895e-05     0.00222197163734      -0.000708113786855    
1.61517879175         0.00225305092831      8.00564362962e-05     0.00225305092831      8.00564362962e-05     0.00236639333568      -0.000765110079949    
1.6239247283          0.00237897463743      8.82615001268e-05     0.00237897463743      8.82615001268e-05     0.00251406919734      -0.000824412322218    
1.63267066485         0.00250655355724      9.70039720141e-05     0.00250655355724      9.70039720141e-05     0.00266505002502      -0.000886066703364    
1.6414166014          0.00263590558648      0.000106308131585     0.00263590558648      0.000106308131585     0.00281948119337      -0.000950151836417    
1.65016253795         0.00276660705268      0.000116176521278     0.00276660705268      0.000116176521278     0.00297692807479      -0.00101655051471     
1.6589084745          0.00289905112003      0.000126644736895     0.00289905112003      0.000126644736895     0.00313782911296      -0.00108543942639     
1.66765441106         0.00303317030202      0.000137730322168     0.00303317030202      0.000137730322168     0.00330213096531      -0.00115683041462     
1.67640034761         0.00316896360683      0.000149453706413     0.00316896360683      0.000149453706413     0.003469851111        -0.00123075913362     
1.68514628416         0.00330694971698      0.000161860953469     0.00330694971698      0.000161860953469     0.00364157898361      -0.00130746653742     
1.69389222071         0.00345975238408      0.000175616543467     0.00345975238408      0.000175616543467     0.00383132173918      -0.00139207858988     
1.70263815726         0.00362870799852      0.000190884605939     0.00362870799852      0.000190884605939     0.00404082863966      -0.0014854538709      
1.71138409381         0.00379894219732      0.000206958700313     0.00379894219732      0.000206958700313     0.0042537274679       -0.00158173894056     
1.72013003036         0.00397078072152      0.000223878883102     0.00397078072152      0.000223878883102     0.00447039203352      -0.00168109893135     
1.72887596691         0.00414428235501      0.00024167225272      0.00414428235501      0.00024167225272      0.00469090169587      -0.00178359300755     
1.73762190347         0.00431941397846      0.000260360972731     0.00431941397846      0.000260360972731     0.00491523238964      -0.00188924157889     
1.74636784002         0.0044961023052       0.00027996459028      0.0044961023052       0.00027996459028      0.00514331302501      -0.00199804606639     
1.75511377657         0.00467425357614      0.000300500881731     0.00467425357614      0.000300500881731     0.00537504694366      -0.00210999637889     
1.76385971312         0.0048537624454       0.000321986206247     0.0048537624454       0.000321986206247     0.00561032160296      -0.00222507426288     
1.77260564967         0.00503451651917      0.000344435664285     0.00503451651917      0.000344435664285     0.00584901353519      -0.00234325500337     
1.78135158622         0.00521639890919      0.000367863168915     0.00521639890919      0.000367863168915     0.00609099115431      -0.00246450837847     
1.79009752277         0.00539928978689      0.000392281474689     0.00539928978689      0.000392281474689     0.00633611648298      -0.00258879924303     
1.79884345932         0.00558306739432      0.000417702184654     0.00558306739432      0.000417702184654     0.0065842462953       -0.00271608791433     
1.80758939587         0.00576760876736      0.000444135747771     0.00576760876736      0.000444135747771     0.00683523295504      -0.00284633045913     
1.81633533243         0.0059527901101       0.000471591438059     0.0059527901101       0.000471591438059     0.00708892486415      -0.0029794788375      
1.82508126898         0.00613848744103      0.000500077360999     0.00613848744103      0.000500077360999     0.00734516724962      -0.00311548120131     
1.83382720553         0.00632457663371      0.000529600418247     0.00632457663371      0.000529600418247     0.00760380224283      -0.00325428190912     
1.84257314208         0.00651093379558      0.00056016630253      0.00651093379558      0.00056016630253      0.00786466935825      -0.00339582174771     
1.85131907863         0.00669743545044      0.000591779480987     0.00669743545044      0.000591779480987     0.0081276058693       -0.00354003799782     
1.86006501518         0.00688395871811      0.000624443181529     0.00688395871811      0.000624443181529     0.00839244690088      -0.00368686450838     
1.86881095173         0.00707038147275      0.000658159380545     0.00707038147275      0.000658159380545     0.0086590257696       -0.00383623190002     
1.87755688828         0.00725658248464      0.000692928792135     0.00725658248464      0.000692928792135     0.00892717421435      -0.00398806763489     
1.88630282483         0.0074424415486       0.000728750859026     0.0074424415486       0.000728750859026     0.00919672261407      -0.0041422961252      
1.89504876139         0.00762783960058      0.000765623745128     0.00762783960058      0.000765623745128     0.00946750019737      -0.00429883884122     
1.90379469794         0.00781265882834      0.000803544330234     0.00781265882834      0.000803544330234     0.00973933524854      -0.00445761442156     
1.91254063449         0.0079967827701       0.000842508206152     0.0079967827701       0.000842508206152     0.0100120553018       -0.00461853878191     
1.92128657104         0.00818009640966      0.000882509675046     0.00818009640966      0.000882509675046     0.0102854873334       -0.00478152522648     
1.93003250759         0.00836248626454      0.000923541749556     0.00836248626454      0.000923541749556     0.0105594579481       -0.00494648456        
1.93877844414         0.00854384046766      0.000965596154713     0.00854384046766      0.000965596154713     0.0108337935582       -0.00511332520018     
1.94752438069         0.00872404884697      0.00100866333204      0.00872404884697      0.00100866333204      0.0111083205626       -0.00528195329297     
1.95627031724         0.00890300299602      0.00105273244501      0.00890300299602      0.00105273244501      0.0113828655152       -0.00545227282611     
1.9650162538          0.00908059634514      0.00109779138694      0.00908059634514      0.00109779138694      0.0116572552932       -0.0056241857466      
1.97376219035         0.00925672422515      0.00114382679026      0.00925672422515      0.00114382679026      0.0119313172521       -0.00579759207693     
1.9825081269          0.00943128392518      0.00119082403736      0.00943128392518      0.00119082403736      0.0122048793432       -0.00597239003068     
1.99125406345         0.00960417475732      0.00123876727441      0.00960417475732      0.00123876727441      0.0124777702          -0.00614847658211     
2                     0.0097752981022       0.00128763942504      0.0097752981022       0.00128763942504      0.0127498205046       -0.00632574662389     
2.001                 0.00979474718848      0.00129328577719      0.00979474718848      0.00129328577719      0.0127808652482       -0.00634608607348     
2.18280808081         0.0127989402449       0.00248030227846      0.0127989402449       0.00248030227846      0.0179635629975       -0.0101080784814      
2.36461616162         0.0143996345283       0.00378715357484      0.0143996345283       0.00378715357484      0.0214409070702       -0.0133336205893      
2.54642424242         0.0144216242485       0.00486726404211      0.0144216242485       0.00486726404211      0.0225227758528       -0.0152096709114      
2.72823232323         0.0130794632966       0.00543107720363      0.0130794632966       0.00543107720363      0.021220463173        -0.0153607711887      
2.91004040404         0.0108387542667       0.00535888702903      0.0108387542667       0.00535888702903      0.0181214868852       -0.0139217961675      
3.09184848485         0.00824686684323      0.00472974556536      0.00824686684323      0.00472974556536      0.0141120520971       -0.0114163687035      
3.27365656566         0.00577791964867      0.00376321444669      0.00577791964867      0.00376321444669      0.0100614128504       -0.00851690286799     
3.45546464646         0.00373527501373      0.00271493914404      0.00373527501373      0.00271493914404      0.00658704788068      -0.00580409606657     
3.63727272727         0.00223205738833      0.00178433232965      0.00223205738833      0.00178433232965      0.00396996726328      -0.00362543700147     
3.81908080808         0.00123486653132      0.00107255311832      0.00123486653132      0.00107255311832      0.00220768356317      -0.00208180188468     
4.00088888889         0.000633437438932     0.000591622769269     0.000633437438932     0.000591622769269     0.00113507546757      -0.00110176135993     
4.1826969697          0.000301657261778     0.0003003172973       0.000301657261778     0.0003003172973       0.000540528406342     -0.000538591633573    
4.36450505051         0.000133511421853     0.000140619502529     0.000133511421853     0.000140619502529     0.000238762137977     -0.000243644217024    
4.54631313131         5.49667500028e-05     6.08530050044e-05     5.49667500028e-05     6.08530050044e-05     9.79489402611e-05     -0.000102149987912    
4.72812121212         2.10652707534e-05     2.437711676e-05       2.10652707534e-05     2.437711676e-05       3.73558020599e-05     -3.9741970881e-05     
4.90992929293         7.51914246629e-06     9.05146313623e-06     7.51914246629e-06     9.05146313623e-06     1.3255547069e-05      -1.43627168437e-05    
5.09173737374         2.50096223857e-06     3.11866082552e-06     2.50096223857e-06     3.11866082552e-06     4.37938325825e-06     -4.82581970603e-06    
5.27354545455         7.75447284879e-07     9.98002260982e-07     7.75447284879e-07     9.98002260982e-07     1.34787409079e-06     -1.50856540647e-06    
5.45535353535         2.24205569317e-07     2.96858684758e-07     2.24205569317e-07     2.96858684758e-07     3.86646104964e-07     -4.39015221385e-07    
5.63716161616         6.04661144386e-08     8.21325128546e-08     6.04661144386e-08     8.21325128546e-08     1.03414684453e-07     -1.18998976992e-07    
5.81896969697         1.5214445226e-08      2.11485320357e-08     1.5214445226e-08      2.11485320357e-08     2.5799230627e-08      -3.00573089409e-08    
6.00077777778         3.5725052693e-09      5.0706672947e-09      3.5725052693e-09      5.0706672947e-09      6.00508214297e-09     -7.07733718179e-09    
6.18258585859         7.82972503223e-10     1.13256379156e-09     7.82972503223e-10     1.13256379156e-09     1.30446983182e-09     -1.55400134907e-09    
6.36439393939         1.601965758e-10       2.35745510043e-10     1.601965758e-10       2.35745510043e-10     2.64517224059e-10     -3.18292406247e-10    
6.5462020202          3.06027413744e-11     4.57463825447e-11     3.06027413744e-11     4.57463825447e-11     5.00803370703e-11     -6.0828838928e-11     
6.72801010101         5.45971044822e-12     8.27896528229e-12     5.45971044822e-12     8.27896528229e-12     8.85509355438e-12     -1.08503561612e-11    
6.90981818182         9.10891143304e-13     1.39942433322e-12     9.10891143304e-13     1.39942433322e-12     1.46430446535e-12     -1.80904975374e-12    
7.09162626263         1.40745818413e-13     2.18834795848e-13     1.40745818413e-13     2.18834795848e-13     2.24273580205e-13     -2.79218529673e-13    
7.27343434343         1.97028269358e-14     3.09725640607e-14     1.97028269358e-14     3.09725640607e-14     3.11239403546e-14     -3.90304447558e-14    
7.45524242424         4.25127311996e-15     6.75068450725e-15     4.25127311996e-15     6.75068450725e-15     6.65827367666e-15     -8.40668217909e-15    
7.63705050505         5.49737087963e-16     8.81077625852e-16     5.49737087963e-16     8.81077625852e-16     8.53755194735e-16     -1.08486487092e-15    
7.81885858586         5.85639215156e-16     9.46679900358e-16     5.85639215156e-16     9.46679900358e-16     9.02002641301e-16     -1.15310094713e-15    
8.00066666667         6.22863378749e-16     1.0148290123e-15      6.22863378749e-16     1.0148290123e-15      9.51561590281e-16     -1.22338494641e-15    
8.18247474747         6.614180063e-16       1.08553231791e-15     6.614180063e-16       1.08553231791e-15     1.00243496115e-15     -1.29571397728e-15    
8.36428282828         7.01311026371e-16     1.15879660917e-15     7.01311026371e-16     1.15879660917e-15     1.05462566118e-15     -1.37008526681e-15    
8.54609090909         7.4254990556e-16      1.23462816535e-15     7.4254990556e-16      1.23462816535e-15     1.10813657788e-15     -1.44649615588e-15    
8.7278989899          7.85141682326e-16     1.31303279896e-15     7.85141682326e-16     1.31303279896e-15     1.16297057261e-15     -1.52494409438e-15    
8.90970707071         8.29092997933e-16     1.39401589692e-15     8.29092997933e-16     1.39401589692e-15     1.21913047548e-15     -1.6054266363e-15     
9.09151515152         8.74410124775e-16     1.47758245752e-15     8.74410124775e-16     1.47758245752e-15     1.27661908105e-15     -1.68794143503e-15    
9.27332323232         9.21098992335e-16     1.56373712362e-15     9.21098992335e-16     1.56373712362e-15     1.33543914495e-15     -1.77248623867e-15    
9.45513131313         9.69165210992e-16     1.65248421256e-15     9.69165210992e-16     1.65248421256e-15     1.39559338114e-15     -1.8590588855e-15     
9.63693939394         1.01861409388e-15     1.7438277431e-15      1.01861409388e-15     1.7438277431e-15      1.45708445981e-15     -1.94765729968e-15    
9.81874747475         1.069450677e-15       1.83777145984e-15     1.069450677e-15       1.83777145984e-15     1.51991500576e-15     -2.03827948704e-15    
10.0005555556         1.12167973764e-15     1.93431885521e-15     1.12167973764e-15     1.93431885521e-15     1.58408759718e-15     -2.13092353111e-15    
10.1823636364         1.17530581148e-15     2.03347318952e-15     1.17530581148e-15     2.03347318952e-15     1.64960476486e-15     -2.22558758934e-15    
10.3641717172         1.23033320822e-15     2.13523750905e-15     1.23033320822e-15     2.13523750905e-15     1.71646899167e-15     -2.32226988945e-15    
10.545979798          1.28676602606e-15     2.23961466255e-15     1.28676602606e-15     2.23961466255e-15     1.78468271227e-15     -2.42096872606e-15    
10.7277878788         1.34460816508e-15     2.34660731631e-15     1.34460816508e-15     2.34660731631e-15     1.85424831313e-15     -2.52168245739e-15    
10.9095959596         1.4038633396e-15      2.45621796776e-15     1.4038633396e-15      2.45621796776e-15     1.92516813263e-15     -2.6244095022e-15     
11.0914040404         1.46453508961e-15     2.56844895803e-15     1.46453508961e-15     2.56844895803e-15     1.99744446138e-15     -2.7291483369e-15     
11.2732121212         1.52662679133e-15     2.68330248334e-15     1.52662679133e-15     2.68330248334e-15     2.07107954263e-15     -2.83589749276e-15    
11.455020202          1.59014166707e-15     2.80078060548e-15     1.59014166707e-15     2.80078060548e-15     2.14607557285e-15     -2.94465555333e-15    
11.6368282828         1.65508279432e-15     2.92088526132e-15     1.65508279432e-15     2.92088526132e-15     2.22243470229e-15     -3.05542115196e-15    
11.8186363636         1.72145311418e-15     3.04361827167e-15     1.72145311418e-15     3.04361827167e-15     2.30015903572e-15     -3.16819296949e-15    
12.0004444444         1.78925543929e-15     3.1689813493e-15      1.78925543929e-15     3.1689813493e-15      2.37925063314e-15     -3.28296973203e-15    
12.1822525253         1.85849246107e-15     3.29697610637e-15     1.85849246107e-15     3.29697610637e-15     2.45971151061e-15     -3.39975020891e-15    
12.3640606061         1.92916675657e-15     3.42760406126e-15     1.92916675657e-15     3.42760406126e-15     2.54154364102e-15     -3.51853321068e-15    
12.5458686869         2.00128079484e-15     3.56086664484e-15     2.00128079484e-15     3.56086664484e-15     2.62474895501e-15     -3.63931758726e-15    
12.7276767677         2.07483694278e-15     3.69676520631e-15     2.07483694278e-15     3.69676520631e-15     2.70932934178e-15     -3.76210222621e-15    
12.9094848485         2.14983747074e-15     3.8353010185e-15      2.14983747074e-15     3.8353010185e-15      2.79528665001e-15     -3.88688605102e-15    
13.0912929293         2.22628455765e-15     3.97647528289e-15     2.22628455765e-15     3.97647528289e-15     2.88262268873e-15     -4.01366801959e-15    
13.2731010101         2.30418029585e-15     4.12028913413e-15     2.30418029585e-15     4.12028913413e-15     2.9713392282e-15      -4.14244712268e-15    
13.4549090909         2.38352669559e-15     4.2667436443e-15      2.38352669559e-15     4.2667436443e-15      3.06143800082e-15     -4.27322238255e-15    
13.6367171717         2.46432568931e-15     4.41583982684e-15     2.46432568931e-15     4.41583982684e-15     3.15292070201e-15     -4.4059928516e-15     
13.8185252525         2.54657913555e-15     4.56757864021e-15     2.54657913555e-15     4.56757864021e-15     3.24578899106e-15     -4.54075761109e-15    
14.0003333333         2.6302888227e-15      4.72196099124e-15     2.6302888227e-15      4.72196099124e-15     3.34004449203e-15     -4.67751576997e-15    
14.1821414141         2.71545647248e-15     4.87898773831e-15     2.71545647248e-15     4.87898773831e-15     3.43568879458e-15     -4.81626646372e-15    
14.3639494949         2.80208374322e-15     5.03865969422e-15     2.80208374322e-15     5.03865969422e-15     3.53272345483e-15     -4.95700885328e-15    
14.5457575758         2.89017223294e-15     5.20097762897e-15     2.89017223294e-15     5.20097762897e-15     3.63114999614e-15     -5.09974212402e-15    
14.7275656566         2.97972348222e-15     5.36594227228e-15     2.97972348222e-15     5.36594227228e-15     3.73096990998e-15     -5.24446548475e-15    
14.9093737374         3.07073897699e-15     5.5335543159e-15      3.07073897699e-15     5.5335543159e-15      3.8321846567e-15      -5.3911781668e-15     
15.0911818182         3.16322015103e-15     5.70381441588e-15     3.16322015103e-15     5.70381441588e-15     3.93479566628e-15     -5.53987942318e-15    
15.272989899          3.25716838844e-15     5.87672319459e-15     3.25716838844e-15     5.87672319459e-15     4.03880433915e-15     -5.69056852768e-15    
15.4547979798         3.35258502589e-15     6.05228124263e-15     3.35258502589e-15     6.05228124263e-15     4.14421204687e-15     -5.84324477412e-15    
15.6366060606         3.44947135476e-15     6.23048912067e-15     3.44947135476e-15     6.23048912067e-15     4.25102013288e-15     -5.99790747555e-15    
15.8184141414         3.54782862325e-15     6.41134736107e-15     3.54782862325e-15     6.41134736107e-15     4.35922991324e-15     -6.15455596358e-15    
16.0002222222         3.6476580382e-15      6.5948564695e-15      3.6476580382e-15      6.5948564695e-15      4.46884267727e-15     -6.31318958765e-15    
16.182030303          3.74896076697e-15     6.78101692639e-15     3.74896076697e-15     6.78101692639e-15     4.57985968825e-15     -6.47380771438e-15    
16.3638383838         3.85173793914e-15     6.96982918829e-15     3.85173793914e-15     6.96982918829e-15     4.69228218406e-15     -6.63640972697e-15    
16.5456464646         3.95599064813e-15     7.16129368922e-15     3.95599064813e-15     7.16129368922e-15     4.80611137784e-15     -6.80099502457e-15    
16.7274545455         4.06171995275e-15     7.3554108418e-15      4.06171995275e-15     7.3554108418e-15      4.92134845859e-15     -6.96756302174e-15    
16.9092626263         4.16892687865e-15     7.55218103849e-15     4.16892687865e-15     7.55218103849e-15     5.0379945918e-15      -7.13611314789e-15    
17.0910707071         4.2776124197e-15      7.75160465256e-15     4.2776124197e-15      7.75160465256e-15     5.15605091999e-15     -7.30664484675e-15    
17.2728787879         4.3877775393e-15      7.95368203916e-15     4.3877775393e-15      7.95368203916e-15     5.27551856334e-15     -7.47915757591e-15    
17.4546868687         4.49942317165e-15     8.15841353624e-15     4.49942317165e-15     8.15841353624e-15     5.39639862021e-15     -7.65365080629e-15    
17.6364949495         4.61255022289e-15     8.36579946546e-15     4.61255022289e-15     8.36579946546e-15     5.5186921677e-15      -7.83012402176e-15    
17.8183030303         4.72715957225e-15     8.575840133e-15       4.72715957225e-15     8.575840133e-15       5.64240026216e-15     -8.00857671864e-15    
18.0001111111         4.84325207312e-15     8.78853583036e-15     4.84325207312e-15     8.78853583036e-15     5.76752393971e-15     -8.1890084053e-15     
18.1819191919         4.96082855403e-15     9.00388683512e-15     4.96082855403e-15     9.00388683512e-15     5.89406421676e-15     -8.37141860179e-15    
18.3637272727         5.07988981966e-15     9.22189341162e-15     5.07988981966e-15     9.22189341162e-15     6.02202209047e-15     -8.55580683943e-15    
18.5455353535         5.20043665173e-15     9.44255581163e-15     5.20043665173e-15     9.44255581163e-15     6.15139853922e-15     -8.74217266046e-15    
18.7273434343         5.32246980989e-15     9.66587427497e-15     5.32246980989e-15     9.66587427497e-15     6.28219452314e-15     -8.93051561768e-15    
18.9091515152         5.44599003252e-15     9.89184903009e-15     5.44599003252e-15     9.89184903009e-15     6.41441098452e-15     -9.12083527413e-15    
19.090959596          5.5709980376e-15      1.01204802947e-14     5.5709980376e-15      1.01204802947e-14     6.54804884844e-15     -9.31313120273e-15    
19.2727676768         5.69749452335e-15     1.03517682761e-14     5.69749452335e-15     1.03517682761e-14     6.683109024e-15       -9.50740298601e-15    
19.4545757576         5.82548016909e-15     1.05857131719e-14     5.82548016909e-15     1.05857131719e-14     6.81959240161e-15     -9.70365022285e-15    
19.6363838384         5.9549556358e-15      1.08223151705e-14     5.9549556358e-15      1.08223151705e-14     6.95749984951e-15     -9.90187250834e-15    
19.8181919192         6.08592156687e-15     1.10615744512e-14     6.08592156687e-15     1.10615744512e-14     7.09683222938e-15     -1.01020694509e-14    
20                    0                     0                     0                     0                     0                     0                     
