0.0779191396          0                     0                     0                     0                     0                     0                     
0.087577837391        1.55670634147         0.626981748548        1.55670634147         0.626981748548        0.3505643837          0.290778938046        
0.0972365351819       7.57409581742         2.76923443607         7.57409581742         2.76923443607         1.82792523663         1.27369309673         
0.106895232973        16.3680603571         5.37281728066         16.3680603571         5.37281728066         4.20880666786         2.44475783622         
0.116553930764        25.8510726281         7.5393269786          25.8510726281         7.5393269786          7.02611078928         3.37698881026         
0.126212628555        34.7457171254         8.91299973269         34.7457171254         8.91299973269         9.90672143472         3.9011337439          
0.135871326346        42.4647051624         9.43005279386         42.4647051624         9.43005279386         12.6260087337         3.9877401478          
0.145530024137        48.8078854488         9.17363213242         48.8078854488         9.17363213242         15.0544984365         3.6738133114          
0.155188721928        53.7834557861         8.24285517683         53.7834557861         8.24285517683         17.1287339237         3.00326173581         
0.164847419719        57.4363774            6.76613539647         57.4363774            6.76613539647         18.7909792398         2.03581281682         
0.17450611751         59.8433936856         4.87687973147         59.8433936856         4.87687973147         20.0003510217         0.839822953327        
0.184164815301        61.0772066336         2.78112696882         61.0772066336         2.78112696882         20.72451932           -0.466738432598       
0.193823513091        61.2962586326         0.704669984418        61.2962586326         0.704669984418        20.9984631934         -1.74781623209        
0.203482210882        60.7341790506         -1.19561198557        60.7341790506         -1.19561198557        20.9172860676         -2.90801956256        
0.213140908673        59.6107277631         -2.86123434452        59.6107277631         -2.86123434452        20.5794577638         -3.91138317922        
0.222799606464        58.101440655          -4.27741192113        58.101440655          -4.27741192113        20.0667375892         -4.75040421641        
0.232458304255        56.3330750137         -5.45740194209        56.3330750137         -5.45740194209        19.4373477996         -5.43520977768        
0.242117002046        54.4025988977         -6.41907069388        54.4025988977         -6.41907069388        18.7346704626         -5.97860797403        
0.251775699837        52.3926065995         -7.18572158987        52.3926065995         -7.18572158987        17.9974219298         -6.39641652796        
0.261434397628        50.3579389457         -7.78859351293        50.3579389457         -7.78859351293        17.2513610224         -6.70927146862        
0.271093095419        48.3348133892         -8.26166830067        48.3348133892         -8.26166830067        16.5118621208         -6.93973573348        
0.28075179321         46.336197165          -8.61935793347        46.336197165          -8.61935793347        15.7822813833         -7.09891421544        
0.290410491001        44.3851995374         -8.88785942302        44.3851995374         -8.88785942302        15.0717245034         -7.20294676197        
0.300069188792        42.4888603014         -9.07584260355        42.4888603014         -9.07584260355        14.3815292346         -7.25763746301        
0.309727886583        40.6538374976         -9.19087061051        40.6538374976         -9.19087061051        13.7146031148         -7.26793147984        
0.319386584374        38.8898000502         -9.24152118414        38.8898000502         -9.24152118414        13.0757653943         -7.23927465114        
0.329045282165        37.2054482333         -9.23912197259        37.2054482333         -9.23912197259        12.469579924          -7.1788863794         
0.338703979956        35.6026689374         -9.19465606566        35.6026689374         -9.19465606566        11.8973185921         -7.09373950844        
0.348362677747        34.0824167257         -9.11912390381        34.0824167257         -9.11912390381        11.3595098464         -6.99088032568        
0.358021375538        32.6405747978         -9.02199941331        32.6405747978         -9.02199941331        10.8539722267         -6.87640929807        
0.367680073329        31.2745725123         -8.9106245175         31.2745725123         -8.9106245175         10.3790471603         -6.75505976281        
0.37733877112         29.9769879876         -8.78919499401        29.9769879876         -8.78919499401        9.93086452543         -6.6295455984         
0.386997468911        28.7436808999         -8.6614069405         28.7436808999         -8.6614069405         9.50701086076         -6.50220731563        
0.396656166702        27.5697327634         -8.5288858254         27.5697327634         -8.5288858254         9.10497175458         -6.37406315989        
0.406314864492        26.4506508614         -8.39264292656        26.4506508614         -8.39264292656        8.72231507768         -6.24571481891        
0.415973562283        25.3827812437         -8.25232751999        25.3827812437         -8.25232751999        8.35759873051         -6.11688584968        
0.425632260074        24.3629697444         -8.10840630453        24.3629697444         -8.10840630453        8.00917437895         -5.987737275          
0.435290957865        23.3894683359         -7.96034453099        23.3894683359         -7.96034453099        7.67655169966         -5.85791483104        
0.444949655656        22.4610188472         -7.81025538329        22.4610188472         -7.81025538329        7.35953224985         -5.72827808761        
0.454608353447        21.5741846343         -7.65691388397        21.5741846343         -7.65691388397        7.05660774336         -5.59817170588        
0.464267051238        20.7279661694         -7.50125952352        20.7279661694         -7.50125952352        6.76776521014         -5.46816249775        
0.473925749029        19.9208859598         -7.34361557725        19.9208859598         -7.34361557725        6.49260661089         -5.3383615511         
0.48358444682         19.1515496141         -7.18431711093        19.1515496141         -7.18431711093        6.23075322726         -5.208895644          
0.493243144611        18.4174216755         -7.02414074904        18.4174216755         -7.02414074904        5.98139493716         -5.08019975531        
0.502901842402        17.7189118019         -6.86330898657        17.7189118019         -6.86330898657        5.7449292868          -4.95220913942        
0.512560540193        17.0522008083         -6.70147271922        17.0522008083         -6.70147271922        5.51983046509         -4.82505858757        
0.522219237984        16.4176487161         -6.53978322835        16.4176487161         -6.53978322835        5.30658227909         -4.69900564513        
0.531877935775        15.8158433527         -6.38164487913        15.8158433527         -6.38164487913        5.10540932042         -4.57623386315        
0.541536633566        15.2424302869         -6.22583311997        15.2424302869         -6.22583311997        4.91470975084         -4.45587174201        
0.551195331357        14.6962130282         -6.07403793799        14.6962130282         -6.07403793799        4.7338032852          -4.33899337378        
0.560854029148        14.1770762082         -5.92380349305        14.1770762082         -5.92380349305        4.56317598076         -4.22396390358        
0.570512726939        13.6811089522         -5.77810743939        13.6811089522         -5.77810743939        4.40075399231         -4.11265281429        
0.58017142473         13.2087597556         -5.63653602916        13.2087597556         -5.63653602916        4.246848852           -4.00478830307        
0.589830122521        12.757779901          -5.49910158983        12.757779901          -5.49910158983        4.10056250798         -3.90031039834        
0.599488820312        12.3271549815         -5.36579268875        12.3271549815         -5.36579268875        3.96151413768         -3.79920111181        
0.609147518103        11.9159375149         -5.23687931638        11.9159375149         -5.23687931638        3.82925163848         -3.70160109999        
0.618806215893        11.5215531675         -5.11176254545        11.5215531675         -5.11176254545        3.70282071708         -3.607070964          
0.628464913684        11.1447451942         -4.99123998291        11.1447451942         -4.99123998291        3.58244901115         -3.51611535134        
0.638123611475        10.7834610138         -4.87464989501        10.7834610138         -4.87464989501        3.46731276615         -3.42828771614        
0.647782309266        10.4369691539         -4.76181091956        10.4369691539         -4.76181091956        3.35706339237         -3.34343897669        
0.657441007057        10.104623038          -4.65307052914        10.104623038          -4.65307052914        3.25157857047         -3.26177467384        
0.667099704848        9.78523470579         -4.54771462641        9.78523470579         -4.54771462641        3.15025566192         -3.18280948144        
0.676758402639        9.47826158938         -4.44592169003        9.47826158938         -4.44592169003        3.05296226727         -3.10661976806        
0.68641710043         9.18266534868         -4.3473385713         9.18266534868         -4.3473385713         2.9592618656          -3.03297506563        
0.696075798221        8.89798139369         -4.25195239232        8.89798139369         -4.25195239232        2.86897887601         -2.9618325267         
0.705734496012        8.62422913648         -4.15946421236        8.62422913648         -4.15946421236        2.78220294734         -2.89300226713        
0.715393193803        8.36005501448         -4.06970802192        8.36005501448         -4.06970802192        2.69834494486         -2.82633675677        
0.725051891594        8.10521434741         -3.98259250546        8.10521434741         -3.98259250546        2.61734877672         -2.76175694595        
0.734710589385        7.85931189452         -3.89789294304        7.85931189452         -3.89789294304        2.53910295091         -2.69910943034        
0.744369287176        7.62189676651         -3.81551597267        7.62189676651         -3.81551597267        2.46343043275         -2.63832016758        
0.754027984967        7.3927454916          -3.7352658402         7.3927454916          -3.7352658402         2.39029919813         -2.57923346628        
0.763686682758        7.17115221357         -3.65697550478        7.17115221357         -3.65697550478        2.31944800075         -2.52173105758        
0.773345380549        6.95700441438         -3.58063058362        6.95700441438         -3.58063058362        2.25084956173         -2.4657920445         
0.78300407834         6.75008552875         -3.50608546586        6.75008552875         -3.50608546586        2.18447666            -2.4113011804         
0.792662776131        6.54972167826         -3.4330813794         6.54972167826         -3.4330813794         2.12008499418         -2.35808002104        
0.802321473922        6.35613590578         -3.3617683633         6.35613590578         -3.3617683633         2.05772726404         -2.30622157868        
0.811980171713        6.16870965068         -3.29183314971        6.16870965068         -3.29183314971        1.99726532422         -2.25549995999        
0.821638869504        5.98739284793         -3.22328475367        5.98739284793         -3.22328475367        1.93869305395         -2.20592850845        
0.831297567294        5.81213879271         -3.15618459441        5.81213879271         -3.15618459441        1.88210392463         -2.15742695876        
0.840956265085        5.64253305743         -3.09062798363        5.64253305743         -3.09062798363        1.82724472646         -2.11013554774        
0.850614962876        5.47793533087         -3.0262005635         5.47793533087         -3.0262005635         1.77394412069         -2.06376934244        
0.860273660667        5.31857053525         -2.96308425542        5.31857053525         -2.96308425542        1.72228620174         -2.01844353681        
0.869932358458        5.16428631244         -2.90104495283        5.16428631244         -2.90104495283        1.67225330795         -1.97399675101        
0.879591056249        5.01469410764         -2.84015180229        5.01469410764         -2.84015180229        1.6236997437          -1.93046600395        
0.88924975404         4.86975115203         -2.78035734469        4.86975115203         -2.78035734469        1.5766461788          -1.88781340799        
0.898908451831        4.72928568268         -2.72150367163        4.72928568268         -2.72150367163        1.53104631911         -1.84592391842        
0.908567149622        4.59296106519         -2.66361351773        4.59296106519         -2.66361351773        1.48678645252         -1.80480720522        
0.918225847413        4.46079282593         -2.60672283645        4.46079282593         -2.60672283645        1.44388024797         -1.76448031662        
0.927884545204        4.33251954428         -2.55070341605        4.33251954428         -2.55070341605        1.40227276203         -1.72484895339        
0.937543242995        4.20791758442         -2.49553686107        4.20791758442         -2.49553686107        1.36187981543         -1.68589469332        
0.947201940786        4.08679897153         -2.44117003506        4.08679897153         -2.44117003506        1.32260336457         -1.64758614379        
0.956860638577        3.96857283205         -2.38715667693        3.96857283205         -2.38715667693        1.28426660829         -1.60964684301        
0.966519336368        3.85335909699         -2.33356249398        3.85335909699         -2.33356249398        1.24697656027         -1.57210418901        
0.976178034159        3.7400940083          -2.27995189806        3.7400940083          -2.27995189806        1.21038339985         -1.53462378948        
0.98583673195         3.62224872595         -2.22245567304        3.62224872595         -2.22245567304        1.17236344541         -1.49460631739        
0.995495429741        3.50414740332         -2.16359170434        3.50414740332         -2.16359170434        1.13432830495         -1.45374910622        
1.00515412753         3.39105345609         -2.10681121285        3.39105345609         -2.10681121285        1.09795542779         -1.41437306083        
1.01481282532         3.28278008331         -2.05197046018        3.28278008331         -2.05197046018        1.06318533462         -1.3763749103         
1.02447152311         3.17881975568         -1.99894221644        3.17881975568         -1.99894221644        1.02984761787         -1.33966459706        
1.0341302209          3.07908066686         -1.94739601565        3.07908066686         -1.94739601565        0.997955992241        -1.30402284494        
1.0437889187          2.98315161292         -1.89781359322        2.98315161292         -1.89781359322        0.967273581201        -1.26975517743        
1.05344761649         2.89077450451         -1.84955179465        2.89077450451         -1.84955179465        0.937792542347        -1.23643461418        
1.06310631428         2.80191468468         -1.80283400603        2.80191468468         -1.80283400603        0.909472348584        -1.20420766745        
1.07276501207         2.71630839425         -1.75748916857        2.71630839425         -1.75748916857        0.882234295536        -1.17295604335        
1.08242370986         2.63387943471         -1.71359087677        2.63387943471         -1.71359087677        0.856035358013        -1.14272424213        
1.09208240765         2.55446842788         -1.6710694015         2.55446842788         -1.6710694015         0.830820381908        -1.11346590015        
1.10174110544         2.47782486524         -1.6297446307         2.47782486524         -1.6297446307         0.8065244759          -1.08505651444        
1.11139980323         2.40399799189         -1.58978763541        2.40399799189         -1.58978763541        0.783139821434        -1.05760470853        
1.12105850102         2.33279656484         -1.55102876127        2.33279656484         -1.55102876127        0.760614555534        -1.03100075499        
1.13071719881         2.26403646914         -1.51344627725        2.26403646914         -1.51344627725        0.738861002196        -1.00522633938        
1.14037589661         2.19765858326         -1.47701319195        2.19765858326         -1.47701319195        0.717882932203        -0.98025799183        
1.1500345944          2.13357661999         -1.44170676896        2.13357661999         -1.44170676896        0.697631753901        -0.956081556146       
1.15969329219         2.07167736137         -1.40746623754        2.07167736137         -1.40746623754        0.678071142953        -0.932654729271       
1.16935198998         2.01186499211         -1.37421651121        2.01186499211         -1.37421651121        0.659175071014        -0.909930654598       
1.17901068777         1.95411672045         -1.34205990578        1.95411672045         -1.34205990578        0.640941545638        -0.887950423725       
1.18866938556         1.89816173005         -1.31080659452        1.89816173005         -1.31080659452        0.623287166326        -0.86659564935        
1.19832808335         1.84434034742         -1.280772788          1.84434034742         -1.280772788          0.606289038726        -0.846082089666       
1.20798678114         1.79196199861         -1.25145334643        1.79196199861         -1.25145334643        0.589729382854        -0.826077052248       
1.21764547893         1.7413770307          -1.22309068775        1.7413770307          -1.22309068775        0.573722702817        -0.806738712087       
1.22730417672         1.69233810004         -1.1955191651         1.69233810004         -1.1955191651         0.558189668837        -0.787957409171       
1.23696287451         1.64495965457         -1.1688835468         1.64495965457         -1.1688835468         0.54316009268         -0.769825977114       
1.24662157231         1.59875014403         -1.14281295042        1.59875014403         -1.14281295042        0.528471384182        -0.75210110324        
1.2562802701          1.55419396323         -1.11759567322        1.55419396323         -1.11759567322        0.514304943406        -0.734966405168       
1.26593896789         1.51092913103         -1.09307793891        1.51092913103         -1.09307793891        0.500520495543        -0.718325891639       
1.27559766568         1.46898575875         -1.0692828212         1.46898575875         -1.0692828212         0.487120976643        -0.702188503414       
1.28525636347         1.42834574794         -1.04617989529        1.42834574794         -1.04617989529        0.474111517813        -0.686534934471       
1.29491506126         1.3888333611          -1.02363584295        1.3888333611          -1.02363584295        0.461436828615        -0.67127783459        
1.30457375905         1.35045017175         -1.0016654424         1.35045017175         -1.0016654424         0.449096382154        -0.656422960978       
1.31423245684         1.31323775105         -0.980320457474       1.31323775105         -0.980320457474       0.437106377528        -0.642004995735       
1.32389115463         1.27714242254         -0.959536235373       1.27714242254         -0.959536235373       0.425450558559        -0.627979477791       
1.33354985242         1.2420754571          -0.939278337918       1.2420754571          -0.939278337918       0.414098853701        -0.614323214053       
1.34320855022         1.20803041192         -0.919539139125       1.20803041192         -0.919539139125       0.403051859003        -0.601029555658       
1.35286724801         1.17489702988         -0.900229506051       1.17489702988         -0.900229506051       0.39227333851         -0.588040651317       
1.3625259458          1.14281289209         -0.881458573925       1.14281289209         -0.881458573925       0.381812942602        -0.575425725405       
1.37218464359         1.11158010178         -0.863110393306       1.11158010178         -0.863110393306       0.371604776991        -0.563107159397       
1.38184334138         1.08121486165         -0.845177399805       1.08121486165         -0.845177399805       0.361652898967        -0.551080477598       
1.39150203917         1.05176108598         -0.827693784629       1.05176108598         -0.827693784629       0.351984229514        -0.539366911453       
1.40116073696         1.02320113091         -0.810615713419       1.02320113091         -0.810615713419       0.342604642326        -0.527936232487       
1.41081943475         0.995329040385        -0.793858580627       0.995329040385        -0.793858580627       0.333396113034        -0.516732407692       
1.42047813254         0.968281530395        -0.77751791217        0.968281530395        -0.77751791217        0.324457176556        -0.505816824377       
1.43013683033         0.941902817661        -0.761404584579       0.941902817661        -0.761404584579       0.315704654965        -0.495081788617       
1.43979552812         0.916382333009        -0.745668120411       0.916382333009        -0.745668120411       0.307238788597        -0.484606059667       
1.44945422592         0.891637156665        -0.730290730942       0.891637156665        -0.730290730942       0.299028908879        -0.47437558873        
1.45911292371         0.867550548314        -0.71521230873        0.867550548314        -0.71521230873        0.291012490565        -0.464353962876       
1.4687716215          0.844248022375        -0.700470545528       0.844248022375        -0.700470545528       0.283265199068        -0.45456435093        
1.47843031929         0.821630502527        -0.68608500436        0.821630502527        -0.68608500436        0.275745011076        -0.445005968059       
1.48808901708         0.799645206705        -0.671999289135       0.799645206705        -0.671999289135       0.268429067558        -0.435654813338       
1.49774771487         0.778306044047        -0.658244103556       0.778306044047        -0.658244103556       0.261324956402        -0.426528705481       
1.50740641266         0.757605828714        -0.644777382039       0.757605828714        -0.644777382039       0.254429315954        -0.417600838907       
1.51706511045         0.737493258958        -0.631610842256       0.737493258958        -0.631610842256       0.247731078231        -0.40887789159        
1.52672380824         0.717984668301        -0.618715703205       0.717984668301        -0.618715703205       0.241230465307        -0.400341278794       
1.53638250603         0.699017289144        -0.606104613579       0.699017289144        -0.606104613579       0.234908268092        -0.391997791229       
1.54604120383         0.680642876489        -0.593780540185       0.680642876489        -0.593780540185       0.228786966387        -0.383849623937       
1.55569990162         0.662793980149        -0.581721651032       0.662793980149        -0.581721651032       0.222840912319        -0.375882067251       
1.56535859941         0.645468805652        -0.569916721804       0.645468805652        -0.569916721804       0.217073277564        -0.36808745913        
1.5750172972          0.628625054523        -0.558354098667       0.628625054523        -0.558354098667       0.211468482332        -0.360457774782       
1.58467599499         0.612300664552        -0.547067046038       0.612300664552        -0.547067046038       0.20603897649         -0.35301370874        
1.59433469278         0.596449410163        -0.536024381594       0.596449410163        -0.536024381594       0.20077098484         -0.345735526785       
1.60399339057         0.581130257481        -0.525292892437       0.581130257481        -0.525292892437       0.195684421418        -0.338665479174       
1.61365208836         0.56622357224         -0.51475441023        0.56622357224         -0.51475441023        0.190739142732        -0.331727203121       
1.62331078615         0.551772662506        -0.504528438165       0.551772662506        -0.504528438165       0.185945534347        -0.324996988949       
1.63296948394         0.537752157675        -0.494460802968       0.537752157675        -0.494460802968       0.181307022045        -0.318376529607       
1.64262818173         0.524159847075        -0.484680730382       0.524159847075        -0.484680730382       0.176809728027        -0.31194755231        
1.65228687953         0.510998705947        -0.47516913672        0.510998705947        -0.47516913672        0.17245897197         -0.305697796242       
1.66194557732         0.498252989222        -0.465917568158       0.498252989222        -0.465917568158       0.168248970834        -0.29962159057        
1.67160427511         0.485934494177        -0.456934658387       0.485934494177        -0.456934658387       0.164185158802        -0.293724023379       
1.6812629729          0.47404006095         -0.44823449176        0.47404006095         -0.44823449176        0.160263353791        -0.288014779674       
1.69092167069         0.463091021968        -0.440321435097       0.463091021968        -0.440321435097       0.156661315364        -0.28281668607        
1.70058036848         0.45590011875         -0.435904319729       0.45590011875         -0.435904319729       0.154329835145        -0.279868098013       
1.71023906627         0.448477865921        -0.431182432546       0.448477865921        -0.431182432546       0.151920792227        -0.276729358565       
1.71989776406         0.440948713998        -0.426303665914       0.440948713998        -0.426303665914       0.149475124214        -0.273487605488       
1.72955646185         0.433403782682        -0.421375968736       0.433403782682        -0.421375968736       0.147033295356        -0.270216880013       
1.73921515964         0.425803310053        -0.416345774075       0.425803310053        -0.416345774075       0.144563414104        -0.266884441864       
1.74887385744         0.418181424206        -0.411251478659       0.418181424206        -0.411251478659       0.142083413357        -0.263514928377       
1.75853255523         0.410568185156        -0.406116854793       0.410568185156        -0.406116854793       0.139603094065        -0.260123460953       
1.76819125302         0.402961057103        -0.40094163687        0.402961057103        -0.40094163687        0.137119334277        -0.256710381963       
1.77784995081         0.395378773732        -0.395737292105       0.395378773732        -0.395737292105       0.134641882851        -0.253282641713       
1.7875086486          0.387810347419        -0.390509710998       0.387810347419        -0.390509710998       0.132160730771        -0.249844005203       
1.79716734639         0.380287099219        -0.385268519127       0.380287099219        -0.385268519127       0.129691452321        -0.246400664581       
1.80682604418         0.372765562732        -0.380001049976       0.372765562732        -0.380001049976       0.127211171           -0.242945245734       
1.81648474197         0.365270560853        -0.374709256803       0.365270560853        -0.374709256803       0.124731022893        -0.239480203445       
1.82614343976         0.357804444318        -0.369372064277       0.357804444318        -0.369372064277       0.122252097971        -0.235994457627       
1.83580213755         0.350414185563        -0.364044792562       0.350414185563        -0.364044792562       0.119796217202        -0.232517888685       
1.84546083534         0.343083846444        -0.358716595905       0.343083846444        -0.358716595905       0.117355207517        -0.229044088907       
1.85511953314         0.335810122375        -0.353412616129       0.335810122375        -0.353412616129       0.114925999528        -0.22559006398        
1.86477823093         0.328597792772        -0.348073536366       0.328597792772        -0.348073536366       0.112512690114        -0.222115801892       
1.87443692872         0.321450722921        -0.342757563375       0.321450722921        -0.342757563375       0.110113514032        -0.218660704651       
1.88409562651         0.314359080165        -0.337448317002       0.314359080165        -0.337448317002       0.107725573488        -0.215214590522       
1.8937543243          0.307337183493        -0.332135704337       0.307337183493        -0.332135704337       0.105353804839        -0.211768208313       
1.90341302209         0.30038509861         -0.326839707353       0.30038509861         -0.326839707353       0.102999584844        -0.208336113526       
1.91307171988         0.293506778937        -0.321546674636       0.293506778937        -0.321546674636       0.100664012747        -0.204910163014       
1.92273041767         0.286704215955        -0.316273644045       0.286704215955        -0.316273644045       0.0983477452596       -0.201496474286       
1.93238911546         0.279992159843        -0.311010232198       0.279992159843        -0.311010232198       0.0960623647086       -0.198091606266       
1.94204781325         0.273354436458        -0.305773967958       0.273354436458        -0.305773967958       0.0937950903002       -0.194706398407       
1.95170651105         0.266783771976        -0.300548842007       0.266783771976        -0.300548842007       0.0915438906771       -0.191331390411       
1.96136520884         0.260311367931        -0.295345362632       0.260311367931        -0.295345362632       0.0893229931662       -0.187972800793       
1.97102390663         0.253916477055        -0.290159254756       0.253916477055        -0.290159254756       0.0871237907302       -0.184627961965       
1.98068260442         0.247612428261        -0.284998308773       0.247612428261        -0.284998308773       0.0849529505172       -0.181301414816       
1.99034130221         0.241401518453        -0.27985152096        0.241401518453        -0.27985152096        0.0828111714521       -0.177986544642       
2                     0.235284409204        -0.274733721066       0.235284409204        -0.274733721066       0.0806991007381       -0.174692366514       
2.001                 0.234655711934        -0.274204425395       0.234655711934        -0.274204425395       0.0804818130917       -0.174351841757       
2.20778922054         0.128119791746        -0.174617152678       0.128119791746        -0.174617152678       0.0437003363051       -0.11059033307        
2.41457844109         0.0622026801458       -0.1017037894         0.0622026801458       -0.1017037894         0.0208328086799       -0.0642751037725      
2.62136766163         0.0260981798044       -0.053410550762       0.0260981798044       -0.053410550762       0.00828077770068      -0.033738508456       
2.82815688218         0.00892762407204      -0.0250930447662      0.00892762407204      -0.0250930447662      0.00242166439269      -0.0158710820522      
3.03494610272         0.00212364937164      -0.0102910437006      0.00212364937164      -0.0102910437006      0.000252717661401     -0.00653068697964     
3.24173532327         8.59183507632e-05     -0.00353210220293     8.59183507632e-05     -0.00353210220293     -0.000253947049666    -0.00225503645577     
3.44852454381         -0.000213600132625    -0.00092340249488     -0.000213600132625    -0.00092340249488     -0.000204642547743    -0.000595532345713    
3.65531376436         -9.91286523914e-05    -0.000133242392246    -9.91286523914e-05    -0.000133242392246    -7.40284029315e-05    -8.76112591002e-05    
3.8621029849          -4.40724239089e-06    -1.20128006247e-06    -4.40724239089e-06    -1.20128006247e-06    -3.26920446054e-06    -8.40444375055e-07    
3.8631029849          -4.26411486344e-06    -1.14957569763e-06    -4.26411486344e-06    -1.14957569763e-06    -3.16419131759e-06    -8.04397825496e-07    
3.8801029849          -2.23867867479e-06    -4.77865637935e-07    -2.23867867479e-06    -4.77865637935e-07    -1.67215664121e-06    -3.33217213024e-07    
3.8971029849          -8.96033626698e-07    -9.80851197232e-08    -8.96033626698e-07    -9.80851197232e-08    -6.74706784341e-07    -6.30310542752e-08    
3.9141029849          -1.39789904303e-07    9.7731677837e-08      -1.39789904303e-07    9.7731677837e-08      -1.08021096839e-07    7.88661477959e-08     
3.9311029849          4.21041299434e-09     3.26525137216e-07     4.21041299434e-09     3.26525137216e-07     2.00063841863e-11     2.53477726935e-07     
3.9481029849          5.69550058916e-09     8.19741813524e-07     5.69550058916e-09     8.19741813524e-07     1.26752354242e-09     6.33646345793e-07     
3.9651029849          5.85563209087e-09     1.32853640393e-06     5.85563209087e-09     1.32853640393e-06     1.93493561274e-09     1.03118244471e-06     
3.9821029849          5.31096625127e-09     1.78932511831e-06     5.31096625127e-09     1.78932511831e-06     2.19609784411e-09     1.39632338935e-06     
3.9831029849          5.26576030863e-09     1.81437123092e-06     5.26576030863e-09     1.81437123092e-06     2.20209676854e-09     1.41633280433e-06     
4.1630681199          -1.12037189723e-09    2.8704260844e-06      -1.12037189723e-09    2.8704260844e-06      9.24299351417e-11     2.37175324366e-06     
4.3430332549          -3.75077973733e-10    1.43940258366e-06     -3.75077973733e-10    1.43940258366e-06     -1.43013223389e-10    1.25144680923e-06     
4.5229983899          5.57850922795e-11     4.85829512032e-07     5.57850922795e-11     4.85829512032e-07     -1.08310118727e-11    4.43091172539e-07     
4.7029635249          2.75376120766e-11     1.18559905497e-07     2.75376120766e-11     1.18559905497e-07     5.45397691943e-12     1.13246272261e-07     
4.88292865991         -1.51134491839e-12    1.82683328553e-08     -1.51134491839e-12    1.82683328553e-08     3.2611987955e-13      1.82630722878e-08     
5.06289379491         -4.72815530187e-13    5.19304274739e-10     -4.72815530187e-13    5.19304274739e-10     -7.85006173827e-14    5.4372099025e-10      
5.24285892991         9.20843831638e-10     2.11381673217e-12     9.20843831638e-10     2.11381673217e-12     1.01069754999e-09     -4.53583255248e-12    
5.42282406491         9.1857507217e-10      3.91967134528e-12     9.1857507217e-10      3.91967134528e-12     1.0523863557e-09      -1.01142147266e-11    
5.60278919991         4.72813928228e-10     3.23771229987e-12     4.72813928228e-10     3.23771229987e-12     5.64579929572e-10     -8.08194406066e-12    
5.78275433491         1.82770116321e-10     1.83818995747e-12     1.82770116321e-10     1.83818995747e-12     2.2724539084e-10      -4.24058014989e-12    
5.96271946991         5.88184949056e-11     8.18503628627e-13     5.88184949056e-11     8.18503628627e-13     7.60961005243e-11     -1.72905264551e-12    
6.14268460491         1.64655245583e-11     3.03684660013e-13     1.64655245583e-11     3.03684660013e-13     2.21559573932e-11     -5.86583150127e-13    
6.32264973991         4.1027304854e-12      9.70868075934e-14     4.1027304854e-12      9.70868075934e-14     5.73993893671e-12     -1.72086572877e-13    
6.50261487492         9.22392804951e-13     2.73047418268e-14     9.22392804951e-13     2.73047418268e-14     1.34150132013e-12     -4.45599669981e-14    
6.68258000992         1.88787219764e-13     6.85047151967e-15     1.88787219764e-13     6.85047151967e-15     2.85402868184e-13     -1.03470439428e-14    
6.86254514492         3.5351224781e-14      1.54662764685e-15     3.5351224781e-14      1.54662764685e-15     5.55513281097e-14     -2.17071357166e-15    
7.04251027992         6.10300723415e-15     3.17536334391e-16     6.10300723415e-15     3.17536334391e-16     9.96956937388e-15     -4.15662151845e-16    
7.22247541492         9.47437011999e-16     5.79505590478e-17     9.47437011999e-16     5.79505590478e-17     1.60917136627e-15     -7.10049389977e-17    
7.40244054992         1.70304736042e-16     1.21266229185e-17     1.70304736042e-16     1.21266229185e-17     3.00812478821e-16     -1.39608507826e-17    
7.58240568492         1.57683827896e-17     1.29618874301e-18     1.57683827896e-17     1.29618874301e-18     2.89733687483e-17     -1.40623435685e-18    
7.76237081992         1.71693254166e-17     1.61759332722e-18     1.71693254166e-17     1.61759332722e-18     3.28294932284e-17     -1.65825946848e-18    
7.94233595492         1.85296505565e-17     1.98841468211e-18     1.85296505565e-17     1.98841468211e-18     3.68860731096e-17     -1.9309290806e-18     
8.12230108993         1.98402250276e-17     2.41187698303e-18     1.98402250276e-17     2.41187698303e-18     4.11376873316e-17     -2.22375630519e-18    
8.30226622493         2.10927464973e-17     2.89108794078e-18     2.10927464973e-17     2.89108794078e-18     4.55794681656e-17     -2.53628136954e-18    
8.48223135993         2.22796633664e-17     3.42903752959e-18     2.22796633664e-17     3.42903752959e-18     5.02061247986e-17     -2.86854624753e-18    
8.66219649493         2.33941021917e-17     4.02859815742e-18     2.33941021917e-17     4.02859815742e-18     5.50129944284e-17     -3.21939223181e-18    
8.84216162993         2.4429802121e-17      4.69252594596e-18     2.4429802121e-17      4.69252594596e-18     5.99959538309e-17     -3.58820075613e-18    
9.02212676493         2.53810557849e-17     5.42346285231e-18     2.53810557849e-17     5.42346285231e-18     6.51510695352e-17     -3.97434017537e-18    
9.20209189993         2.62426560831e-17     6.22393941717e-18     2.62426560831e-17     6.22393941717e-18     7.04746514177e-17     -4.37717162032e-18    
9.38205703493         2.7009848321e-17      7.09637796747e-18     2.7009848321e-17      7.09637796747e-18     7.59632462418e-17     -4.79605381304e-18    
9.56202216993         2.76782871797e-17     8.04309613604e-18     2.76782871797e-17     8.04309613604e-18     8.16136260487e-17     -5.23034700761e-18    
9.74198730494         2.82439980401e-17     9.06631058948e-18     2.82439980401e-17     9.06631058948e-18     8.74227775031e-17     -5.67941619558e-18    
9.92195243994         2.87033422183e-17     1.01681408783e-17     2.87033422183e-17     1.01681408783e-17     9.33878976797e-17     -6.14263369394e-18    
10.1019175749         2.90529857086e-17     1.13506133415e-17     2.90529857086e-17     1.13506133415e-17     9.95064298921e-17     -6.61938121481e-18    
10.2818827099         2.92898710708e-17     1.26156650138e-17     2.92898710708e-17     1.26156650138e-17     1.05775992621e-16     -7.10953367395e-18    
10.4618478449         2.94111921295e-17     1.39651474943e-17     2.94111921295e-17     1.39651474943e-17     1.12193613857e-16     -7.61226429891e-18    
10.6418129799         2.94143711932e-17     1.54008307461e-17     2.94143711932e-17     1.54008307461e-17     1.18757312126e-16     -8.1268149112e-18     
10.8217781149         2.92970385252e-17     1.69244068046e-17     2.92970385252e-17     1.69244068046e-17     1.25465071004e-16     -8.65261854402e-18    
11.0017432499         2.90570138312e-17     1.85374933762e-17     2.90570138312e-17     1.85374933762e-17     1.32314975213e-16     -9.18912259155e-18    
11.1817083849         2.8692289552e-17      2.02416373177e-17     2.8692289552e-17      2.02416373177e-17     1.39305219248e-16     -9.73578914718e-18    
11.3616735199         2.82010157715e-17     2.20383179869e-17     2.82010157715e-17     2.20383179869e-17     1.46434103666e-16     -1.02920951957e-17    
11.5416386549         2.75814865739e-17     2.39289504606e-17     2.75814865739e-17     2.39289504606e-17     1.53700029233e-16     -1.0857532685e-17     
11.7216037899         2.68321276977e-17     2.5914888618e-17      2.68321276977e-17     2.5914888618e-17      1.61101490735e-16     -1.14316084993e-17    
11.9015689249         2.59514853553e-17     2.79974280884e-17     2.59514853553e-17     2.79974280884e-17     1.68637070958e-16     -1.20138443506e-17    
12.08153406           2.49382160976e-17     3.01778090655e-17     2.49382160976e-17     3.01778090655e-17     1.76305434996e-16     -1.26037766066e-17    
12.261499195          2.37910776181e-17     3.24572189893e-17     2.37910776181e-17     3.24572189893e-17     1.84105324925e-16     -1.32009560638e-17    
12.44146433           2.25089204016e-17     3.48367951006e-17     2.25089204016e-17     3.48367951006e-17     1.92035554883e-16     -1.38049476815e-17    
12.621429465          2.10906801333e-17     3.73176268702e-17     2.10906801333e-17     3.73176268702e-17     2.00095006544e-16     -1.44153302809e-17    
12.8013946            1.95353707922e-17     3.99007583078e-17     1.95353707922e-17     3.99007583078e-17     2.08282625016e-16     -1.50316962216e-17    
12.981359735          1.78420783629e-17     4.25871901555e-17     1.78420783629e-17     4.25871901555e-17     2.16597415231e-16     -1.56536510578e-17    
13.16132487           1.60099551028e-17     4.53778819701e-17     1.60099551028e-17     4.53778819701e-17     2.25038438977e-16     -1.62808131828e-17    
13.341290005          1.40382143142e-17     4.82737540984e-17     1.40382143142e-17     4.82737540984e-17     2.33604813069e-16     -1.69128134643e-17    
13.52125514           1.19261255697e-17     5.12756895526e-17     1.19261255697e-17     5.12756895526e-17     2.42295710323e-16     -1.75492948749e-17    
13.701220275          9.67301035031e-18     5.43845357873e-17     9.67301035031e-18     5.43845357873e-17     2.51110372237e-16     -1.8189912121e-17     
13.88118541           7.27823805527e-18     5.76011063859e-17     7.27823805527e-18     5.76011063859e-17     2.60048229792e-16     -1.88344754253e-17    
14.061150545          4.74122235035e-18     6.09261826588e-17     4.74122235035e-18     6.09261826588e-17     2.69108086904e-16     -1.94828932931e-17    
14.24111568           2.06141782218e-18     6.43605151587e-17     2.06141782218e-18     6.43605151587e-17     2.78289311034e-16     -2.01345060258e-17    
14.421080815          -7.61683088998e-19    6.79048251179e-17     -7.61683088998e-19    6.79048251179e-17     2.87591317282e-16     -2.0789011574e-17     
14.60104595           -3.72855290371e-18    7.15598058099e-17     -3.72855290371e-18    7.15598058099e-17     2.97013510122e-16     -2.14461177998e-17    
14.781011085          -6.83963168765e-18    7.53261238418e-17     -6.83963168765e-18    7.53261238418e-17     3.0655531481e-16      -2.21055421353e-17    
14.96097622           -1.00953294267e-17    7.92044203786e-17     -1.00953294267e-17    7.92044203786e-17     3.16216181655e-16     -2.27670112492e-17    
15.140941355          -1.34960282109e-17    8.31953123049e-17     -1.34960282109e-17    8.31953123049e-17     3.25995586345e-16     -2.34302607221e-17    
15.32090649           -1.7042084245e-17     8.7299393327e-17      -1.7042084245e-17     8.7299393327e-17      3.35893029224e-16     -2.40950347312e-17    
15.500871625          -2.07338296996e-17    9.15172350179e-17     -2.07338296996e-17    9.15172350179e-17     3.45908034244e-16     -2.47610857445e-17    
15.68083676           -2.45715744177e-17    9.58493878094e-17     -2.45715744177e-17    9.58493878094e-17     3.56040147814e-16     -2.54281742239e-17    
15.860801895          -2.85556074884e-17    1.00296381933e-16     -2.85556074884e-17    1.00296381933e-16     3.66288937651e-16     -2.60960683381e-17    
16.04076703           -3.26861986995e-17    1.04858728314e-16     -3.26861986995e-17    1.04858728314e-16     3.76653991652e-16     -2.67645436856e-17    
16.220732165          -3.69635998791e-17    1.09536919418e-16     -3.69635998791e-17    1.09536919418e-16     3.87134916826e-16     -2.74333830262e-17    
16.4006973            -4.13880461351e-17    1.14331430062e-16     -4.13880461351e-17    1.14331430062e-16     3.97731338264e-16     -2.81023760224e-17    
16.580662435          -4.59597570022e-17    1.19242718171e-16     -4.59597570022e-17    1.19242718171e-16     4.08442898182e-16     -2.87713189899e-17    
16.76062757           -5.06789375022e-17    1.24271225515e-16     -5.06789375022e-17    1.24271225515e-16     4.19269255001e-16     -2.94400146569e-17    
16.940592705          -5.55457791267e-17    1.29417378391e-16     -5.55457791267e-17    1.29417378391e-16     4.30210082494e-16     -3.01082719323e-17    
17.12055784           -6.05604607473e-17    1.34681588288e-16     -6.05604607473e-17    1.34681588288e-16     4.41265068974e-16     -3.07759056828e-17    
17.300522975          -6.57231494588e-17    1.40064252508e-16     -6.57231494588e-17    1.40064252508e-16     4.52433916533e-16     -3.14427365175e-17    
17.48048811           -7.10340013624e-17    1.45565754759e-16     -7.10340013624e-17    1.45565754759e-16     4.6371634033e-16      -3.21085905815e-17    
17.660453245          -7.64931622916e-17    1.51186465726e-16     -7.64931622916e-17    1.51186465726e-16     4.75112067909e-16     -3.27732993566e-17    
17.84041838           -8.21007684867e-17    1.56926743603e-16     -8.21007684867e-17    1.56926743603e-16     4.86620838573e-16     -3.34366994702e-17    
18.020383515          -8.78569472215e-17    1.62786934609e-16     -8.78569472215e-17    1.62786934609e-16     4.98242402783e-16     -3.40986325111e-17    
18.20034865           -9.37618173863e-17    1.68767373478e-16     -9.37618173863e-17    1.68767373478e-16     5.09976521594e-16     -3.47589448526e-17    
18.380313785          -9.98154900289e-17    1.74868383919e-16     -9.98154900289e-17    1.74868383919e-16     5.21822966129e-16     -3.54174874822e-17    
18.56027892           -1.0601806886e-16     1.81090279064e-16     -1.0601806886e-16     1.81090279064e-16     5.3378151708e-16      -3.60741158382e-17    
18.740244055          -1.1236965072e-16     1.87433361886e-16     -1.1236965072e-16     1.87433361886e-16     5.45851964234e-16     -3.67286896522e-17    
18.92020919           -1.18870326022e-16    1.93897925605e-16     -1.18870326022e-16    1.93897925605e-16     5.58034106036e-16     -3.73810727984e-17    
19.100174325          -1.25520179153e-16    2.00484254071e-16     -1.25520179153e-16    2.00484254071e-16     5.70327749165e-16     -3.8031133148e-17     
19.28013946           -1.32319288857e-16    2.0719262213e-16      -1.32319288857e-16    2.0719262213e-16      5.82732708148e-16     -3.86787424295e-17    
19.460104595          -1.39267728589e-16    2.14023295973e-16     -1.39267728589e-16    2.14023295973e-16     5.9524880498e-16      -3.9323776095e-17     
19.64006973           -1.46365566847e-16    2.20976533472e-16     -1.46365566847e-16    2.20976533472e-16     6.07875868782e-16     -3.99661131904e-17    
19.820034865          -1.5361286748e-16     2.28052584497e-16     -1.5361286748e-16     2.28052584497e-16     6.20613735468e-16     -4.06056362323e-17    
20                    0                     0                     0                     0                     0                     0                     
