0.0779191396          0                     0                     0                     0                     0                     0                     
0.087577837391        1.89484960563         3.88200599826         1.89484960563         3.88200599826         0.624107135433        1.49134456633         
0.0972365351819       9.42596909149         17.76777803           9.42596909149         17.76777803           3.27257255641         6.77347339814         
0.106895232973        20.6189672174         36.294088903          20.6189672174         36.294088903          7.46774259288         13.7423864373         
0.116553930764        32.8661241566         54.3887134033         32.8661241566         54.3887134033         12.3334425366         20.4529020925         
0.126212628555        44.5246778127         69.5857172966         44.5246778127         69.5857172966         17.2229678266         25.9765625989         
0.135871326346        54.7803650854         81.1115269329         54.7803650854         81.1115269329         21.7519332303         30.0339109791         
0.145530024137        63.3330769561         89.1216734901         63.3330769561         89.1216734901         25.7292330101         32.7053943452         
0.155188721928        70.2249862213         94.0431150758         70.2249862213         94.0431150758         29.111235612          34.1645597736         
0.164847419719        75.5452714262         96.4345551647         75.5452714262         96.4345551647         31.8839987476         34.6350911833         
0.17450611751         79.491919813          96.833448978          79.491919813          96.833448978          34.0946089966         34.3286110654         
0.184164815301        82.2565028137         95.664523064          82.2565028137         95.664523064          35.7915588195         33.4026016858         
0.193823513091        83.9759309429         93.3153442016         83.9759309429         93.3153442016         37.0042528092         32.0112167568         
0.203482210882        84.805451086          90.0862802619         84.805451086          90.0862802619         37.777930736          30.2678945002         
0.213140908673        84.8352919285         86.2327172139         84.8352919285         86.2327172139         38.1258841944         28.2827440446         
0.222799606464        84.1356311228         82.0087432392         84.1356311228         82.0087432392         38.0656670625         26.1777842614         
0.232458304255        82.8226412059         77.6448110773         82.8226412059         77.6448110773         37.6506052195         24.0680137207         
0.242117002046        81.031715326          73.3313472719         81.031715326          73.3313472719         36.9547033695         22.0492633116         
0.251775699837        78.9250906027         69.141508464          78.9250906027         69.141508464          36.0680093669         20.1466175494         
0.261434397628        76.5934928406         65.1319005649         76.5934928406         65.1319005649         35.042095134          18.3819826062         
0.271093095419        74.1228957525         61.3376017536         74.1228957525         61.3376017536         33.9267149502         16.7652344846         
0.28075179321         71.5897028749         57.7721694451         71.5897028749         57.7721694451         32.7668056664         15.2944548069         
0.290410491001        69.0425614469         54.4252972131         69.0425614469         54.4252972131         31.5914407043         13.9556374971         
0.300069188792        66.5201413115         51.2803322614         66.5201413115         51.2803322614         30.4223604245         12.7312212459         
0.309727886583        64.0303160438         48.3273057            64.0303160438         48.3273057            29.262695338          11.6105664168         
0.319386584374        61.5849311321         45.5604893903         61.5849311321         45.5604893903         28.1183275577         10.5874204839         
0.329045282165        59.1954916502         42.9784236952         59.1954916502         42.9784236952         26.9955271596         9.65888789457         
0.338703979956        56.8728031897         40.5763530306         56.8728031897         40.5763530306         25.9012592784         8.82158629236         
0.348362677747        54.6260551249         38.3515332479         54.6260551249         38.3515332479         24.8421497375         8.07301381702         
0.358021375538        52.4755673417         36.2890598387         52.4755673417         36.2890598387         23.8312083477         7.40279901309         
0.367680073329        50.4279696721         34.3680815749         50.4279696721         34.3680815749         22.8725255421         6.797114602           
0.37733877112         48.4803066031         32.5717381485         48.4803066031         32.5717381485         21.9647765787         6.24564838245         
0.386997468911        46.6287871592         30.88596186           46.6287871592         30.88596186           21.1055442914         5.7393384003          
0.396656166702        44.8674058057         29.2979663429         44.8674058057         29.2979663429         20.2912738203         5.27068981904         
0.406314864492        43.1887166038         27.799398288          43.1887166038         27.799398288          19.5173050914         4.83484789177         
0.415973562283        41.5853720732         26.3837569517         41.5853720732         26.3837569517         18.7791884351         4.42846328562         
0.425632260074        40.0531365954         25.0459413032         40.0531365954         25.0459413032         18.0741649824         4.04923016368         
0.435290957865        38.5855248131         23.778398635          38.5855248131         23.778398635          17.3983077596         3.69398129469         
0.444949655656        37.1774104658         22.5800497361         37.1774104658         22.5800497361         16.7492883441         3.36294723151         
0.454608353447        35.8251234364         21.4496456465         35.8251234364         21.4496456465         16.1250848655         3.05593740338         
0.464267051238        34.5261391851         20.3845888844         34.5261391851         20.3845888844         15.5246061534         2.77244746518         
0.473925749029        33.2791916278         19.3818348886         33.2791916278         19.3818348886         14.9475489917         2.51135331772         
0.48358444682         32.0824924527         18.4401736126         32.0824924527         18.4401736126         14.3932609618         2.27282893632         
0.493243144611        30.9343378466         17.5543402927         30.9343378466         17.5543402927         13.8612908179         2.05454886784         
0.502901842402        29.8346416828         16.7226325571         29.8346416828         16.7226325571         13.3518596358         1.85589826469         
0.512560540193        28.7821251925         15.9413051554         28.7821251925         15.9413051554         12.8646421654         1.67522565197         
0.522219237984        27.77426794           15.2063478491         27.77426794           15.2063478491         12.3987621888         1.51113764261         
0.531877935775        26.8131748276         14.5165157616         26.8131748276         14.5165157616         11.9552226179         1.3623009072          
0.541536633566        25.8944892226         13.8662715861         25.8944892226         13.8662715861         11.53230476           1.22686744202         
0.551195331357        25.0169510053         13.2535420937         25.0169510053         13.2535420937         11.1293335154         1.10366995627         
0.560854029148        24.1791951809         12.674845057          24.1791951809         12.674845057          10.745777231          0.991086720087        
0.570512726939        23.378692242          12.1272769778         23.378692242          12.1272769778         10.3804313818         0.887968916617        
0.58017142473         22.61576681           11.6095561478         22.61576681           11.6095561478         10.0334949399         0.793485298122        
0.589830122521        21.886127997          11.1173654796         21.886127997          11.1173654796         9.7025905976          0.705625368963        
0.599488820312        21.1895116055         10.6498008013         21.1895116055         10.6498008013         9.38783197375         0.624239760704        
0.609147518103        20.5236479204         10.2053830012         20.5236479204         10.2053830012         9.08784585751         0.548603681116        
0.618806215893        19.885161232          9.78088196386         19.885161232          9.78088196386         8.8011045655          0.477696605664        
0.628464913684        19.2749143631         9.37638724764         19.2749143631         9.37638724764         8.52781615199         0.411175282465        
0.638123611475        18.6902470527         8.98959190736         18.6902470527         8.98959190736         8.2666857494          0.348323019946        
0.647782309266        18.1292036285         8.61961254107         18.1292036285         8.61961254107         8.01667216784         0.288907981243        
0.657441007057        17.5909177098         8.26547684993         17.5909177098         8.26547684993         7.77729346436         0.232555401247        
0.667099704848        17.0737927854         7.92617347979         17.0737927854         7.92617347979         7.54771854352         0.178971939508        
0.676758402639        16.576228325          7.60072662151         16.576228325          7.60072662151         7.32712654808         0.127946085136        
0.68641710043         16.0957598817         7.29001478003         16.0957598817         7.29001478003         7.1142035222          0.0802744473823       
0.696075798221        15.633452124          6.99203128277         15.633452124          6.99203128277         6.90962932736         0.0349501987769       
0.705734496012        15.1890819638         6.70590777771         15.1890819638         6.70590777771         6.71323072407         -0.0084957952677      
0.715393193803        14.7600370842         6.43099541809         14.7600370842         6.43099541809         6.52363200675         -0.0499926600848      
0.725051891594        14.3464486327         6.16700116627         14.3464486327         6.16700116627         6.34107076961         -0.0894929755695      
0.734710589385        13.9471850295         5.91346945835         13.9471850295         5.91346945835         6.16477410017         -0.127180727896       
0.744369287176        13.5612482129         5.67002437982         13.5612482129         5.67002437982         5.99430647907         -0.163032788156       
0.754027984967        13.187139833          5.43680091313         13.187139833          5.43680091313         5.82888710857         -0.196636712366       
0.763686682758        12.8264866127         5.21146526382         12.8264866127         5.21146526382         5.6695853132          -0.229398087677       
0.773345380549        12.4767683505         4.99571560385         12.4767683505         4.99571560385         5.51490115551         -0.260022933667       
0.78300407834         12.1380094502         4.78855526992         12.1380094502         4.78855526992         5.36495207819         -0.288953874208       
0.792662776131        11.8092861981         4.58946017427         11.8092861981         4.58946017427         5.2193180466          -0.316247087081       
0.802321473922        11.4912914939         4.39863797794         11.4912914939         4.39863797794         5.07831051064         -0.341918539461       
0.811980171713        11.1825891335         4.21544150898         11.1825891335         4.21544150898         4.94130194595         -0.365943950468       
0.821638869504        10.8828813434         4.03961430755         10.8828813434         4.03961430755         4.8081480676          -0.388392994465       
0.831297567294        10.592201116          3.87088636139         10.592201116          3.87088636139         4.67892244415         -0.409329382761       
0.840956265085        10.3101555533         3.70912914886         10.3101555533         3.70912914886         4.55341928411         -0.428756827606       
0.850614962876        10.0357075993         3.55377466052         10.0357075993         3.55377466052         4.43119976876         -0.446699878885       
0.860273660667        9.76945595917         3.40502265992         9.76945595917         3.40502265992         4.31252203285         -0.463184167307       
0.869932358458        9.5105449616          3.26229454816         9.5105449616          3.26229454816         4.19704710111         -0.478270414966       
0.879591056249        9.25898063269         3.12552100699         9.25898063269         3.12552100699         4.08476895593         -0.491995553979       
0.88924975404         9.01444695196         2.99441241669         9.01444695196         2.99441241669         3.97556842697         -0.504397265954       
0.898908451831        8.77658310239         2.86878728652         8.77658310239         2.86878728652         3.86926976074         -0.515513963004       
0.908567149622        8.54521490878         2.74832953079         8.54521490878         2.74832953079         3.76592160655         -0.525382508066       
0.918225847413        8.32014643526         2.63303237211         8.32014643526         2.63303237211         3.66530940297         -0.534030578753       
0.927884545204        8.10097516763         2.52253064781         8.10097516763         2.52253064781         3.56733003592         -0.541477107689       
0.937543242995        7.8877296405          2.41604987871         7.8877296405          2.41604987871         3.47199675296         -0.548055293475       
0.947201940786        7.67987281653         2.31389119064         7.67987281653         2.31389119064         3.37905616224         -0.553601261793       
0.956860638577        7.47659005659         2.21566441865         7.47659005659         2.21566441865         3.2881812676          -0.558093126748       
0.966519336368        7.27732569969         2.12100169499         7.27732569969         2.12100169499         3.19913392116         -0.561631881735       
0.976178034159        7.08028211119         2.02942542604         7.08028211119         2.02942542604         3.1111331622          -0.564015056059       
0.98583673195         6.87326542861         1.93739009509         6.87326542861         1.93739009509         3.0188344522          -0.564300641236       
0.995495429741        6.66417125456         1.84714215255         6.66417125456         1.84714215255         2.92571217811         -0.563128989583       
1.00515412753         6.4635627869          1.76156965303         6.4635627869          1.76156965303         2.83641566632         -0.561407570131       
1.01481282532         6.27095494159         1.68042504599         6.27095494159         1.68042504599         2.75072496615         -0.559165653211       
1.02447152311         6.08566263589         1.6031968471          6.08566263589         1.6031968471          2.66835501275         -0.556496980985       
1.0341302209          5.90708179219         1.52979690082         5.90708179219         1.52979690082         2.5890149144          -0.553333320843       
1.0437889187          5.73535533005         1.45999556362         5.73535533005         1.45999556362         2.51278819103         -0.5498127226         
1.05344761649         5.56933544862         1.39342392572         5.56933544862         1.39342392572         2.43915847307         -0.545874297016       
1.06310631428         5.40935485881         1.33002325021         5.40935485881         1.33002325021         2.36827211674         -0.541632078644       
1.07276501207         5.25495871701         1.26956327156         5.25495871701         1.26956327156         2.29993655878         -0.537086015682       
1.08242370986         5.10604098452         1.21191394949         5.10604098452         1.21191394949         2.23409527185         -0.532301789856       
1.09208240765         4.9624588256          1.1569586954          4.9624588256          1.1569586954          2.1706816939          -0.527297089218       
1.10174110544         4.82341622195         1.10441060328         4.82341622195         1.10441060328         2.10933824926         -0.522070321492       
1.11139980323         4.68925487148         1.05425384583         4.68925487148         1.05425384583         2.05019960097         -0.516719575042       
1.12105850102         4.56000871048         1.00637219092         4.56000871048         1.00637219092         1.99333966425         -0.511226607484       
1.13071719881         4.43495465857         0.960533946023        4.43495465857         0.960533946023        1.93836419307         -0.505658997799       
1.14037589661         4.31429276895         0.917008836648        4.31429276895         0.917008836648        1.88545690319         -0.499775346268       
1.1500345944          4.197372905           0.874842465252        4.197372905           0.874842465252        1.83412985849         -0.494225596472       
1.15969329219         4.08454406892         0.834714466888        4.08454406892         0.834714466888        1.78470455079         -0.488466013609       
1.16935198998         3.97521407213         0.795501141226        3.97521407213         0.795501141226        1.73679328373         -0.483203380397       
1.17901068777         3.87002894166         0.759434156359        3.87002894166         0.759434156359        1.69092889487         -0.4769292038         
1.18866938556         3.76765248136         0.724063179456        3.76765248136         0.724063179456        1.64623819384         -0.471127169592       
1.19832808335         3.66938170464         0.690301916209        3.66938170464         0.690301916209        1.60339872733         -0.465426214069       
1.20798678114         3.57376165518         0.657774963389        3.57376165518         0.657774963389        1.56175643246         -0.459718596179       
1.21764547893         3.48144909977         0.626596532223        3.48144909977         0.626596532223        1.52160222466         -0.45408063971        
1.22730417672         3.39195194819         0.596690412846        3.39195194819         0.596690412846        1.48270145938         -0.448453122563       
1.23696287451         3.30560204383         0.567929868293        3.30560204383         0.567929868293        1.44521300875         -0.442982359382       
1.24662157231         3.22149244738         0.54020688273         3.22149244738         0.54020688273         1.40872939421         -0.437509777479       
1.2562802701          3.14024631101         0.513622236554        3.14024631101         0.513622236554        1.37351786187         -0.432126981223       
1.26593896789         3.06151039958         0.488029578354        3.06151039958         0.488029578354        1.33942084339         -0.426839838384       
1.27559766568         2.98523221604         0.463414262857        2.98523221604         0.463414262857        1.30641308714         -0.421639977237       
1.28525636347         2.91151612653         0.439760669063        2.91151612653         0.439760669063        1.27453462627         -0.416549144765       
1.29491506126         2.83963387473         0.416902914165        2.83963387473         0.416902914165        1.24345531587         -0.411537572241       
1.30457375905         2.7698944725          0.394920916554        2.7698944725          0.394920916554        1.21331621051         -0.406585617167       
1.31423245684         2.70241862574         0.373753835146        2.70241862574         0.373753835146        1.18417758825         -0.401755727932       
1.32389115463         2.63693128032         0.353365470059        2.63693128032         0.353365470059        1.15590375379         -0.397017155725       
1.33354985242         2.57309737452         0.333879118444        2.57309737452         0.333879118444        1.12832224407         -0.392254759523       
1.34320855022         2.51119280934         0.315157970585        2.51119280934         0.315157970585        1.10159270401         -0.38755970247        
1.35286724801         2.45104367732         0.297078829467        2.45104367732         0.297078829467        1.07563899917         -0.382954674831       
1.3625259458          2.39282302113         0.279656750573        2.39282302113         0.279656750573        1.05052517288         -0.378480313224       
1.37218464359         2.33618462315         0.262851283853        2.33618462315         0.262851283853        1.02609682064         -0.374082582727       
1.38184334138         2.28116090738         0.246640366357        2.28116090738         0.246640366357        1.00236782462         -0.369776931917       
1.39150203917         2.22771159939         0.231027124728        2.22771159939         0.231027124728        0.979314551884        -0.365555420265       
1.40116073696         2.17578845461         0.215973444018        2.17578845461         0.215973444018        0.956915408699        -0.361423839891       
1.41081943475         2.12517327036         0.201419869157        2.12517327036         0.201419869157        0.935060071053        -0.357387018576       
1.42047813254         2.07593224296         0.187547531359        2.07593224296         0.187547531359        0.913791368071        -0.353315134586       
1.43013683033         2.02825783368         0.173956835788        2.02825783368         0.173956835788        0.893236596415        -0.349487071914       
1.43979552812         1.98175315393         0.161018488721        1.98175315393         0.161018488721        0.87314254022         -0.345628541313       
1.44945422592         1.93650902166         0.148558732825        1.93650902166         0.148558732825        0.853588152091        -0.341826851846       
1.45911292371         1.89253480118         0.136433054661        1.89253480118         0.136433054661        0.834565068677        -0.338154721657       
1.4687716215          1.84970744249         0.124756361764        1.84970744249         0.124756361764        0.816023065207        -0.334536507474       
1.47843031929         1.80797175803         0.113472981875        1.80797175803         0.113472981875        0.797941566332        -0.330990427935       
1.48808901708         1.76728700493         0.102599805784        1.76728700493         0.102599805784        0.780300594379        -0.327496022875       
1.49774771487         1.72760251854         0.0920985905639       1.72760251854         0.0920985905639       0.763073542381        -0.324074433466       
1.50740641266         1.68889710557         0.0820156348701       1.68889710557         0.0820156348701       0.746250083438        -0.320683771344       
1.51706511045         1.65122797403         0.0722786257461       1.65122797403         0.0722786257461       0.729876052547        -0.31735851371        
1.52672380824         1.61453908811         0.0629339528913       1.61453908811         0.0629339528913       0.713909424773        -0.314072369315       
1.53638250603         1.5786835501          0.0539424263689       1.5786835501          0.0539424263689       0.698284396122        -0.310821063557       
1.54604120383         1.54378166679         0.0453048183849       1.54378166679         0.0453048183849       0.683060962618        -0.307617642421       
1.55569990162         1.50971867192         0.0370096795201       1.50971867192         0.0370096795201       0.668187368185        -0.304444335106       
1.56535859941         1.47647085122         0.0290445080417       1.47647085122         0.0290445080417       0.653654446536        -0.30129941183        
1.5750172972          1.4439695494          0.0214021391892       1.4439695494          0.0214021391892       0.639430715279        -0.298172464495       
1.58467599499         1.41234158659         0.0140744132897       1.41234158659         0.0140744132897       0.625577792559        -0.295087330985       
1.59433469278         1.38143415517         0.00705509108204      1.38143415517         0.00705509108204      0.612023737093        -0.292020002007       
1.60399339057         1.35142325458         0.000332254215488     1.35142325458         0.000332254215488     0.598849236312        -0.289009112689       
1.61365208836         1.32203605934         -0.00609624615932     1.32203605934         -0.00609624615932     0.585935517535        -0.285996175498       
1.62331078615         1.29342929539         -0.0122459809233      1.29342929539         -0.0122459809233      0.573351168164        -0.283020660257       
1.63296948394         1.26549711403         -0.0181193087096      1.26549711403         -0.0181193087096      0.561051549686        -0.280060269014       
1.64262818173         1.23827288938         -0.0237325799807      1.23827288938         -0.0237325799807      0.549051477795        -0.277130051636       
1.65228687953         1.21182548203         -0.029078345136       1.21182548203         -0.029078345136       0.537384224846        -0.27423378196        
1.66194557732         1.18607161921         -0.0341867348602      1.18607161921         -0.0341867348602      0.526012310703        -0.271375181268       
1.67160427511         1.16106893357         -0.0390468103705      1.16106893357         -0.0390468103705      0.514962239211        -0.268554052589       
1.6812629729          1.13683479704         -0.0436899097412      1.13683479704         -0.0436899097412      0.504242007579        -0.265795953559       
1.69092167069         1.11430363018         -0.0484503383361      1.11430363018         -0.0484503383361      0.494177294442        -0.263576036146       
1.70058036848         1.10131724503         -0.0528189644629      1.10131724503         -0.0528189644629      0.488526761849        -0.262976074996       
1.71023906627         1.0872705288          -0.0573107308014      1.0872705288          -0.0573107308014      0.482301266014        -0.262333038481       
1.71989776406         1.07283945345         -0.0616161284574      1.07283945345         -0.0616161284574      0.475902382061        -0.261511535267       
1.72955646185         1.05812715264         -0.0657423295358      1.05812715264         -0.0657423295358      0.469368076028        -0.260541566533       
1.73921515964         1.04323322366         -0.069689600015       1.04323322366         -0.069689600015       0.462750916747        -0.259439257666       
1.74887385744         1.02820016768         -0.0734664960687      1.02820016768         -0.0734664960687      0.456067392506        -0.258220599639       
1.75853255523         1.01305025217         -0.0770627372044      1.01305025217         -0.0770627372044      0.449327480471        -0.256884327997       
1.76819125302         0.997877670101        -0.08049342927        0.997877670101        -0.08049342927        0.442581235377        -0.255448776349       
1.77784995081         0.982620955904        -0.0837407834755      0.982620955904        -0.0837407834755      0.435790886582        -0.253902621878       
1.7875086486          0.967336826265        -0.0868319277912      0.967336826265        -0.0868319277912      0.428988529833        -0.252269593326       
1.79716734639         0.952047466768        -0.0897483683359      0.952047466768        -0.0897483683359      0.422182653212        -0.250540545917       
1.80682604418         0.936772468103        -0.0924951540194      0.936772468103        -0.0924951540194      0.415385150568        -0.248721813287       
1.81648474197         0.921517241702        -0.0950832626887      0.921517241702        -0.0950832626887      0.40859608219         -0.246822396899       
1.82614343976         0.906321096181        -0.0975068519728      0.906321096181        -0.0975068519728      0.401836890554        -0.244842969934       
1.83580213755         0.891141588746        -0.0997718373         0.891141588746        -0.0997718373         0.395084762362        -0.242785367512       
1.84546083534         0.876045446433        -0.101884599489       0.876045446433        -0.101884599489       0.388373117337        -0.240659065044       
1.85511953314         0.861027140983        -0.103846858784       0.861027140983        -0.103846858784       0.381700230116        -0.23846573591        
1.86477823093         0.846092501916        -0.105664053023       0.846092501916        -0.105664053023       0.375067662104        -0.236210238371       
1.87443692872         0.831249229481        -0.107332559729       0.831249229481        -0.107332559729       0.368479878233        -0.233893573512       
1.88409562651         0.816527937007        -0.108843966634       0.816527937007        -0.108843966634       0.361952132663        -0.231514366364       
1.8937543243          0.80193088451         -0.110251835794       0.80193088451         -0.110251835794       0.35548127202         -0.229098434732       
1.90341302209         0.78745084782         -0.111558850668       0.78745084782         -0.111558850668       0.349065558697        -0.226647845645       
1.91307171988         0.773117304645        -0.11275262714        0.773117304645        -0.11275262714        0.342721483694        -0.224161154884       
1.92273041767         0.758898888747        -0.113847853557       0.758898888747        -0.113847853557       0.336433180916        -0.22164673589        
1.93238911546         0.7447624557          -0.114810220547       0.7447624557          -0.114810220547       0.330178997907        -0.219082533146       
1.94204781325         0.730829479055        -0.115693205393       0.730829479055        -0.115693205393       0.324030853468        -0.216509065882       
1.95170651105         0.716989482181        -0.116469718142       0.716989482181        -0.116469718142       0.317921549068        -0.213904956643       
1.96136520884         0.70330368769         -0.117154746815       0.70330368769         -0.117154746815       0.311886343194        -0.211282692331       
1.97102390663         0.689988583308        -0.117692219957       0.689988583308        -0.117692219957       0.306090071634        -0.208613167723       
1.98068260442         0.676255728059        -0.118125433109       0.676255728059        -0.118125433109       0.299964375461        -0.205902103459       
1.99034130221         0.662995966131        -0.118477640458       0.662995966131        -0.118477640458       0.294131520258        -0.203192355359       
2                     0.649907097591        -0.118758229295       0.649907097591        -0.118758229295       0.288381589994        -0.200479041498       
2.001                 0.648561544022        -0.118782569913       0.648561544022        -0.118782569913       0.287790603031        -0.200197907352       
2.20595067035         0.409464889335        -0.111535217795       0.409464889335        -0.111535217795       0.183235731305        -0.144572930476       
2.4109013407          0.237996916663        -0.0901191612327      0.237996916663        -0.0901191612327      0.107303803486        -0.0977551431387      
2.61585201105         0.125568074724        -0.0619011175427      0.125568074724        -0.0619011175427      0.0566333956798       -0.0598945298375      
2.8208026814          0.0610469804615       -0.0370812654348      0.0610469804615       -0.0370812654348      0.0276323636848       -0.0331658465078      
3.02575335175         0.0269003351672       -0.0201341018284      0.0269003351672       -0.0201341018284      0.0122005241914       -0.0169285896917      
3.2307040221          0.0105477183055       -0.00966223134001     0.0105477183055       -0.00966223134001     0.00475529449716      -0.00776262978413     
3.43565469245         0.00368372957348      -0.0041408392259      0.00368372957348      -0.0041408392259      0.00164517829733      -0.00321121960047     
3.6406053628          0.00110956509595      -0.00156960845131     0.00110956509595      -0.00156960845131     0.000482351199282     -0.00118427433489     
3.84555603315         0.000279589410766     -0.000524457767134    0.000279589410766     -0.000524457767134    0.000114334096406     -0.000387139609164    
4.0505067035          5.42148952755e-05     -0.000151633576691    5.42148952755e-05     -0.000151633576691    1.86183434965e-05     -0.000110027021985    
4.25545737385         5.99264790159e-06     -3.66973412503e-05    5.99264790159e-06     -3.66973412503e-05    3.83184344114e-07     -2.62867080671e-05    
4.4604080442          -5.65454991053e-07    -6.87385591891e-06    -5.65454991053e-07    -6.87385591891e-06    -9.7932022362e-07     -4.88087524058e-06    
4.66535871455         -3.85183419469e-07    -7.67888900731e-07    -3.85183419469e-07    -7.67888900731e-07    -3.27924235467e-07    -5.42992351678e-07    
4.8703093849          -1.74132723381e-08    -6.89626986389e-09    -1.74132723381e-08    -6.89626986389e-09    -1.35729554957e-08    -4.90778596789e-09    
4.8713093849          -1.68273567557e-08    -6.5836750877e-09     -1.68273567557e-08    -6.5836750877e-09     -1.31191914165e-08    -4.68439260812e-09    
4.8883093849          -8.60177599606e-09    -2.62120627332e-09    -8.60177599606e-09    -2.62120627332e-09    -6.74373141975e-09    -1.84624017541e-09    
4.9053093849          -3.29999020416e-09    -4.97045486911e-10    -3.29999020416e-09    -4.97045486911e-10    -2.62209715101e-09    -3.14219295741e-10    
4.9223093849          -4.23356479849e-10    5.18078675349e-10     -4.23356479849e-10    5.18078675349e-10     -3.78008914969e-10    4.26911134055e-10     
4.9393093849          1.11831873601e-10     1.39689813964e-09     1.11831873601e-10     1.39689813964e-09     3.62434011972e-11     1.11487941036e-09     
4.9563093849          9.99407406347e-11     3.03274872113e-09     9.99407406347e-11     3.03274872113e-09     3.43883429562e-11     2.42959703471e-09     
4.9733093849          7.73410553216e-11     4.57636749769e-09     7.73410553216e-11     4.57636749769e-09     2.8059880537e-11      3.68586364448e-09     
4.9903093849          5.34251666578e-11     5.84785165184e-09     5.34251666578e-11     5.84785165184e-09     2.064987515e-11       4.73463938076e-09     
4.9913093849          5.20715281867e-11     5.9131096519e-09      5.20715281867e-11     5.9131096519e-09      2.02168302297e-11     4.78891515062e-09     
5.16998427317         -2.1724624187e-11     6.40138489436e-09     -2.1724624187e-11     6.40138489436e-09     -6.75451389447e-12    5.42903786218e-09     
5.34865916145         -3.31313594302e-12    2.34421024255e-09     -3.31313594302e-12    2.34421024255e-09     -1.17605950499e-12    2.06842295694e-09     
5.52733404972         4.16150169378e-13     5.98360316522e-10     4.16150169378e-13     5.98360316522e-10     1.18777833857e-13     5.47929823404e-10     
5.706008938           1.74982822839e-13     1.17176486284e-10     1.74982822839e-13     1.17176486284e-10     5.74611557024e-14     1.11222669779e-10     
5.88468382627         1.02195279954e-14     1.70693058283e-11     1.02195279954e-14     1.70693058283e-11     3.66669393215e-15     1.67846940292e-11     
6.06335871455         -3.14988220598e-15    1.4824893161e-12      -3.14988220598e-15    1.4824893161e-12      -1.02311642668e-15    1.51008771864e-12     
6.24203360282         -1.22609548181e-17    1.8200749337e-15      -1.22609548181e-17    1.8200749337e-15      -4.10237206422e-18    1.92188673713e-15     
6.4207084911          5.95482691266e-14     7.90217719303e-16     5.95482691266e-14     7.90217719303e-16     6.523138927e-14       8.28162933729e-17     
6.59938337937         3.22623853686e-14     7.01784854849e-16     3.22623853686e-14     7.01784854849e-16     3.65884384289e-14     1.00569474353e-17     
6.77805826765         1.03611410248e-14     3.33740128319e-16     1.03611410248e-14     3.33740128319e-16     1.21558584675e-14     -2.89996608225e-18    
6.95673315592         2.58528098849e-15     1.15504619798e-16     2.58528098849e-15     1.15504619798e-16     3.13641035842e-15     -8.23479869784e-19    
7.1354080442          5.46516583525e-16     3.23500175494e-17     5.46516583525e-16     3.23500175494e-17     6.85434231487e-16     1.02202353403e-19     
7.31408293247         1.11069111663e-16     8.41955560511e-18     1.11069111663e-16     8.41955560511e-18     1.43998298782e-16     1.41116374948e-19     
7.49275782075         4.70324862944e-18     4.44784217602e-19     4.70324862944e-18     4.44784217602e-19     6.3029896315e-18      1.38914191059e-20     
7.67143270902         5.76848020658e-18     6.66577411176e-19     5.76848020658e-18     6.66577411176e-19     7.99163035135e-18     3.02516234906e-20     
7.8501075973          6.88298430472e-18     9.55629711604e-19     6.88298430472e-18     9.55629711604e-19     9.85880121796e-18     5.60544236333e-20     
8.02878248558         8.03399376723e-18     1.3216925196e-18      8.03399376723e-18     1.3216925196e-18      1.1899683982e-17      9.40711871262e-20     
8.20745737385         9.20967374059e-18     1.77449344469e-18     9.20967374059e-18     1.77449344469e-18     1.41097870318e-17     1.46809842002e-19     
8.38613226212         1.039906072e-17       2.3236707968e-18      1.039906072e-17       2.3236707968e-18      1.64841024249e-17     2.16709525152e-19     
8.5648071504          1.15920043425e-17     2.9787221396e-18      1.15920043425e-17     2.9787221396e-18      1.90182924309e-17     3.06829937459e-19     
8.74348203867         1.27791110616e-17     3.74896449172e-18     1.27791110616e-17     3.74896449172e-18     2.17082692801e-17     4.19945507575e-19     
8.92215692695         1.3951689823e-17      4.64350412653e-18     1.3951689823e-17      4.64350412653e-18     2.45501762873e-17     5.58823731126e-19     
9.10083181522         1.51017000975e-17     5.67121424599e-18     1.51017000975e-17     5.67121424599e-18     2.75404729188e-17     7.25868270173e-19     
9.2795067035          1.62217025938e-17     6.8407190853e-18      1.62217025938e-17     6.8407190853e-18      3.06750489117e-17     9.23775028718e-19     
9.45818159177         1.73048128722e-17     8.16038324659e-18     1.73048128722e-17     8.16038324659e-18     3.39507113056e-17     1.15542500871e-18     
9.63685648005         1.83446579666e-17     9.63830526345e-18     1.83446579666e-17     9.63830526345e-18     3.73643597598e-17     1.42342331929e-18     
9.81553136833         1.93353360277e-17     1.12823145701e-17     1.93353360277e-17     1.12823145701e-17     4.09130595753e-17     1.73031666979e-18     
9.9942062566          2.02713789314e-17     1.30999711921e-17     2.02713789314e-17     1.30999711921e-17     4.45940544125e-17     2.0785889303e-18      
10.1728811449         2.11477177445e-17     1.50985675959e-17     2.11477177445e-17     1.50985675959e-17     4.8404773597e-17      2.47065796066e-18     
10.3515560332         2.19596509083e-17     1.72851322327e-17     2.19596509083e-17     1.72851322327e-17     5.23429415173e-17     2.90886998807e-18     
10.5302309214         2.27028149816e-17     1.96664343977e-17     2.27028149816e-17     1.96664343977e-17     5.64060151243e-17     3.39490245521e-18     
10.7089058097         2.33731577743e-17     2.22489900893e-17     2.33731577743e-17     2.22489900893e-17     6.05915571428e-17     3.93148756464e-18     
10.887580698          2.39669137018e-17     2.50390686169e-17     2.39669137018e-17     2.50390686169e-17     6.48976579808e-17     4.5207638597e-18      
11.0662555862         2.44805811929e-17     2.80426997448e-17     2.44805811929e-17     2.80426997448e-17     6.93224230964e-17     5.16480061949e-18     
11.2449304745         2.49109019872e-17     3.12656812062e-17     2.49109019872e-17     3.12656812062e-17     7.38640593995e-17     5.86559867419e-18     
11.4236053628         2.52548421712e-17     3.47135864473e-17     2.52548421712e-17     3.47135864473e-17     7.85208774838e-17     6.62509151334e-18     
11.6022802511         2.55095748058e-17     3.83917724932e-17     2.55095748058e-17     3.83917724932e-17     8.32912876701e-17     7.44514662316e-18     
11.7809551393         2.56724640116e-17     4.23053878449e-17     2.56724640116e-17     4.23053878449e-17     8.81737949612e-17     8.32756699982e-18     
11.9596300276         2.57410503863e-17     4.64593803384e-17     2.57410503863e-17     4.64593803384e-17     9.31669941231e-17     9.27409279456e-18     
12.1383049159         2.57130376384e-17     5.08585049092e-17     2.57130376384e-17     5.08585049092e-17     9.82695655684e-17     1.0286403054e-17      
12.3169798042         2.55862803329e-17     5.55073312199e-17     2.55862803329e-17     5.55073312199e-17     1.0348027324e-16      1.13661175256e-17     
12.4956546924         2.5358772649e-17      6.04102511159e-17     2.5358772649e-17      6.04102511159e-17     1.08797969141e-16     1.25147985035e-17     
12.6743295807         2.50286380635e-17     6.55714858869e-17     2.50286380635e-17     6.55714858869e-17     1.14221652723e-16     1.37339526938e-17     
12.853004469          2.45941198774e-17     7.09950933133e-17     2.45941198774e-17     7.09950933133e-17     1.19750216133e-16     1.50245487543e-17     
13.0316793573         2.40535725123e-17     7.66849744871e-17     2.40535725123e-17     7.66849744871e-17     1.25382276536e-16     1.63883782871e-17     
13.2103542455         2.34054535089e-17     8.26448803971e-17     2.34054535089e-17     8.26448803971e-17     1.3111706457e-16      1.78268421872e-17     
13.3890291338         2.26483161676e-17     8.88784182755e-17     2.26483161676e-17     8.88784182755e-17     1.36953724083e-16     1.93412431308e-17     
13.5677040221         2.17808027731e-17     9.53890577041e-17     2.17808027731e-17     9.53890577041e-17     1.42891431712e-16     2.09328373983e-17     
13.7463789104         2.08016383558e-17     1.02180136479e-16     2.08016383558e-17     1.02180136479e-16     1.48929404432e-16     2.26028366019e-17     
13.9250537986         1.97096249404e-17     1.09254866241e-16     1.97096249404e-17     1.09254866241e-16     1.55066899695e-16     2.43524093683e-17     
14.1037286869         1.85036362429e-17     1.16616337867e-16     1.85036362429e-17     1.16616337867e-16     1.61303213946e-16     2.61826829729e-17     
14.2824035752         1.71826127756e-17     1.24267526637e-16     1.71826127756e-17     1.24267526637e-16     1.67637680709e-16     2.80947449249e-17     
14.4610784635         1.5745557328e-17      1.32211297183e-16     1.5745557328e-17      1.32211297183e-16     1.74069668573e-16     3.00896445007e-17     
14.6397533518         1.41915307888e-17     1.40450408208e-16     1.41915307888e-17     1.40450408208e-16     1.80598579215e-16     3.21683942257e-17     
14.81842824           1.25196482844e-17     1.48987517015e-16     1.25196482844e-17     1.48987517015e-16     1.87223845512e-16     3.43319713041e-17     
14.9971031283         1.07290756042e-17     1.57825183819e-16     1.07290756042e-17     1.57825183819e-16     1.93944929744e-16     3.65813189972e-17     
15.1757780166         8.81902589138e-18     1.66965875871e-16     8.81902589138e-18     1.66965875871e-16     2.00761321911e-16     3.89173479499e-17     
15.3544529048         6.78875657662e-18     1.76411971401e-16     6.78875657662e-18     1.76411971401e-16     2.07672538159e-16     4.13409374676e-17     
15.5331277931         4.63756653484e-18     1.86165763372e-16     4.63756653484e-18     1.86165763372e-16     2.14678119308e-16     4.38529367433e-17     
15.7118026814         2.36479344758e-18     1.96229463067e-16     2.36479344758e-18     1.96229463067e-16     2.21777629501e-16     4.64541660362e-17     
15.8904775697         -3.01886457735e-20    2.06605203518e-16     -3.01886457735e-20    2.06605203518e-16     2.28970654952e-16     4.9145417804e-17      
16.0691524579         -2.54797162274e-18    2.17295042767e-16     -2.54797162274e-18    2.17295042767e-16     2.36256802822e-16     5.19274577892e-17     
16.2478273462         -5.18911539228e-18    2.28300966987e-16     -5.18911539228e-18    2.28300966987e-16     2.43635700239e-16     5.48010260612e-17     
16.4265022345         -7.95414986155e-18    2.39624893454e-16     -7.95414986155e-18    2.39624893454e-16     2.51106993508e-16     5.77668380161e-17     
16.6051771228         -1.08435767663e-17    2.51268673386e-16     -1.08435767663e-17    2.51268673386e-16     2.58670347632e-16     6.08255853349e-17     
16.7838520111         -1.38578713755e-17    2.63234094648e-16     -1.38578713755e-17    2.63234094648e-16     2.66325446471e-16     6.39779369021e-17     
16.9625268993         -1.69974840797e-17    2.7552288434e-16      -1.69974840797e-17    2.7552288434e-16      2.74071994556e-16     6.7224539686e-17      
17.1412017876         -2.02628418719e-17    2.8813671126e-16      -2.02628418719e-17    2.8813671126e-16      2.81909725506e-16     7.05660195827e-17     
17.3198766759         -2.36543497293e-17    3.01077188257e-16     -2.36543497293e-17    3.01077188257e-16     2.89838500637e-16     7.40029384204e-17     
17.4985515641         -2.71723919027e-17    3.14345874477e-16     -2.71723919027e-17    3.14345874477e-16     2.97857763402e-16     7.75355677769e-17     
17.6772264524         -3.08173331211e-17    3.2794427751e-16      -3.08173331211e-17    3.2794427751e-16      3.05967202595e-16     8.11648167667e-17     
17.8559013407         -3.45895197173e-17    3.41873855435e-16     -3.45895197173e-17    3.41873855435e-16     3.14166646591e-16     8.4891234788e-17      
18.034576229          -3.84892806803e-17    3.56136018773e-16     -3.84892806803e-17    3.56136018773e-16     3.22455881623e-16     8.87153538875e-17     
18.2132511172         -4.25169286399e-17    3.70732132359e-16     -4.25169286399e-17    3.70732132359e-16     3.30834694484e-16     9.26376894123e-17     
18.3919260055         -4.66727607881e-17    3.85663517123e-16     -4.66727607881e-17    3.85663517123e-16     3.39302878153e-16     9.66587406345e-17     
18.5706008938         -5.09570597425e-17    4.0093145179e-16      -5.09570597425e-17    4.0093145179e-16      3.47860233216e-16     1.0077899135e-16      
18.7492757821         -5.53700943547e-17    4.16537174516e-16     -5.53700943547e-17    4.16537174516e-16     3.56506568194e-16     1.04998910452e-16     
18.9279506704         -5.99121204686e-17    4.32481884439e-16     -5.99121204686e-17    4.32481884439e-16     3.65241699474e-16     1.09318952479e-16     
19.1066255586         -6.45833816314e-17    4.48766743168e-16     -6.45833816314e-17    4.48766743168e-16     3.74065451101e-16     1.13739558147e-16     
19.2853004469         -6.9384109761e-17     4.65392876203e-16     -6.9384109761e-17     4.65392876203e-16     3.82977654502e-16     1.18261154845e-16     
19.4639753352         -7.43145257727e-17    4.82361374302e-16     -7.43145257727e-17    4.82361374302e-16     3.9197814818e-16      1.22884157129e-16     
19.6426502234         -7.93748401671e-17    4.99673294775e-16     -7.93748401671e-17    4.99673294775e-16     4.01066777411e-16     1.27608967179e-16     
19.8213251117         -8.45652535838e-17    5.17329662732e-16     -8.45652535838e-17    5.17329662732e-16     4.10243393937e-16     1.32435975248e-16     
20                    0                     0                     0                     0                     0                     0                     
