0.0779191396          0                     0                     0                     0                     0                     0                     
0.087741505077        -0.0628603228186      -0.272719180052       -0.0628603228186      -0.272719180052       -0.020880738498       -0.0330120955205      
0.0975638705541       -0.200807654356       -1.09336617055        -0.200807654356       -1.09336617055        -0.086376067033       -0.134298548902       
0.107386236031        -0.335391315227       -2.02878297276        -0.335391315227       -2.02878297276        -0.167869973288       -0.251638605193       
0.117208601508        -0.450088438561       -2.8211914709         -0.450088438561       -2.8211914709         -0.244712558805       -0.352298173529       
0.127030966985        -0.546282932778       -3.39547074019        -0.546282932778       -3.39547074019        -0.308191033231       -0.426041186278       
0.136853332462        -0.62742407995        -3.76023548076        -0.62742407995        -3.76023548076        -0.356324681107       -0.473400312447       
0.146675697939        -0.695963456324       -3.95128025513        -0.695963456324       -3.95128025513        -0.390131965302       -0.498616987411       
0.156498063416        -0.753508091704       -4.00912409716        -0.753508091704       -4.00912409716        -0.411759183251       -0.506712137837       
0.166320428893        -0.801064474445       -3.96964805354        -0.801064474445       -3.96964805354        -0.423523026308       -0.502220155405       
0.17614279437         -0.83943112575        -3.86182335993        -0.83943112575        -3.86182335993        -0.427544763537       -0.488848215513       
0.185965159847        -0.869263304563       -3.70779814043        -0.869263304563       -3.70779814043        -0.425613987275       -0.469454525748       
0.195787525324        -0.891302767685       -3.52464737764        -0.891302767685       -3.52464737764        -0.419229890424       -0.446253504527       
0.205609890801        -0.906229870731       -3.32449176752        -0.906229870731       -3.32449176752        -0.409555495301       -0.42082562527        
0.215432256278        -0.914672062652       -3.11625988919        -0.914672062652       -3.11625988919        -0.397514031047       -0.394338168645       
0.225254621755        -0.917325467555       -2.90622839507        -0.917325467555       -2.90622839507        -0.383818017573       -0.367612284509       
0.235076987232        -0.914821030854       -2.6988957349         -0.914821030854       -2.6988957349         -0.369032548576       -0.34123672803        
0.244899352709        -0.907736304089       -2.49727706365        -0.907736304089       -2.49727706365        -0.353579979487       -0.315605603994       
0.254721718186        -0.896645786322       -2.30333618479        -0.896645786322       -2.30333618479        -0.337787827297       -0.290975000178       
0.264544083664        -0.88199410895        -2.11836370415        -0.88199410895        -2.11836370415        -0.321891052994       -0.267512177428       
0.274366449141        -0.864288994147       -1.94300612332        -0.864288994147       -1.94300612332        -0.306077541919       -0.245299193521       
0.284188814618        -0.84394708894        -1.77769569892        -0.84394708894        -1.77769569892        -0.290488478247       -0.224389854142       
0.294011180095        -0.821328009771       -1.62243987381        -0.821328009771       -1.62243987381        -0.275216041489       -0.204783525324       
0.303833545572        -0.7967846032         -1.47717221538        -0.7967846032         -1.47717221538        -0.2603358388         -0.186468622058       
0.313655911049        -0.770579545401       -1.34157760648        -0.770579545401       -1.34157760648        -0.245887272444       -0.169401801336       
0.323478276526        -0.743014346044       -1.2153387807         -0.743014346044       -1.2153387807         -0.2319078001         -0.153538658954       
0.333300642003        -0.714300943487       -1.0980748274         -0.714300943487       -1.0980748274         -0.218409240306       -0.138827291022       
0.34312300748         -0.684726934184       -0.989459995799       -0.684726934184       -0.989459995799       -0.205422038608       -0.12522264341        
0.352945372957        -0.654413163595       -0.888979964085       -0.654413163595       -0.888979964085       -0.192927233966       -0.112655598242       
0.362767738434        -0.623572357206       -0.79623834018        -0.623572357206       -0.79623834018        -0.180930096415       -0.10107179792        
0.372590103911        -0.592371511084       -0.71085111589        -0.592371511084       -0.71085111589        -0.169426619785       -0.0904189299268      
0.382412469388        -0.560953140594       -0.632412080244       -0.560953140594       -0.632412080244       -0.158405282978       -0.0806430379495      
0.392234834865        -0.529470991189       -0.560546333845       -0.529470991189       -0.560546333845       -0.14785846729        -0.0716929194766      
0.402057200342        -0.498066575003       -0.494905479642       -0.498066575003       -0.494905479642       -0.137775834117       -0.063521302201       
0.411879565819        -0.466884639614       -0.435148013621       -0.466884639614       -0.435148013621       -0.128149180077       -0.0560828433491      
0.421701931296        -0.436051990595       -0.380947322365       -0.436051990595       -0.380947322365       -0.118966675181       -0.0493334600326      
0.431524296773        -0.405716117582       -0.332002543661       -0.405716117582       -0.332002543661       -0.110221582404       -0.0432332077196      
0.44134666225         -0.376022072507       -0.288014424177       -0.376022072507       -0.288014424177       -0.101907918406       -0.0377427460889      
0.451169027727        -0.347086021644       -0.248668481631       -0.347086021644       -0.248668481631       -0.0940124909266      -0.0328209682507      
0.460991393204        -0.319075984375       -0.213695279838       -0.319075984375       -0.213695279838       -0.0865373218376      -0.028433324335       
0.470813758681        -0.292123806412       -0.182794082694       -0.292123806412       -0.182794082694       -0.0794761565417      -0.0245417350446      
0.480636124158        -0.266350421644       -0.155658460035       -0.266350421644       -0.155658460035       -0.0728225037135      -0.0211079260368      
0.490458489635        -0.241873493802       -0.13198476897        -0.241873493802       -0.13198476897        -0.06657249639        -0.0180946576066      
0.500280855112        -0.218784626036       -0.111461247001       -0.218784626036       -0.111461247001       -0.0607193071868      -0.0154641740252      
0.510103220589        -0.197148502908       -0.0937747645429      -0.197148502908       -0.0937747645429      -0.0552541377823      -0.0131788912304      
0.519925586066        -0.177006646461       -0.078619856428       -0.177006646461       -0.078619856428       -0.0501671565628      -0.0112025274072      
0.529747951543        -0.158372162082       -0.0656987707831      -0.158372162082       -0.0656987707831      -0.0454467482675      -0.00949978154671     
0.53957031702         -0.14122774124        -0.0547329916543      -0.14122774124        -0.0547329916543      -0.0410778591231      -0.00803792822786     
0.549392682497        -0.12553370297        -0.0454623474672      -0.12553370297        -0.0454623474672      -0.0370441418598      -0.00678628096696     
0.559215047974        -0.111236790172       -0.0376528747324      -0.111236790172       -0.0376528747324      -0.0333294014732      -0.0057173296708      
0.569037413451        -0.0982541417659      -0.0310902518023      -0.0982541417659      -0.0310902518023      -0.029911961098       -0.00480562686669     
0.578859778928        -0.0865258132155      -0.0255956573274      -0.0865258132155      -0.0255956573274      -0.0267794532129      -0.00403022203489     
0.588682144405        -0.0759529680276      -0.0210031920801      -0.0759529680276      -0.0210031920801      -0.0239093820326      -0.00337119327479     
0.598504509882        -0.0664531142351      -0.0171745482332      -0.0664531142351      -0.0171745482332      -0.0212850617562      -0.00281200210351     
0.608326875359        -0.057938704291       -0.0139897315271      -0.057938704291       -0.0139897315271      -0.0188887036364      -0.00233813590166     
0.618149240836        -0.0503304115399      -0.0113477590614      -0.0503304115399      -0.0113477590614      -0.016705087574       -0.00193733996927     
0.627971606314        -0.0435455781973      -0.00916108326708     -0.0435455781973      -0.00916108326708     -0.0147175673861      -0.00159879817467     
0.637793971791        -0.0375103285154      -0.0073565338684      -0.0375103285154      -0.0073565338684      -0.0129117915197      -0.00131342291962     
0.647616337268        -0.0321543333974      -0.0058719273372      -0.0321543333974      -0.0058719273372      -0.0112738622375      -0.00107337485682     
0.657438702745        -0.0274147348851      -0.00465520132295     -0.0274147348851      -0.00465520132295     -0.00979164028032     -0.000872031868713    
0.667261068222        -0.023230582615       -0.00366188127121     -0.023230582615       -0.00366188127121     -0.00845278345018     -0.000703626238682    
0.677083433699        -0.0195476950088      -0.00285486425549     -0.0195476950088      -0.00285486425549     -0.00724640852728     -0.000563290052658    
0.686905799176        -0.0163165350265      -0.00220276189987     -0.0163165350265      -0.00220276189987     -0.00616248612042     -0.000446831220698    
0.696728164653        -0.0134918790198      -0.00167920528996     -0.0134918790198      -0.00167920528996     -0.0051916758912      -0.000350668652035    
0.70655053013         -0.0110330949387      -0.00126204531772     -0.0110330949387      -0.00126204531772     -0.00432555260089     -0.000271742061197    
0.716372895607        -0.0089025404391      -0.000932548394478    -0.0089025404391      -0.000932548394478    -0.00355603188075     -0.000207402195772    
0.726195261084        -0.00706734754981     -0.000675098453454    -0.00706734754981     -0.000675098453454    -0.00287615769202     -0.00015540406039     
0.736017626561        -0.00549730904214     -0.000476504970799    -0.00549730904214     -0.000476504970799    -0.00227934272002     -0.000113802360326    
0.745839992038        -0.00416547077835     -0.000325725094044    -0.00416547077835     -0.000325725094044    -0.00175967476796     -8.09319010765e-05    
0.755662357515        -0.00304847001041     -0.000213542252314    -0.00304847001041     -0.000213542252314    -0.00131215017369     -5.53700011089e-05    
0.765484722992        -0.00212477297672     -0.000132175539693    -0.00212477297672     -0.000132175539693    -0.000932009665354    -3.58770459041e-05    
0.775307088469        -0.00137668703043     -7.51777242258e-05    -0.00137668703043     -7.51777242258e-05    -0.00061568572826     -2.14011617549e-05    
0.785129453946        -0.000789594327748    -3.71510962564e-05    -0.000789594327748    -3.71510962564e-05    -0.000360596064605    -1.1032785796e-05     
0.794951819423        -0.000353623596772    -1.36005231826e-05    -0.000353623596772    -1.36005231826e-05    -0.00016605449831     -3.99053609032e-06    
0.8047741849          -6.85697055196e-05    -7.77244256916e-07    -6.85697055196e-05    -7.77244256916e-07    -3.58853675197e-05    4.00544108901e-07     
0.8147741849          1.84680913208e-05     4.20642617416e-05     1.84680913208e-05     4.20642617416e-05     2.301522603e-06       2.54968777452e-05     
0.814996407122        1.86579275615e-05     4.52452785689e-05     1.86579275615e-05     4.52452785689e-05     2.32561055849e-06     2.70894911699e-05     
0.815218629344        1.88441590023e-05     4.85001377452e-05     1.88441590023e-05     4.85001377452e-05     2.34924748613e-06     2.8721036705e-05      
0.815440851567        1.90268070886e-05     5.18264045892e-05     1.90268070886e-05     5.18264045892e-05     2.37243595883e-06     3.03902732693e-05     
0.815663073789        1.92056562278e-05     5.52211090722e-05     1.92056562278e-05     5.52211090722e-05     2.39514899424e-06     3.20956414853e-05     
0.815885296011        1.93814000336e-05     5.86840241568e-05     1.93814000336e-05     5.86840241568e-05     2.41747300409e-06     3.38371686467e-05     
0.816107518233        1.95532098582e-05     6.22106171496e-05     1.95532098582e-05     6.22106171496e-05     2.43930456111e-06     3.56123749241e-05     
0.816329740456        1.97219816159e-05     6.58016399215e-05     1.97219816159e-05     6.58016399215e-05     2.46075534031e-06     3.74218332138e-05     
0.816551962678        1.98870719807e-05     6.94530923377e-05     1.98870719807e-05     6.94530923377e-05     2.48174500396e-06     3.92633886951e-05     
0.8167741849          2.00490536942e-05     7.3165080961e-05      2.00490536942e-05     7.3165080961e-05      2.50234494526e-06     4.1137220353e-05      
0.8267741849          2.4474633928e-05      0.000284582651848     2.4474633928e-05      0.000284582651848     3.06958233654e-06     0.000149825599987     
0.836235683409        2.4918884491e-05      0.000531391675223     2.4918884491e-05      0.000531391675223     3.13447251705e-06     0.000280413273432     
0.845697181918        2.3107564229e-05      0.000798333313493     2.3107564229e-05      0.000798333313493     2.91380333893e-06     0.00042559921316      
0.855158680427        1.99387489996e-05     0.00107192528276      1.99387489996e-05     0.00107192528276      2.52043288726e-06     0.000578620868487     
0.864620178935        1.60374157505e-05     0.00134354188604      1.60374157505e-05     0.00134354188604      2.03312151446e-06     0.000734957330274     
0.874081677444        1.18443856096e-05     0.00160735113695      1.18443856096e-05     0.00160735113695      1.50756239897e-06     0.000891367583383     
0.883543175953        7.66811356227e-06     0.00185932247901      7.66811356227e-06     0.00185932247901      9.82827993228e-07     0.00104543880532      
0.893004674462        3.71973241873e-06     0.00209675560572      3.71973241873e-06     0.00209675560572      4.85745844564e-07     0.00119538621309      
0.902466172971        1.37076819318e-07     0.0023173127663       1.37076819318e-07     0.0023173127663       3.38991595373e-08     0.00133954493461      
0.91192767148         -2.99486272963e-06    0.00252004737673      -2.99486272963e-06    0.00252004737673      -3.61797174379e-07    0.0014769859045       
0.921389169989        -5.63265448484e-06    0.00270407404342      -5.63265448484e-06    0.00270407404342      -6.95689849208e-07    0.00160678105981      
0.930850668498        -7.76273027373e-06    0.00286890643371      -7.76273027373e-06    0.00286890643371      -9.6591196646e-07     0.00172820821891      
0.940312167006        -9.39210125208e-06    0.00301387788884      -9.39210125208e-06    0.00301387788884      -1.17321513987e-06    0.00184041358941      
0.949773665515        -1.05499155251e-05    0.00314054092282      -1.05499155251e-05    0.00314054092282      -1.32115667892e-06    0.00194388901998      
0.959235164024        -1.12666241329e-05    0.00324749090325      -1.12666241329e-05    0.00324749090325      -1.41348997747e-06    0.00203731654183      
0.968696662533        -1.15860290998e-05    0.00333540389314      -1.15860290998e-05    0.00333540389314      -1.45566319209e-06    0.00212064809374      
0.978158161042        -1.15515215946e-05    0.00340356510664      -1.15515215946e-05    0.00340356510664      -1.45309217825e-06    0.0021929559054       
0.987619659551        -1.11910847483e-05    0.00344570800698      -1.11910847483e-05    0.00344570800698      -1.40926590485e-06    0.0022496565091       
0.99708115806         -1.05795972584e-05    0.00346897871491      -1.05795972584e-05    0.00346897871491      -1.33358735049e-06    0.00229481584094      
1.00654265657         -9.77908125238e-06    0.00347789868107      -9.77908125238e-06    0.00347789868107      -1.23386141721e-06    0.00233098018987      
1.01600415508         -8.8349961265e-06     0.00347298006092      -8.8349961265e-06     0.00347298006092      -1.11581695677e-06    0.0023581253301       
1.02546565359         -7.79038566986e-06    0.00345513008858      -7.79038566986e-06    0.00345513008858      -9.84885334718e-07    0.00237651157296      
1.0349271521          -6.68396624361e-06    0.0034251085263       -6.68396624361e-06    0.0034251085263       -8.45957873077e-07    0.00238632384982      
1.0443886506          -5.55101978044e-06    0.00338403283955      -5.55101978044e-06    0.00338403283955      -7.03497552127e-07    0.00238802174834      
1.05385014911         -4.42166460207e-06    0.00333256415825      -4.42166460207e-06    0.00333256415825      -5.61319056914e-07    0.0023817745893       
1.06331164762         -3.32219875294e-06    0.00327151319131      -3.32219875294e-06    0.00327151319131      -4.22757666709e-07    0.00236787962225      
1.07277314613         -2.2749396041e-06     0.00320183473864      -2.2749396041e-06     0.00320183473864      -2.90648223362e-07    0.00234676531621      
1.08223464464         -1.29800681084e-06    0.00312433213766      -1.29800681084e-06    0.00312433213766      -1.67296662787e-07    0.00231877920126      
1.09169614315         -4.05746708229e-07    0.00303979758025      -4.05746708229e-07    0.00303979758025      -5.45330598578e-08    0.00228428665554      
1.10115764166         3.91032368787e-07     0.00294881985007      3.91032368787e-07     0.00294881985007      4.62594228963e-08     0.00224352475277      
1.11061914017         1.08479511716e-06     0.00285235856443      1.08479511716e-06     0.00285235856443      1.34110918412e-07     0.00219703542001      
1.12008063868         1.67099321917e-06     0.00275090976281      1.67099321917e-06     0.00275090976281      2.0842999643e-07      0.00214503264849      
1.12954213718         2.14788144242e-06     0.00264523905822      2.14788144242e-06     0.00264523905822      2.6897997653e-07      0.00208795977931      
1.13900363569         2.51616322301e-06     0.00253598554133      2.51616322301e-06     0.00253598554133      3.15834820723e-07     0.00202618624117      
1.1484651342          2.77851972024e-06     0.00242358079106      2.77851972024e-06     0.00242358079106      3.49319845869e-07     0.00195993633682      
1.15792663271         2.94001457084e-06     0.00230887417156      2.94001457084e-06     0.00230887417156      3.70062523386e-07     0.00188979142187      
1.16738813122         3.00690972066e-06     0.00219226706111      3.00690972066e-06     0.00219226706111      3.78843625033e-07     0.00181599352349      
1.17684962973         2.9870344628e-06      0.00207429992849      2.9870344628e-06      0.00207429992849      3.76643444834e-07     0.00173891577955      
1.18631112824         2.88939064104e-06     0.00195550425462      2.88939064104e-06     0.00195550425462      3.64592062558e-07     0.00165894408057      
1.19577262675         2.72361902071e-06     0.00183620376944      2.72361902071e-06     0.00183620376944      3.43901939207e-07     0.00157630634417      
1.20523412525         2.50054240318e-06     0.00171703076529      2.50054240318e-06     0.00171703076529      3.15936384652e-07     0.00149151074527      
1.21469562376         2.23116401712e-06     0.00159839699136      2.23116401712e-06     0.00159839699136      2.82083078788e-07     0.0014048967626       
1.22415712227         1.92669194303e-06     0.00148064233183      1.92669194303e-06     0.00148064233183      2.43756987657e-07     0.00131675640164      
1.23361862078         1.59861553321e-06     0.00136422767886      1.59861553321e-06     0.00136422767886      2.02409956318e-07     0.00122750428189      
1.24308011929         1.25823997401e-06     0.00124954125984      1.25823997401e-06     0.00124954125984      1.59471776733e-07     0.00113750791218      
1.2525416178          9.16562685505e-07     0.00113691809994      9.16562685505e-07     0.00113691809994      1.16334427553e-07     0.00104710212645      
1.26200311631         5.84221904804e-07     0.0010267630385       5.84221904804e-07     0.0010267630385       7.43454938122e-08     0.0009567010892       
1.27146461482         2.71212630209e-07     0.000919469425422     2.71212630209e-07     0.000919469425422     3.47721080485e-08     0.000866725725405     
1.28092611333         -1.32814280434e-08    0.000815344376112     -1.32814280434e-08    0.000815344376112     -1.22048620234e-09    0.000777532093311     
1.29038761183         -2.61005619641e-07    0.000714840969036     -2.61005619641e-07    0.000714840969036     -3.25838525455e-08    0.000689630958924     
1.29984911034         -4.6478715955e-07     0.000618189747764     -4.6478715955e-07     0.000618189747764     -5.84060445443e-08    0.000603336548715     
1.30931060885         -6.18863463161e-07    0.000525906942138     -6.18863463161e-07    0.000525906942138     -7.79529972592e-08    0.000519256126126     
1.31877210736         -7.1893678109e-07     0.000438353832116     -7.1893678109e-07     0.000438353832116     -9.06758744956e-08    0.000437866421405     
1.32823360587         -7.62568145358e-07    0.000355997571905     -7.62568145358e-07    0.000355997571905     -9.62609310176e-08    0.000359768704755     
1.33769510438         -7.49462995261e-07    0.000279350071152     -7.49462995261e-07    0.000279350071152     -9.46658949513e-08    0.00028563288951      
1.34715660289         -6.81948353467e-07    0.000209012370195     -6.81948353467e-07    0.000209012370195     -8.61805532186e-08    0.000216246626537     
1.3566181014          -5.65704431463e-07    0.000145735560129     -5.65704431463e-07    0.000145735560129     -7.15195795486e-08    0.000152585134527     
1.36607959991         -4.10932528471e-07    9.05135670898e-05     -4.10932528471e-07    9.05135670898e-05     -5.19706556362e-08    9.59196913953e-05     
1.37554109841         -2.3486196043e-07     4.48406709721e-05     -2.3486196043e-07     4.48406709721e-05     -2.97121727929e-08    4.81106587211e-05     
1.38500259692         -6.84818803807e-08    1.14616446214e-05     -6.84818803807e-08    1.14616446214e-05     -8.66598112968e-09    1.24578644595e-05     
1.39446409543         3.83744791183e-06     2.59089187762e-08     3.83744791183e-06     2.59089187762e-08     4.23394692086e-06     -2.48170858762e-09    
1.40392559394         3.15239401323e-05     2.38571234676e-07     3.15239401323e-05     2.38571234676e-07     3.52144275371e-05     -1.4731943659e-07     
1.41338709245         7.31903634905e-05     6.16549765605e-07     7.31903634905e-05     6.16549765605e-07     8.26983983744e-05     -5.89637773006e-07    
1.42284859096         0.000125010858069     1.16504723569e-06     0.000125010858069     1.16504723569e-06     0.000142815578455     -1.41195395925e-06    
1.43231008947         0.000185221291862     1.89942417881e-06     0.000185221291862     1.89942417881e-06     0.00021387883216      -2.66035518508e-06    
1.44177158798         0.000252666642258     2.83741669082e-06     0.000252666642258     2.83741669082e-06     0.000294840806579     -4.40646026494e-06    
1.45123308649         0.000326537034846     3.99829046148e-06     0.000326537034846     3.99829046148e-06     0.000384966624662     -6.68483765032e-06    
1.46069458499         0.000406222946246     5.40227120844e-06     0.000406222946246     5.40227120844e-06     0.000483758829365     -9.52672989597e-06    
1.4701560835          0.000491197156479     7.06961439115e-06     0.000491197156479     7.06961439115e-06     0.000590805346389     -1.29830080642e-05    
1.47961758201         0.000581127870963     9.022579947e-06       0.000581127870963     9.022579947e-06       0.000705831041662     -1.71200867386e-05    
1.48907908052         0.000675565121163     1.12811259933e-05     0.000675565121163     1.12811259933e-05     0.000828449884171     -2.19340923441e-05    
1.49854057903         0.00077422071735      1.38670683145e-05     0.00077422071735      1.38670683145e-05     0.000958459998782     -2.74525893035e-05    
1.50800207754         0.00087685553844      1.68027479361e-05     0.00087685553844      1.68027479361e-05     0.00109570939119      -3.37018627343e-05    
1.51746357605         0.00098320383371      2.01096783424e-05     0.00098320383371      2.01096783424e-05     0.00124003197244      -4.07201214511e-05    
1.52692507456         0.00109297265623      2.38082542625e-05     0.00109297265623      2.38082542625e-05     0.00139110651168      -4.86013213112e-05    
1.53638657307         0.00120604546125      2.79221672001e-05     0.00120604546125      2.79221672001e-05     0.00154888089846      -5.73027615918e-05    
1.54584807157         0.00132221963039      3.24730784816e-05     0.00132221963039      3.24730784816e-05     0.00171321006475      -6.68438571561e-05    
1.55530957008         0.00144119853439      3.74797369152e-05     0.00144119853439      3.74797369152e-05     0.00188380877193      -7.72366263713e-05    
1.56477106859         0.00156315578145      4.2972705921e-05      0.00156315578145      4.2972705921e-05      0.00206099852512      -8.85162000535e-05    
1.5742325671          0.00168762633848      4.89656496738e-05     0.00168762633848      4.89656496738e-05     0.00224426307716      -0.000100681784186    
1.58369406561         0.00181453308637      5.54817927146e-05     0.00181453308637      5.54817927146e-05     0.00243360205354      -0.000113751316402    
1.59315556412         0.00194374550178      6.25426374179e-05     0.00194374550178      6.25426374179e-05     0.00262892852698      -0.000127853224107    
1.60261706263         0.0020753513411       7.01766763749e-05     0.0020753513411       7.01766763749e-05     0.00283030408723      -0.000142950393753    
1.61207856114         0.00220899685834      7.8397748522e-05      0.00220899685834      7.8397748522e-05      0.00303735823174      -0.000159012043616    
1.62154005965         0.0023446793477       8.72307675762e-05     0.0023446793477       8.72307675762e-05     0.00325015481614      -0.000176057383312    
1.63100155815         0.00248233026898      9.66984157839e-05     0.00248233026898      9.66984157839e-05     0.00346866131706      -0.000194100428831    
1.64046305666         0.00262190106248      0.000106824043431     0.00262190106248      0.000106824043431     0.00369286932314      -0.000213155948767    
1.64992455517         0.00276335103651      0.000117631302943     0.00276335103651      0.000117631302943     0.0039227795973       -0.000233238744434    
1.65938605368         0.00290669608053      0.000129146361471     0.00290669608053      0.000129146361471     0.00415847321813      -0.00025436802794     
1.66884755219         0.00305188349449      0.000141392617035     0.00305188349449      0.000141392617035     0.00439993623403      -0.000276556952018    
1.6783090507          0.00319916698264      0.000154408132682     0.00319916698264      0.000154408132682     0.00464760796421      -0.000299846685334    
1.68777054921         0.00334912257687      0.00016824943106      0.00334912257687      0.00016824943106      0.00490246046393      -0.000324387118497    
1.69723204772         0.0035245957558       0.000184141435441     0.0035245957558       0.000184141435441     0.00519807821898      -0.000352540244241    
1.70669354622         0.00370791722707      0.000201296773113     0.00370791722707      0.000201296773113     0.00550907076352      -0.00038261887964     
1.71615504473         0.00389297224784      0.000219437719558     0.00389297224784      0.000219437719558     0.00582654870885      -0.000414047538096    
1.72561654324         0.00407996129402      0.000238605646643     0.00407996129402      0.000238605646643     0.0061508635266       -0.000446864859582    
1.73507804175         0.00426888020412      0.000258831421783     0.00426888020412      0.000258831421783     0.00648206154904      -0.000481088870926    
1.74453954026         0.00445964980438      0.000280141377849     0.00445964980438      0.000280141377849     0.00682007287604      -0.000516728758169    
1.75400103877         0.00465215671778      0.000302559125595     0.00465215671778      0.000302559125595     0.00716477082334      -0.000553788530596    
1.76346253728         0.004846269621        0.000326106227131     0.004846269621        0.000326106227131     0.00751599565299      -0.000592268460481    
1.77292403579         0.00504184685351      0.00035080247375      0.00504184685351      0.00035080247375      0.00787356579098      -0.000632165748154    
1.7823855343          0.00523874043335      0.000376666002871     0.00523874043335      0.000376666002871     0.00823728394806      -0.000673474870364    
1.7918470328          0.00543679838784      0.0004037133421       0.00543679838784      0.0004037133421       0.00860694105128      -0.000716187783623    
1.80130853131         0.0056358662176       0.000431959417876     0.0056358662176       0.000431959417876     0.00898231955072      -0.000760294055533    
1.81077002982         0.00583578788047      0.000461417546282     0.00583578788047      0.000461417546282     0.00936319809857      -0.000805780958266    
1.82023152833         0.00603640649314      0.000492099414946     0.00603640649314      0.000492099414946     0.0097493682079       -0.000852633541479    
1.82969302684         0.00623756485786      0.00052401506087      0.00623756485786      0.00052401506087      0.0101406316265       -0.000900997149368    
1.83915452535         0.00643910587608      0.000557172846928     0.00643910587608      0.000557172846928     0.0105364874531       -0.000950789221576    
1.84861602386         0.00664087288566      0.0005915794387       0.00664087288566      0.0005915794387       0.0109367512227       -0.00100190793459     
1.85807752237         0.00684270994479      0.000627239782632     0.00684270994479      0.000627239782632     0.0113411715961       -0.00105433016285     
1.86753902088         0.0070444620773       0.000664157086185     0.0070444620773       0.000664157086185     0.0117494814416       -0.00110803079875     
1.87700051938         0.00724597548889      0.000702332800381     0.00724597548889      0.000702332800381     0.0121614057164       -0.0011629828042      
1.88646201789         0.00744709776111      0.000741766605033     0.00744709776111      0.000741766605033     0.0125766637376       -0.00121915726336     
1.8959235164          0.00764767802736      0.000782456396819     0.00764767802736      0.000782456396819     0.012994970282        -0.0012765234366      
1.90538501491         0.0078475671343       0.000824398280344     0.0078475671343       0.000824398280344     0.0134160363046       -0.0013350488159      
1.91484651342         0.00804661779087      0.000867586562226     0.00804661779087      0.000867586562226     0.0138395695006       -0.00139469918173     
1.92430801193         0.00824468470663      0.00091201374827      0.00824468470663      0.00091201374827      0.0142652747949       -0.00145543866146     
1.93376951044         0.00844162472063      0.00095767054374      0.00844162472063      0.00095767054374      0.0146928547946       -0.00151722978905     
1.94323100895         0.00863729692184      0.0010045458567       0.00863729692184      0.0010045458567       0.0151220102265       -0.00158003356632     
1.95269250746         0.00883156276184      0.00105262680443      0.00883156276184      0.00105262680443      0.0155524403728       -0.0016438095254      
1.96215400596         0.00902428616022      0.00110189872288      0.00902428616022      0.00110189872288      0.0159838435215       -0.00170851579239     
1.97161550447         0.00921533360341      0.00115234517911      0.00921533360341      0.00115234517911      0.0164159174546       -0.0017741091522      
1.98107700298         0.00940457423711      0.00120394798665      0.00940457423711      0.00120394798665      0.0168483600168       -0.00184054511435     
1.99053850149         0.00959187995264      0.00125668722381      0.00959187995264      0.00125668722381      0.017280869863        -0.00190777797972     
2                     0.00977712546762      0.00131054125468      0.00977712546762      0.00131054125468      0.0177131476421       -0.00197576090807     
2.01                  0.00997053931081      0.00136864629877      0.00997053931081      0.00136864629877      0.0181694498161       -0.00204837531433     
2.19171717172         0.0129155933183       0.00259283827811      0.0129155933183       0.00259283827811      0.0259437631439       -0.00343861373948     
2.37343434343         0.0144385293642       0.00392540182046      0.0144385293642       0.00392540182046      0.0314999885799       -0.00469295260779     
2.55515151515         0.0143856207934       0.00501226831789      0.0143856207934       0.00501226831789      0.0336598628943       -0.00548251927469     
2.73686868687         0.0129872714517       0.0055631919166       0.0129872714517       0.0055631919166       0.0322417487424       -0.00563188291332     
2.91858585859         0.0107169194583       0.00546408682818      0.0107169194583       0.00546408682818      0.0279690147769       -0.00516895133856     
3.1003030303          0.0081214315554       0.00480283671454      0.0081214315554       0.00480283671454      0.0221040712293       -0.00427910984578     
3.28202020202         0.00566805014039      0.00380708696642      0.00566805014039      0.00380708696642      0.0159781083297       -0.00321523572967     
3.46373737374         0.0036505683168       0.00273712307551      0.0036505683168       0.00273712307551      0.0105961035137       -0.00220307543729     
3.64545454545         0.00217357097305      0.00179315833602      0.00217357097305      0.00179315833602      0.00646341870383      -0.0013818647728      
3.82717171717         0.00119831966815      0.0010746452786       0.00119831966815      0.0010746452786       0.00363483698445      -0.00079610649352     
4.00888888889         0.00061262155683      0.000591123001622     0.00061262155683      0.000591123001622     0.0018885029829       -0.000422394755627    
4.19060606061         0.000290795193161     0.000299276718456     0.000290795193161     0.000299276718456     0.000908139615842     -0.000206886547661    
4.37232323232         0.000128298898808     0.000139785390468     0.000128298898808     0.000139785390468     0.000404816025392     -9.37271428372e-05    
4.55404040404         5.26598088658e-05     6.03501708344e-05     5.26598088658e-05     6.03501708344e-05     0.000167489058248     -3.93386281407e-05    
4.73575757576         2.01216043575e-05     2.41218000258e-05     2.01216043575e-05     2.41218000258e-05     6.43863745686e-05     -1.53168053691e-05    
4.91747474747         7.16176979961e-06     8.93764399959e-06     7.16176979961e-06     8.93764399959e-06     2.30173386747e-05     -5.53840228695e-06    
5.09919191919         2.3754984139e-06      3.07320599361e-06     2.3754984139e-06      3.07320599361e-06     7.6573950494e-06      -1.8614846777e-06     
5.28090909091         7.34571002462e-07     9.81553271814e-07     7.34571002462e-07     9.81553271814e-07     2.37210182575e-06     -5.81997155212e-07    
5.46262626263         2.11835893442e-07     2.91425998282e-07     2.11835893442e-07     2.91425998282e-07     6.84593829197e-07     -1.69376563307e-07    
5.64434343434         5.69867896826e-08     8.04869466174e-08     5.69867896826e-08     8.04869466174e-08     1.84148863481e-07     -4.59078131258e-08    
5.82606060606         1.43042196094e-08     2.06898141376e-08     1.43042196094e-08     2.06898141376e-08     4.61856119062e-08     -1.15937772752e-08    
6.00777777778         3.35091550463e-09     4.95268380333e-09     3.35091550463e-09     4.95268380333e-09     1.08041283226e-08     -2.72926784066e-09    
6.18949494949         7.32749619584e-10     1.10450854229e-09     7.32749619584e-10     1.10450854229e-09     2.35800180457e-09     -5.99108481815e-10    
6.37121212121         1.49594873541e-10     2.29568365409e-10     1.49594873541e-10     2.29568365409e-10     4.80266620482e-10     -1.22670643507e-10    
6.55292929293         2.85182424424e-11     4.44863903147e-11     2.85182424424e-11     4.44863903147e-11     9.1308576372e-11      -2.34358447661e-11    
6.73464646465         5.077569265e-12       8.04022021111e-12     5.077569265e-12       8.04022021111e-12     1.62084073465e-11     -4.17881507892e-12    
6.91636363636         8.43385453973e-13     1.35396352047e-12     8.43385453973e-13     1.35396352047e-12     2.68349980333e-12     -6.947167851e-13      
7.09808080808         1.3171896628e-13      2.14147944852e-13     1.3171896628e-13      2.14147944852e-13     4.17666393942e-13     -1.08540908253e-13    
7.2797979798          1.95649228565e-14     3.21804977138e-14     1.95649228565e-14     3.21804977138e-14     6.18153845062e-14     -1.61211255492e-14    
7.46151515152         2.36552116669e-15     3.9327595103e-15      2.36552116669e-15     3.9327595103e-15      7.44608904279e-15     -1.94827582783e-15    
7.64323232323         5.45431030677e-16     9.15821768265e-16     5.45431030677e-16     9.15821768265e-16     1.71033875585e-15     -4.48876068021e-16    
7.82494949495         5.80818809347e-16     9.84216050047e-16     5.80818809347e-16     9.84216050047e-16     1.8142297631e-15      -4.77492272572e-16    
8.00666666667         6.17496007535e-16     1.05528651292e-15     6.17496007535e-16     1.05528651292e-15     1.92119941277e-15     -5.06981262526e-16    
8.18838383838         6.55470442334e-16     1.12904201532e-15     6.55470442334e-16     1.12904201532e-15     2.03124858917e-15     -5.37341969144e-16    
8.3701010101          6.94749453617e-16     1.20549079493e-15     6.94749453617e-16     1.20549079493e-15     2.14437813715e-15     -5.6857337415e-16     
8.55181818182         7.3533993999e-16      1.28464052317e-15     7.3533993999e-16      1.28464052317e-15     2.2605888677e-15      -6.00674507496e-16    
8.73353535354         7.77248391609e-16     1.36649835388e-15     7.77248391609e-16     1.36649835388e-15     2.37988156525e-15     -6.33644445096e-16    
8.91525252525         8.20480920175e-16     1.45107096718e-15     8.20480920175e-16     1.45107096718e-15     2.50225700119e-15     -6.67482306572e-16    
9.09696969697         8.6504328637e-16      1.53836460876e-15     8.6504328637e-16      1.53836460876e-15     2.6277159744e-15      -7.02187253049e-16    
9.27868686869         9.10940924973e-16     1.62838512542e-15     9.10940924973e-16     1.62838512542e-15     2.75625969399e-15     -7.37758741268e-16    
9.4604040404          9.58178967879e-16     1.72113799707e-15     9.58178967879e-16     1.72113799707e-15     2.88788757546e-15     -7.74197002776e-16    
9.64212121212         1.00676226522e-15     1.81662836572e-15     1.00676226522e-15     1.81662836572e-15     3.02260016238e-15     -8.11500141151e-16    
9.82383838384         1.05669540475e-15     1.91486106166e-15     1.05669540475e-15     1.91486106166e-15     3.1603982592e-15      -8.49667462743e-16    
10.0055555556         1.10798272967e-15     2.01584062736e-15     1.10798272967e-15     2.01584062736e-15     3.30128248292e-15     -8.88698305515e-16    
10.1872727273         1.16062835502e-15     2.11957133904e-15     1.16062835502e-15     2.11957133904e-15     3.44525339496e-15     -9.28592037339e-16    
10.368989899          1.21463618281e-15     2.22605722639e-15     1.21463618281e-15     2.22605722639e-15     3.59231152305e-15     -9.69348054383e-16    
10.5507070707         1.27000991587e-15     2.33530209054e-15     1.27000991587e-15     2.33530209054e-15     3.7424573689e-15      -1.01096577959e-15    
10.7324242424         1.32675307076e-15     2.44730952042e-15     1.32675307076e-15     2.44730952042e-15     3.89569141195e-15     -1.05344466122e-15    
10.9141414141         1.38486898961e-15     2.5620829078e-15      1.38486898961e-15     2.5620829078e-15      4.05201411175e-15     -1.09678417153e-15    
11.0958585859         1.44436085107e-15     2.67962546095e-15     1.44436085107e-15     2.67962546095e-15     4.21142590952e-15     -1.14098380545e-15    
11.2775757576         1.50523168046e-15     2.79994021726e-15     1.50523168046e-15     2.79994021726e-15     4.37392722946e-15     -1.1860430794e-15     
11.4592929293         1.5674843592e-15      2.92303005474e-15     1.5674843592e-15      2.92303005474e-15     4.53951847979e-15     -1.23196153016e-15    
11.641010101          1.63112163345e-15     3.04889770271e-15     1.63112163345e-15     3.04889770271e-15     4.70820005366e-15     -1.27873871379e-15    
11.8227272727         1.69614612226e-15     3.17754575145e-15     1.69614612226e-15     3.17754575145e-15     4.87997232996e-15     -1.32637420463e-15    
12.0044444444         1.76256032505e-15     3.3089766613e-15      1.76256032505e-15     3.3089766613e-15      5.05483567405e-15     -1.37486759435e-15    
12.1861616162         1.83036662855e-15     3.44319277088e-15     1.83036662855e-15     3.44319277088e-15     5.23279043843e-15     -1.42421849108e-15    
12.3678787879         1.89956731334e-15     3.5801963048e-15      1.89956731334e-15     3.5801963048e-15      5.41383696337e-15     -1.47442651853e-15    
12.5495959596         1.97016455987e-15     3.71998938071e-15     1.97016455987e-15     3.71998938071e-15     5.59797557748e-15     -1.52549131524e-15    
12.7313131313         2.04216045407e-15     3.86257401583e-15     2.04216045407e-15     3.86257401583e-15     5.78520659825e-15     -1.57741253385e-15    
12.913030303          2.11555699263e-15     4.00795213309e-15     2.11555699263e-15     4.00795213309e-15     5.97553033252e-15     -1.63018984033e-15    
13.0947474747         2.19035608786e-15     4.15612556669e-15     2.19035608786e-15     4.15612556669e-15     6.16894707703e-15     -1.68382291341e-15    
13.2764646465         2.2665595723e-15      4.30709606735e-15     2.2665595723e-15      4.30709606735e-15     6.36545711878e-15     -1.73831144388e-15    
13.4581818182         2.34416920298e-15     4.46086530717e-15     2.34416920298e-15     4.46086530717e-15     6.56506073551e-15     -1.79365513408e-15    
13.6398989899         2.42318666542e-15     4.61743488411e-15     2.42318666542e-15     4.61743488411e-15     6.76775819609e-15     -1.84985369728e-15    
13.8216161616         2.50361357738e-15     4.77680632624e-15     2.50361357738e-15     4.77680632624e-15     6.97354976085e-15     -1.9069068572e-15     
14.0033333333         2.58545149236e-15     4.93898109561e-15     2.58545149236e-15     4.93898109561e-15     7.18243568199e-15     -1.96481434753e-15    
14.1850505051         2.66870190291e-15     5.10396059193e-15     2.66870190291e-15     5.10396059193e-15     7.39441620389e-15     -2.0235759114e-15     
14.3667676768         2.75336624366e-15     5.27174615595e-15     2.75336624366e-15     5.27174615595e-15     7.60949156345e-15     -2.08319130104e-15    
14.5484848485         2.83944589431e-15     5.44233907266e-15     2.83944589431e-15     5.44233907266e-15     7.82766199036e-15     -2.14366027729e-15    
14.7302020202         2.92694218225e-15     5.61574057424e-15     2.92694218225e-15     5.61574057424e-15     8.04892770741e-15     -2.20498260922e-15    
14.9119191919         3.0158563852e-15      5.79195184288e-15     3.0158563852e-15      5.79195184288e-15     8.27328893077e-15     -2.2671580738e-15     
15.0936363636         3.10618973356e-15     5.97097401336e-15     3.10618973356e-15     5.97097401336e-15     8.50074587024e-15     -2.33018645551e-15    
15.2753535354         3.19794341271e-15     6.15280817549e-15     3.19794341271e-15     6.15280817549e-15     8.73129872949e-15     -2.39406754602e-15    
15.4570707071         3.29111856514e-15     6.3374553764e-15      3.29111856514e-15     6.3374553764e-15      8.9649477063e-15      -2.4588011439e-15     
15.6387878788         3.38571629243e-15     6.5249166227e-15      3.38571629243e-15     6.5249166227e-15      9.20169299282e-15     -2.52438705427e-15    
15.8205050505         3.48173765719e-15     6.71519288248e-15     3.48173765719e-15     6.71519288248e-15     9.44153477572e-15     -2.59082508858e-15    
16.0022222222         3.57918368483e-15     6.90828508721e-15     3.57918368483e-15     6.90828508721e-15     9.68447323646e-15     -2.65811506429e-15    
16.1839393939         3.67805536524e-15     7.10419413355e-15     3.67805536524e-15     7.10419413355e-15     9.93050855142e-15     -2.72625680466e-15    
16.3656565657         3.77835365441e-15     7.30292088498e-15     3.77835365441e-15     7.30292088498e-15     1.01796408921e-14     -2.79525013849e-15    
16.5473737374         3.88007947592e-15     7.5044661734e-15      3.88007947592e-15     7.5044661734e-15      1.04318704255e-14     -2.86509489986e-15    
16.7290909091         3.98323372238e-15     7.70883080064e-15     3.98323372238e-15     7.70883080064e-15     1.06871973138e-14     -2.935790928e-15      
16.9108080808         4.08781725676e-15     7.91601553983e-15     4.08781725676e-15     7.91601553983e-15     1.0945621715e-14      -3.00733806697e-15    
17.0925252525         4.19383091371e-15     8.12602113675e-15     4.19383091371e-15     8.12602113675e-15     1.1207143783e-14      -3.07973616557e-15    
17.2742424242         4.30127550073e-15     8.33884831104e-15     4.30127550073e-15     8.33884831104e-15     1.14717636675e-14     -3.15298507708e-15    
17.455959596          4.41015179933e-15     8.55449775743e-15     4.41015179933e-15     8.55449775743e-15     1.17394815144e-14     -3.22708465912e-15    
17.6376767677         4.52046056615e-15     8.77297014683e-15     4.52046056615e-15     8.77297014683e-15     1.20102974657e-14     -3.30203477348e-15    
17.8193939394         4.63220253394e-15     8.99426612739e-15     4.63220253394e-15     8.99426612739e-15     1.22842116598e-14     -3.37783528592e-15    
18.0011111111         4.7453784126e-15      9.21838632549e-15     4.7453784126e-15      9.21838632549e-15     1.25612242317e-14     -3.45448606608e-15    
18.1828282828         4.85998889007e-15     9.44533134668e-15     4.85998889007e-15     9.44533134668e-15     1.28413353129e-14     -3.53198698729e-15    
18.3645454545         4.97603463321e-15     9.6751017766e-15      4.97603463321e-15     9.6751017766e-15      1.31245450318e-14     -3.61033792643e-15    
18.5462626263         5.09351628869e-15     9.9076981818e-15      5.09351628869e-15     9.9076981818e-15      1.34108535133e-14     -3.68953876384e-15    
18.727979798          5.21243448375e-15     1.01431211106e-14     5.21243448375e-15     1.01431211106e-14     1.37002608795e-14     -3.76958938312e-15    
18.9096969697         5.33278982696e-15     1.03813710937e-14     5.33278982696e-15     1.03813710937e-14     1.39927672495e-14     -3.85048967108e-15    
19.0914141414         5.45458290898e-15     1.06224486452e-14     5.45458290898e-15     1.06224486452e-14     1.42883727395e-14     -3.9322395176e-15     
19.2731313131         5.57781430322e-15     1.08663542629e-14     5.57781430322e-15     1.08663542629e-14     1.4587077463e-14      -4.01483881551e-15    
19.4548484848         5.7024845665e-15      1.11130884293e-14     5.7024845665e-15      1.11130884293e-14     1.48888815307e-14     -4.09828746049e-15    
19.6365656566         5.82859423971e-15     1.1362651612e-14      5.82859423971e-15     1.1362651612e-14      1.5193785051e-14      -4.18258535095e-15    
19.8182828283         5.95614384835e-15     1.16150442644e-14     5.95614384835e-15     1.16150442644e-14     1.55017881294e-14     -4.267732388e-15      
20                    0                     0                     0                     0                     0                     0                     
