0.0779191396          0                     0                     0                     0                     0                     0                     
0.087577837391        1.36450744417         0.443256893705        1.36450744417         0.443256893705        0.30585953911         0.245131606038        
0.0972365351819       6.66931224293         1.92878628911         6.66931224293         1.92878628911         1.61888505076         1.068657039           
0.106895232973        14.4640383784         3.64563690843         14.4640383784         3.64563690843         3.77071598299         2.02247840203         
0.116553930764        22.9117389816         4.93578607801         22.9117389816         4.93578607801         6.35035782252         2.73513380171         
0.126212628555        30.8684396045         5.54017213063         30.8684396045         5.54017213063         9.01569600121         3.05297415156         
0.135871326346        37.7974834623         5.44538027907         37.7974834623         5.44538027907         11.5495263901         2.96035621704         
0.145530024137        43.5170433788         4.71250058383         43.5170433788         4.71250058383         13.8281423638         2.48519428548         
0.155188721928        47.9901092072         3.42581004471         47.9901092072         3.42581004471         15.7660938848         1.6702256063          
0.164847419719        51.2306369937         1.6763670816          51.2306369937         1.6763670816          17.2910895369         0.563241975716        
0.17450611751         53.2500701287         -0.358308914469       53.2500701287         -0.358308914469       18.3300640634         -0.729970487457       
0.184164815301        54.1506490928         -2.42707799704        54.1506490928         -2.42707799704        18.875996142          -2.05240815634        
0.193823513091        54.1580548262         -4.3505661705         54.1580548262         -4.3505661705         19.0126648581         -3.28543230858        
0.203482210882        53.4961736104         -6.02968198338        53.4961736104         -6.02968198338        18.8392816863         -4.36248339369        
0.213140908673        52.3634004484         -7.43736669394        52.3634004484         -7.43736669394        18.4498727138         -5.26437376707        
0.222799606464        50.9134454863         -8.58361510711        50.9134454863         -8.58361510711        17.9165724487         -5.99676973521        
0.232458304255        49.2582326768         -9.48888240381        49.2582326768         -9.48888240381        17.2920118579         -6.57242369864        
0.242117002046        47.4858787081         -10.1808846589        47.4858787081         -10.1808846589        16.6179970132         -7.00921312921        
0.251775699837        45.666757328          -10.6910109476        45.666757328          -10.6910109476        15.9274742364         -7.32833805294        
0.261434397628        43.8406507748         -11.0662542126        43.8406507748         -11.0662542126        15.2373074256         -7.55911789295        
0.271093095419        42.0246309859         -11.327694236         42.0246309859         -11.327694236         14.5523420501         -7.71580590325        
0.28075179321         40.2382141987         -11.4889912171        40.2382141987         -11.4889912171        13.8795791311         -7.80745402247        
0.290410491001        38.4948330268         -11.5611590759        38.4948330268         -11.5611590759        13.22477015           -7.84123957117        
0.300069188792        36.8117029286         -11.557807305         36.8117029286         -11.557807305         12.5961800982         -7.82580023196        
0.309727886583        35.1999056322         -11.4927411098        35.1999056322         -11.4927411098        11.999399411          -7.77028478993        
0.319386584374        33.6647588306         -11.3849431817        33.6647588306         -11.3849431817        11.4371979841         -7.68628034841        
0.329045282165        32.2056126441         -11.2459939753        32.2056126441         -11.2459939753        10.9084911079         -7.58219768301        
0.338703979956        30.8178966904         -11.0863292237        30.8178966904         -11.0863292237        10.4105902084         -7.46491794863        
0.348362677747        29.500191422          -10.9122145327        29.500191422          -10.9122145327        9.94132590608         -7.33866414788        
0.358021375538        28.2438016073         -10.7280857154        28.2438016073         -10.7280857154        9.49638741607         -7.20646735917        
0.367680073329        27.0467233024         -10.5368377898        27.0467233024         -10.5368377898        9.07401451615         -7.07025625288        
0.37733877112         25.9037872109         -10.3393512832        25.9037872109         -10.3393512832        8.67145858362         -6.93061994644        
0.386997468911        24.8130517488         -10.1361428366        24.8130517488         -10.1361428366        8.28768169547         -6.78789497716        
0.396656166702        23.7717469809         -9.92798403512        23.7717469809         -9.92798403512        7.92148247293         -6.64253382869        
0.406314864492        22.7778826905         -9.71427125128        22.7778826905         -9.71427125128        7.5721492625          -6.49412928023        
0.415973562283        21.831897337          -9.4975596734         21.831897337          -9.4975596734         7.24012491527         -6.34419992434        
0.425632260074        20.9273426251         -9.2729220381         20.9273426251         -9.2729220381         6.92268437527         -6.19002448334        
0.435290957865        20.0697458033         -9.04769714325        20.0697458033         -9.04769714325        6.62301358346         -6.03570555074        
0.444949655656        19.2560655308         -8.82217256506        19.2560655308         -8.82217256506        6.33996392899         -5.88145360588        
0.454608353447        18.4836528687         -8.59717774206        18.4836528687         -8.59717774206        6.07249640346         -5.72781299946        
0.464267051238        17.7506383551         -8.3736665454         17.7506383551         -8.3736665454         5.82003105207         -5.57541740474        
0.473925749029        17.055465469          -8.15324548114        17.055465469          -8.15324548114        5.58201334077         -5.42527675882        
0.48358444682         16.3961278951         -7.93669103424        16.3961278951         -7.93669103424        5.35766618894         -5.27790411099        
0.493243144611        15.7705494055         -7.72374220661        15.7705494055         -7.72374220661        5.14629651498         -5.13308907316        
0.502901842402        15.1761831994         -7.51714033598        15.1761831994         -7.51714033598        4.94657741792         -4.99266267025        
0.512560540193        14.6129357377         -7.31630763155        14.6129357377         -7.31630763155        4.75874776543         -4.85619784443        
0.522219237984        14.0750405743         -7.12036152552        14.0750405743         -7.12036152552        4.58009226461         -4.72319379678        
0.531877935775        13.5654427503         -6.93169240133        13.5654427503         -6.93169240133        4.41195259152         -4.59514816741        
0.541536633566        13.0793282755         -6.7488438822         13.0793282755         -6.7488438822         4.25231184581         -4.47113103335        
0.551195331357        12.6162217072         -6.57259132067        12.6162217072         -6.57259132067        4.10092200645         -4.35162288098        
0.560854029148        12.17415556           -6.40243508022        12.17415556           -6.40243508022        3.95693964412         -4.23632593228        
0.570512726939        11.7516909763         -6.23828285195        11.7516909763         -6.23828285195        3.81982203979         -4.12516173765        
0.58017142473         11.3480033588         -6.08014048717        11.3480033588         -6.08014048717        3.68906010212         -4.01813805372        
0.589830122521        10.9615310727         -5.92755125039        10.9615310727         -5.92755125039        3.56409115066         -3.91494353647        
0.599488820312        10.591176354          -5.78025431745        10.591176354          -5.78025431745        3.44445931929         -3.81540788511        
0.609147518103        10.2364654676         -5.63825325425        10.2364654676         -5.63825325425        3.32994610151         -3.71952604037        
0.618806215893        9.89549119366         -5.50054990541        9.89549119366         -5.50054990541        3.21993664952         -3.62663688867        
0.628464913684        9.56827810583         -5.36775834964        9.56827810583         -5.36775834964        3.11422483181         -3.53713481679        
0.638123611475        9.25378861099         -5.23911497226        9.25378861099         -5.23911497226        3.01257352209         -3.45049780389        
0.647782309266        8.95157273726         -5.11440693963        8.95157273726         -5.11440693963        2.91481830858         -3.36659023531        
0.657441007057        8.66067817143         -4.99314434151        8.66067817143         -4.99314434151        2.82057031331         -3.28512097077        
0.667099704848        8.38085446276         -4.87570585576        8.38085446276         -4.87570585576        2.72983910078         -3.20618623116        
0.676758402639        8.11183406831         -4.76188264197        8.11183406831         -4.76188264197        2.64260639229         -3.12972483815        
0.68641710043         7.85244282185         -4.65121451565        7.85244282185         -4.65121451565        2.55830841993         -3.05545510364        
0.696075798221        7.60232981812         -4.54345037709        7.60232981812         -4.54345037709        2.47689522377         -2.98319970336        
0.705734496012        7.36143228907         -4.43863780797        7.36143228907         -4.43863780797        2.39836075568         -2.91299198838        
0.715393193803        7.12805412535         -4.33796332213        7.12805412535         -4.33796332213        2.32182570721         -2.84557328371        
0.725051891594        6.90501126093         -4.23653075715        6.90501126093         -4.23653075715        2.24928448263         -2.77778892641        
0.734710589385        6.68888377039         -4.13913890746        6.68888377039         -4.13913890746        2.1785609833          -2.71272330026        
0.744369287176        6.48055255073         -4.04407935195        6.48055255073         -4.04407935195        2.11033523448         -2.64926666166        
0.754027984967        6.27949464366         -3.95117116797        6.27949464366         -3.95117116797        2.04444319988         -2.58729325147        
0.763686682758        6.08541790976         -3.86034097688        6.08541790976         -3.86034097688        1.98080120185         -2.52674937215        
0.773345380549        5.89828705372         -3.77157565941        5.89828705372         -3.77157565941        1.91942663835         -2.46762547628        
0.78300407834         5.71765606284         -3.68478082953        5.71765606284         -3.68478082953        1.8601746568          -2.40985287822        
0.792662776131        5.5432065674          -3.59981658712        5.5432065674          -3.59981658712        1.80297562716         -2.35333473141        
0.802321473922        5.37520401652         -3.51701909413        5.37520401652         -3.51701909413        1.74791673626         -2.29828946469        
0.811980171713        5.21249384749         -3.43543329642        5.21249384749         -3.43543329642        1.69454335925         -2.24412074097        
0.821638869504        5.05552141044         -3.35546275458        5.05552141044         -3.35546275458        1.6431294964          -2.19109217475        
0.831297567294        4.9044093407          -3.27743832914        4.9044093407          -3.27743832914        1.59376817773         -2.13935979176        
0.840956265085        4.75853881593         -3.20137155464        4.75853881593         -3.20137155464        1.54618521069         -2.08893647493        
0.850614962876        4.61758876531         -3.12669852659        4.61758876531         -3.12669852659        1.50030513998         -2.03946232769        
0.860273660667        4.48166209579         -3.05400230835        4.48166209579         -3.05400230835        1.45615023478         -1.99130950613        
0.869932358458        4.35037984561         -2.98289986625        4.35037984561         -2.98289986625        1.4135918857          -1.94423095083        
0.879591056249        4.22348853767         -2.91343394367        4.22348853767         -2.91343394367        1.37254059921         -1.89825488593        
0.88924975404         4.10093644508         -2.8456316533         4.10093644508         -2.8456316533         1.33298424114         -1.85339318378        
0.898908451831        3.98243001592         -2.77943355541        3.98243001592         -2.77943355541        1.29481340074         -1.80960958359        
0.908567149622        3.86777608608         -2.71463386468        3.86777608608         -2.71463386468        1.25799649806         -1.76676633578        
0.918225847413        3.75680498102         -2.65143310035        3.75680498102         -2.65143310035        1.22241175497         -1.72499543416        
0.927884545204        3.64924255463         -2.58962177374        3.64924255463         -2.58962177374        1.18799580622         -1.6841597971         
0.937543242995        3.54490297301         -2.52917048099        3.54490297301         -2.52917048099        1.1546706891          -1.64423955357        
0.947201940786        3.44385903278         -2.470127806          3.44385903278         -2.470127806          1.12248013474         -1.60526117075        
0.956860638577        3.34545716699         -2.41215199319        3.34545716699         -2.41215199319        1.09116923778         -1.56700880859        
0.966519336368        3.24945972471         -2.3551599362         3.24945972471         -2.3551599362         1.06066824591         -1.52942639888        
0.976178034159        3.1549885562          -2.29852477058        3.1549885562          -2.29852477058        1.03066974581         -1.49210536537        
0.98583673195         3.05667193804         -2.23834113394        3.05667193804         -2.23834113394        0.99944163953         -1.45251033519        
0.995495429741        2.95776918357         -2.17697771805        2.95776918357         -2.17697771805        0.967975127783        -1.41218029072        
1.00515412753         2.86325218864         -2.11803365636        2.86325218864         -2.11803365636        0.937985461538        -1.37346702097        
1.01481282532         2.77272392868         -2.06153394757        2.77272392868         -2.06153394757        0.909293849759        -1.33631873602        
1.02447152311         2.68570203387         -2.00707390333        2.68570203387         -2.00707390333        0.881726395732        -1.30053031483        
1.0341302209          2.60194810023         -1.95454742052        2.60194810023         -1.95454742052        0.85518894736         -1.26602462092        
1.0437889187          2.52159894486         -1.90407568254        2.52159894486         -1.90407568254        0.829759492585        -1.23287824537        
1.05344761649         2.44376359004         -1.85509946368        2.44376359004         -1.85509946368        0.805086102766        -1.20073394342        
1.06310631428         2.36886045697         -1.80784105866        2.36886045697         -1.80784105866        0.781334986522        -1.16972940806        
1.07276501207         2.29653068414         -1.76211185981        2.29653068414         -1.76211185981        0.758377964496        -1.13974200911        
1.08242370986         2.22675881429         -1.71792275991        2.22675881429         -1.71792275991        0.736210633536        -1.11077825853        
1.09208240765         2.1595136572          -1.67522267917        2.1595136572          -1.67522267917        0.714837427779        -1.08280105514        
1.10174110544         2.09421525013         -1.63372447837        2.09421525013         -1.63372447837        0.694016621229        -1.05563228722        
1.11139980323         2.03129149135         -1.59361691985        2.03129149135         -1.59361691985        0.673938416186        -1.02938491475        
1.12105850102         1.97042602257         -1.55483825321        1.97042602257         -1.55483825321        0.654463812288        -1.00402005942        
1.13071719881         1.91162235533         -1.51714329883        1.91162235533         -1.51714329883        0.635650324458        -0.979376342457       
1.14037589661         1.85464795303         -1.4806014241         1.85464795303         -1.4806014241         0.617363650965        -0.955499802605       
1.1500345944          1.7995432106          -1.4451754475         1.7995432106          -1.4451754475         0.599635333314        -0.932365392516       
1.15969329219         1.74621146713         -1.41081038162        1.74621146713         -1.41081038162        0.582439957678        -0.909934452382       
1.16935198998         1.69456216502         -1.37741225468        1.69456216502         -1.37741225468        0.565747622359        -0.888148897864       
1.17901068777         1.64451885767         -1.34498643764        1.64451885767         -1.34498643764        0.549526044511        -0.867006970306       
1.18866938556         1.59592460995         -1.31336755591        1.59592460995         -1.31336755591        0.533738377914        -0.846402428417       
1.19832808335         1.54916034742         -1.28286047588        1.54916034742         -1.28286047588        0.518510414072        -0.826532330958       
1.20798678114         1.50361664579         -1.25301065375        1.50361664579         -1.25301065375        0.503639415202        -0.807100861182       
1.21764547893         1.45954332093         -1.22402998491        1.45954332093         -1.22402998491        0.489211276647        -0.788244737865       
1.22730417672         1.41683147822         -1.19578770157        1.41683147822         -1.19578770157        0.475197061525        -0.769877378668       
1.23696287451         1.375552372           -1.16840362571        1.375552372           -1.16840362571        0.461621981446        -0.752076556512       
1.24662157231         1.33528695737         -1.14153411025        1.33528695737         -1.14153411025        0.448335260609        -0.73461924304        
1.2562802701          1.2964362428          -1.11538914346        1.2964362428          -1.11538914346        0.435512136159        -0.717639131253       
1.26593896789         1.25859020713         -1.08980243832        1.25859020713         -1.08980243832        0.422953995404        -0.701045241639       
1.27559766568         1.22206147364         -1.06485248916        1.22206147364         -1.06485248916        0.410824073754        -0.684871986048       
1.28525636347         1.18665520212         -1.04058528119        1.18665520212         -1.04058528119        0.399057587056        -0.669142982198       
1.29491506126         1.15232055137         -1.01681067917        1.15232055137         -1.01681067917        0.387623642117        -0.653740928588       
1.30457375905         1.1191085447          -0.993628797635       1.1191085447          -0.993628797635       0.376571874343        -0.6387159717         
1.31423245684         1.08699207693         -0.971089391911       1.08699207693         -0.971089391911       0.365878691899        -0.624106240009       
1.32389115463         1.05587987335         -0.949118437992       1.05587987335         -0.949118437992       0.35551074858         -0.609868500376       
1.33354985242         1.02571453724         -0.927678456158       1.02571453724         -0.927678456158       0.345448401796        -0.595978668003       
1.34320855022         0.996503545663        -0.906761826762       0.996503545663        -0.906761826762       0.3357007036          -0.582431199276       
1.35286724801         0.968147694698        -0.88629994774        0.968147694698        -0.88629994774        0.326232675173        -0.569181509963       
1.3625259458          0.94092144649         -0.866404959119       0.94092144649         -0.866404959119       0.31718932378         -0.556307084616       
1.37218464359         0.914164896802        -0.846946157355       0.914164896802        -0.846946157355       0.308202102962        -0.54370797768        
1.38184334138         0.888406199826        -0.827947353684       0.888406199826        -0.827947353684       0.299598306872        -0.53141461552        
1.39150203917         0.863456656412        -0.809418145717       0.863456656412        -0.809418145717       0.291262956893        -0.519427325665       
1.40116073696         0.839316500961        -0.791343359224       0.839316500961        -0.791343359224       0.28320582276         -0.507736038209       
1.41081943475         0.815901015124        -0.773695741755       0.815901015124        -0.773695741755       0.275388235293        -0.496324127279       
1.42047813254         0.793220888904        -0.756467742146       0.793220888904        -0.756467742146       0.267822669388        -0.485185144737       
1.43013683033         0.771263664237        -0.739677805906       0.771263664237        -0.739677805906       0.260503594831        -0.474331988164       
1.43979552812         0.749996579638        -0.723306259311       0.749996579638        -0.723306259311       0.253417725486        -0.463750099462       
1.44945422592         0.729375076125        -0.707321029596       0.729375076125        -0.707321029596       0.246553517438        -0.45342121551        
1.45911292371         0.709398758329        -0.691734428833       0.709398758329        -0.691734428833       0.239908339346        -0.443351621644       
1.4687716215          0.690138259082        -0.676490105953       0.690138259082        -0.676490105953       0.233531610389        -0.433503723566       
1.47843031929         0.671343629409        -0.661723625402       0.671343629409        -0.661723625402       0.227275635419        -0.423968552971       
1.48808901708         0.653150949772        -0.647264748164       0.653150949772        -0.647264748164       0.221239238423        -0.414633256417       
1.49774771487         0.635558316705        -0.633197013162       0.635558316705        -0.633197013162       0.215410748946        -0.405552036254       
1.50740641266         0.618483103776        -0.619476579783       0.618483103776        -0.619476579783       0.20975576619         -0.396697530738       
1.51706511045         0.601924489924        -0.606099504652       0.601924489924        -0.606099504652       0.204276167845        -0.388067147446       
1.52672380824         0.585881673086        -0.593079268014       0.585881673086        -0.593079268014       0.198970217401        -0.379667893967       
1.53638250603         0.570302252663        -0.580376545183       0.570302252663        -0.580376545183       0.193818997185        -0.371476155531       
1.54604120383         0.555222131033        -0.568019304536       0.555222131033        -0.568019304536       0.188838769432        -0.363507786271       
1.55569990162         0.540622485872        -0.556004423766       0.540622485872        -0.556004423766       0.184024313195        -0.355756342935       
1.56535859941         0.526423501669        -0.544305023665       0.526423501669        -0.544305023665       0.179343003642        -0.34821142041        
1.5750172972          0.512598628229        -0.532894191481       0.512598628229        -0.532894191481       0.174779845755        -0.34085446635        
1.58467599499         0.499188174308        -0.521800370374       0.499188174308        -0.521800370374       0.170352327491        -0.333704517881       
1.59433469278         0.486157916732        -0.510987722959       0.486157916732        -0.510987722959       0.16604891381         -0.326737773903       
1.60399339057         0.473534043585        -0.500512660183       0.473534043585        -0.500512660183       0.161874873069        -0.319991114016       
1.61365208836         0.461233196964        -0.490272539008       0.461233196964        -0.490272539008       0.157805909366        -0.3133979598         
1.62331078615         0.449294367022        -0.480325425446       0.449294367022        -0.480325425446       0.153847746447        -0.306995703531       
1.63296948394         0.437662288385        -0.470630810948       0.437662288385        -0.470630810948       0.149986667127        -0.300758550292       
1.64262818173         0.42634821785         -0.46118986451        0.42634821785         -0.46118986451        0.146220937293        -0.294686933627       
1.65228687953         0.415338253045        -0.451989529871       0.415338253045        -0.451989529871       0.142544194061        -0.288776499116       
1.66194557732         0.404657087055        -0.443025811199       0.404657087055        -0.443025811199       0.138973182098        -0.283022189832       
1.67160427511         0.394323742681        -0.434340518318       0.394323742681        -0.434340518318       0.135515122339        -0.277447502674       
1.6812629729          0.384331636171        -0.425942868745       0.384331636171        -0.425942868745       0.13216551435         -0.272059014717       
1.69092167069         0.375072051912        -0.418286580177       0.375072051912        -0.418286580177       0.12905219628         -0.26714571026        
1.70058036848         0.368866968471        -0.413953741913       0.368866968471        -0.413953741913       0.126992215433        -0.264361118544       
1.71023906627         0.362489656514        -0.40936904339        0.362489656514        -0.40936904339        0.124867800515        -0.261410747275       
1.71989776406         0.355952313288        -0.40459363502        0.355952313288        -0.40459363502        0.122667835973        -0.258344055282       
1.72955646185         0.349375656897        -0.399712686045       0.349375656897        -0.399712686045       0.120448766539        -0.25521169504        
1.73921515964         0.342767581128        -0.39473737909        0.342767581128        -0.39473737909        0.118209642031        -0.252020103395       
1.74887385744         0.33615741395         -0.389686998689       0.33615741395         -0.389686998689       0.115964366669        -0.248782094243       
1.75853255523         0.329534645567        -0.384641580619       0.329534645567        -0.384641580619       0.11370307208         -0.245545766568       
1.76819125302         0.322948167385        -0.379423359767       0.322948167385        -0.379423359767       0.11145852232         -0.242199628301       
1.77784995081         0.316368272869        -0.374234353591       0.316368272869        -0.374234353591       0.109205030199        -0.238873940805       
1.7875086486          0.309807821906        -0.368995941854       0.309807821906        -0.368995941854       0.106949980394        -0.235518090945       
1.79716734639         0.303276406031        -0.363721142267       0.303276406031        -0.363721142267       0.104698993796        -0.232140262545       
1.80682604418         0.2967895541          -0.35841956103        0.2967895541          -0.35841956103        0.102459477304        -0.228746394665       
1.81648474197         0.290329975809        -0.353154536672       0.290329975809        -0.353154536672       0.100220034832        -0.225375567281       
1.82614343976         0.283945058135        -0.347738621152       0.283945058135        -0.347738621152       0.0980085803482       -0.221911752927       
1.83580213755         0.277606275131        -0.342370227013       0.277606275131        -0.342370227013       0.095807101759        -0.218477681305       
1.84546083534         0.27132816771         -0.336990039945       0.27132816771         -0.336990039945       0.0936239485554       -0.215036870761       
1.85511953314         0.265112480323        -0.331598367929       0.265112480323        -0.331598367929       0.091459483591        -0.211589639466       
1.86477823093         0.258964046488        -0.326199971851       0.258964046488        -0.326199971851       0.0893160861091       -0.208138485703       
1.87443692872         0.252897666234        -0.32080759187        0.252897666234        -0.32080759187        0.0872030507985       -0.204691905687       
1.88409562651         0.246905983777        -0.315415180353       0.246905983777        -0.315415180353       0.0851140321146       -0.201245743254       
1.8937543243          0.240994250313        -0.310029674153       0.240994250313        -0.310029674153       0.0830521804566       -0.197804519811       
1.90341302209         0.235163233055        -0.304657049621       0.235163233055        -0.304657049621       0.0810186753358       -0.194371786896       
1.91307171988         0.229421049596        -0.299293481339       0.229421049596        -0.299293481339       0.0790179669132       -0.190945250729       
1.92273041767         0.223773342108        -0.293962551036       0.223773342108        -0.293962551036       0.0770519183082       -0.187538348624       
1.93238911546         0.218209633908        -0.288656359376       0.218209633908        -0.288656359376       0.0751165798449       -0.184146835303       
1.94204781325         0.212737583143        -0.283386916913       0.212737583143        -0.283386916913       0.0732149778275       -0.180779199825       
1.95170651105         0.207351449231        -0.278148250685       0.207351449231        -0.278148250685       0.0713435229071       -0.177431676884       
1.96136520884         0.202051603198        -0.272935081367       0.202051603198        -0.272935081367       0.0695050999073       -0.174100810268       
1.97102390663         0.196809955823        -0.267736788453       0.196809955823        -0.267736788453       0.0676806979384       -0.170784217665       
1.98068260442         0.191668830911        -0.262593695088       0.191668830911        -0.262593695088       0.0658950783407       -0.16750078424        
1.99034130221         0.186661979997        -0.257487659049       0.186661979997        -0.257487659049       0.0641632820203       -0.164243406185       
2                     0.181737953519        -0.252444228836       0.181737953519        -0.252444228836       0.0624615453203       -0.161025092724       
2.001                 0.181233237291        -0.25192401368        0.181233237291        -0.25192401368        0.0622871761009       -0.160693181446       
2.21403357311         0.093607259744        -0.155124292962       0.093607259744        -0.155124292962       0.0317555771002       -0.0990083108359      
2.42706714623         0.041401382665        -0.0857416485286      0.041401382665        -0.0857416485286      0.0133379886904       -0.0548334149283      
2.64010071934         0.0149219626608       -0.0423319393677      0.0149219626608       -0.0423319393677      0.00413375599787      -0.0271647397321      
2.85313429245         0.00373046737009      -0.0182232772207      0.00373046737009      -0.0182232772207      0.000464182600638     -0.011754924725       
3.06616786556         0.000151166704776     -0.00655204841556     0.000151166704776     -0.00655204841556     -0.000475496693959    -0.00425909045467     
3.27920143867         -0.000418658553044    -0.00178561736458     -0.000418658553044    -0.00178561736458     -0.000404741827292    -0.00117435362894     
3.49223501179         -0.000200813381748    -0.000264486480909    -0.000200813381748    -0.000264486480909    -0.000152483662731    -0.000177660599968    
3.7052685849          -8.65801595409e-06    -2.24269200075e-06    -8.65801595409e-06    -2.24269200075e-06    -6.56546318235e-06    -1.60952984192e-06    
3.7062685849          -8.37883114514e-06    -2.14727652561e-06    -8.37883114514e-06    -2.14727652561e-06    -6.35603948247e-06    -1.54135185346e-06    
3.7232685849          -4.42085817163e-06    -9.00067567601e-07    -4.42085817163e-06    -9.00067567601e-07    -3.37482302486e-06    -6.44747738523e-07    
3.7402685849          -1.78066387834e-06    -1.87334529292e-07    -1.78066387834e-06    -1.87334529292e-07    -1.36906460562e-06    -1.25333780758e-07    
3.7572685849          -2.82988311267e-07    1.85194643496e-07     -2.82988311267e-07    1.85194643496e-07     -2.21245776369e-07    1.5090143705e-07      
3.7742685849          3.34541507588e-09     6.394938297e-07       3.34541507588e-09     6.394938297e-07       -1.19623064287e-09    5.02351199014e-07     
3.7912685849          7.01748110194e-09     1.63747259268e-06     7.01748110194e-09     1.63747259268e-06     1.57013986885e-09     1.28791186376e-06     
3.8082685849          8.50358931576e-09     2.68005553077e-06     8.50358931576e-09     2.68005553077e-06     3.25527876421e-09     2.1195700287e-06      
3.8252685849          8.61755703374e-09     3.63679247318e-06     8.61755703374e-09     3.63679247318e-06     4.10691188751e-09     2.89333693182e-06     
3.8262685849          8.59481652861e-09     3.68919558675e-06     8.59481652861e-09     3.68919558675e-06     4.13673342775e-09     2.93605375068e-06     
4.00597671173         -8.27876033105e-10    6.18757712409e-06     -8.27876033105e-10    6.18757712409e-06     5.46773208293e-10     5.21451263729e-06     
4.18568483857         -6.37973044603e-10    3.26580735687e-06     -6.37973044603e-10    3.26580735687e-06     -2.9358767626e-10     2.89437570893e-06     
4.3653929654          4.03459384586e-11     1.15307236622e-06     4.03459384586e-11     1.15307236622e-06     -4.5752796036e-11     1.07122870762e-06     
4.54510109224         3.99521088669e-11     2.90715347962e-07     3.99521088669e-11     2.90715347962e-07     8.64026575167e-12     2.82595440506e-07     
4.72480921907         -2.06283464665e-12    4.43471182053e-08     -2.06283464665e-12    4.43471182053e-08     1.29713051202e-12     4.50601809707e-08     
4.90451734591         -3.39242528593e-13    5.70606634963e-10     -3.39242528593e-13    5.70606634963e-10     -5.00443742545e-14    6.05806840133e-10     
5.08422547274         3.58507015522e-09     5.56403801543e-12     3.58507015522e-09     5.56403801543e-12     3.98017707099e-09     -1.14101006356e-12    
5.26393359958         3.37082071939e-09     9.94365930308e-12     3.37082071939e-09     9.94365930308e-12     3.91036485257e-09     -1.03899849706e-11    
5.44364172641         1.77602136453e-09     8.5472591062e-12      1.77602136453e-09     8.5472591062e-12      2.14995572652e-09     -1.17375466561e-11    
5.62334985324         7.15276008903e-10     5.12257455349e-12     7.15276008903e-10     5.12257455349e-12     9.02796514972e-10     -7.49196355819e-12    
5.80305798008         2.41430192482e-10     2.41875465973e-12     2.41430192482e-10     2.41875465973e-12     3.17551580778e-10     -3.49816028321e-12    
5.98276610691         7.11161504081e-11     9.53320959268e-13     7.11161504081e-11     9.53320959268e-13     9.74439488144e-11     -1.32286419156e-12    
6.16247423375         1.86795648332e-11     3.24013955027e-13     1.86795648332e-11     3.24013955027e-13     2.66603288378e-11     -4.2683554953e-13     
6.34218236058         4.43202714176e-12     9.69180914887e-14     4.43202714176e-12     9.69180914887e-14     6.58891114532e-12     -1.20171123962e-13    
6.52189048742         9.5791709503e-13      2.58644024817e-14     9.5791709503e-13      2.58644024817e-14     1.48352859555e-12     -3.01880421136e-14    
6.70159861425         1.89641178389e-13     6.21628333989e-15     1.89641178389e-13     6.21628333989e-15     3.06020009601e-13     -6.81636666644e-15    
6.88130674109         3.45565894406e-14     1.35607564762e-15     3.45565894406e-14     1.35607564762e-15     5.81230644888e-14     -1.39876407237e-15    
7.06101486792         5.79001399686e-15     2.68853553258e-16     5.79001399686e-15     2.68853553258e-16     1.01545917672e-14     -2.61277475239e-16    
7.24072299475         9.73764426628e-16     5.29779663957e-17     9.73764426628e-16     5.29779663957e-17     1.7816242591e-15      -4.85506164218e-17    
7.42043112159         7.43653708109e-17     4.70093032101e-18     7.43653708109e-17     4.70093032101e-18     1.42026932204e-16     -4.06743690695e-18    
7.60013924842         1.74069842909e-17     1.26942488944e-18     1.74069842909e-17     1.26942488944e-18     3.47261772711e-17     -1.03963904869e-18    
7.77984737526         1.86793125958e-17     1.5619252793e-18      1.86793125958e-17     1.5619252793e-18      3.89538280832e-17     -1.21258187174e-18    
7.95955550209         1.98814881979e-17     1.89622759973e-18     1.98814881979e-17     1.89622759973e-18     4.3377407132e-17      -1.39731510371e-18    
8.13926362893         2.10043119653e-17     2.27482556518e-18     2.10043119653e-17     2.27482556518e-18     4.79913259101e-17     -1.5932291821e-18     
8.31897175576         2.20394027663e-17     2.70011870274e-18     2.20394027663e-17     2.70011870274e-18     5.27904038001e-17     -1.79969034451e-18    
8.4986798826          2.29791187226e-17     3.17441233658e-18     2.29791187226e-17     3.17441233658e-18     5.77701745883e-17     -2.01650956434e-18    
8.67838800943         2.38164860952e-17     3.69991850096e-18     2.38164860952e-17     3.69991850096e-18     6.29247440859e-17     -2.24353686686e-18    
8.85809613626         2.45451351905e-17     4.27875755898e-18     2.45451351905e-17     4.27875755898e-18     6.82499096008e-17     -2.47935338385e-18    
9.0378042631          2.51592426669e-17     4.9129603482e-18      2.51592426669e-17     4.9129603482e-18      7.37417198286e-17     -2.72330251954e-18    
9.21751238993         2.56534796485e-17     5.60447070986e-18     2.56534796485e-17     5.60447070986e-18     7.939640752e-17       -2.97473188739e-18    
9.39722051677         2.60229650784e-17     6.35514828718e-18     2.60229650784e-17     6.35514828718e-18     8.52104400644e-17     -3.23299633411e-18    
9.5769286436          2.62632237901e-17     7.16677150217e-18     2.62632237901e-17     7.16677150217e-18     9.11805200214e-17     -3.49746034489e-18    
9.75663677044         2.63701488136e-17     8.04104063914e-18     2.63701488136e-17     8.04104063914e-18     9.73035871342e-17     -3.76749993265e-18    
9.93634489727         2.63399674776e-17     8.97958097856e-18     2.63399674776e-17     8.97958097856e-18     1.03576867103e-16     -4.04250409766e-18    
10.1160530241         2.6169210913e-17      9.98394593747e-18     2.6169210913e-17      9.98394593747e-18     1.09997969977e-16     -4.32254442809e-18    
10.2957611509         2.5854686598e-17      1.10556201827e-17     2.5854686598e-17      1.10556201827e-17     1.16563121167e-16     -4.60698459759e-18    
10.4754692778         2.53934536257e-17     1.21960226911e-17     2.53934536257e-17     1.21960226911e-17     1.23270239596e-16     -4.89476649055e-18    
10.6551774046         2.47828004075e-17     1.34065097374e-17     2.47828004075e-17     1.34065097374e-17     1.30117156771e-16     -5.1853400385e-18     
10.8348855314         2.40202245552e-17     1.46883777962e-17     2.40202245552e-17     1.46883777962e-17     1.37101785587e-16     -5.47817100039e-18    
11.0145936583         2.31034147137e-17     1.60428663471e-17     2.31034147137e-17     1.60428663471e-17     1.44222152253e-16     -5.7727410387e-18     
11.1943017851         2.20302341399e-17     1.74711605782e-17     2.20302341399e-17     1.74711605782e-17     1.51476396967e-16     -6.0685476834e-18     
11.3740099119         2.07987058474e-17     1.89743939815e-17     2.07987058474e-17     1.89743939815e-17     1.58862769198e-16     -6.36510420484e-18    
11.5537180388         1.94069991539e-17     2.05536508406e-17     1.94069991539e-17     2.05536508406e-17     1.66379621811e-16     -6.66193941372e-18    
11.7334261656         1.78534174875e-17     2.22099686092e-17     1.78534174875e-17     2.22099686092e-17     1.74025405225e-16     -6.95859740288e-18    
11.9131342924         1.61363873243e-17     2.39443401809e-17     1.61363873243e-17     2.39443401809e-17     1.81798662094e-16     -7.25463724369e-18    
12.0928424193         1.42544481414e-17     2.57577160531e-17     1.42544481414e-17     2.57577160531e-17     1.89698023055e-16     -7.54963264726e-18    
12.2725505461         1.22062432845e-17     2.76510063875e-17     1.22062432845e-17     2.76510063875e-17     1.97722204559e-16     -7.84317159938e-18    
12.452258673          9.99051165835e-18     2.9625082969e-17      9.99051165835e-18     2.9625082969e-17      2.05870012294e-16     -8.13485597632e-18    
12.6319667998         7.60608015843e-18     3.16807810678e-17     7.60608015843e-18     3.16807810678e-17     2.1414036922e-16      -8.42430114757e-18    
12.8116749266         5.05185677204e-18     3.38189012077e-17     5.05185677204e-18     3.38189012077e-17     2.22532529336e-16     -8.71146245588e-18    
12.9913830535         2.32682428303e-18     3.60402108449e-17     2.32682428303e-18     3.60402108449e-17     2.3104451198e-16      -8.99631951852e-18    
13.1710911803         -5.69965477707e-19    3.83454459605e-17     -5.69965477707e-19    3.83454459605e-17     2.39675477345e-16     -9.2779181107e-18     
13.3507993071         -3.63939688804e-18    4.07353125706e-17     -3.63939688804e-18    4.07353125706e-17     2.48424601335e-16     -9.55592335973e-18    
13.530507434          -6.88229534357e-18    4.32104881592e-17     -6.88229534357e-18    4.32104881592e-17     2.57291035917e-16     -9.83001182122e-18    
13.7102155608         -1.02994316615e-17    4.57716230359e-17     -1.02994316615e-17    4.57716230359e-17     2.66273961415e-16     -1.00998710845e-17    
13.8899236876         -1.38915261171e-17    4.84193416231e-17     -1.38915261171e-17    4.84193416231e-17     2.75372594369e-16     -1.03651993853e-17    
14.0696318145         -1.7659252147e-17     5.11542436766e-17     -1.7659252147e-17     5.11542436766e-17     2.84586188506e-16     -1.06257052265e-17    
14.2493399413         -2.16032397486e-17    5.39769054419e-17     -2.16032397486e-17    5.39769054419e-17     2.93914033835e-16     -1.08811070088e-17    
14.4290480681         -2.57240786048e-17    5.68878807507e-17     -2.57240786048e-17    5.68878807507e-17     3.03355455139e-16     -1.11311326704e-17    
14.608756195          -3.0022320957e-17     5.98877020605e-17     -3.0022320957e-17     5.98877020605e-17     3.12909810272e-16     -1.13755193376e-17    
14.7884643218         -3.44984842494e-17    6.29768814396e-17     -3.44984842494e-17    6.29768814396e-17     3.22576488428e-16     -1.16140129859e-17    
14.9681724486         -3.91530535655e-17    6.61559115018e-17     -3.91530535655e-17    6.61559115018e-17     3.32354908449e-16     -1.18463681118e-17    
15.1478805755         -4.39864838736e-17    6.94252662922e-17     -4.39864838736e-17    6.94252662922e-17     3.42244517208e-16     -1.20723474152e-17    
15.3275887023         -4.89992020981e-17    7.2785402128e-17      -4.89992020981e-17    7.2785402128e-17      3.52244788073e-16     -1.22917214936e-17    
15.5072968291         -5.41916090328e-17    7.62367583951e-17     -5.41916090328e-17    7.62367583951e-17     3.62355219459e-16     -1.25042685459e-17    
15.687004956          -5.95640811078e-17    7.97797583054e-17     -5.95640811078e-17    7.97797583054e-17     3.7257533347e-16      -1.27097740879e-17    
15.8667130828         -6.51169720237e-17    8.3414809614e-17      -6.51169720237e-17    8.3414809614e-17      3.8290467463e-16      -1.29080306773e-17    
16.0464212096         -7.08506142631e-17    8.71423053014e-17     -7.08506142631e-17    8.71423053014e-17     3.93342808699e-16     -1.30988376497e-17    
16.2261293365         -7.67653204909e-17    9.09626242202e-17     -7.67653204909e-17    9.09626242202e-17     4.03889321579e-16     -1.32820008645e-17    
16.4058374633         -8.28613848509e-17    9.48761317101e-17     -8.28613848509e-17    9.48761317101e-17     4.14543818297e-16     -1.34573324602e-17    
16.5855455901         -8.91390841686e-17    9.88831801815e-17     -8.91390841686e-17    9.88831801815e-17     4.25305922096e-16     -1.36246506195e-17    
16.765253717          -9.55986790666e-17    1.0298410967e-16      -9.55986790666e-17    1.0298410967e-16      4.36175273612e-16     -1.37837793435e-17    
16.9449618438         -1.02240415e-16       1.07179248366e-16     -1.02240415e-16       1.07179248366e-16     4.4715153019e-16      -1.39345482346e-17    
17.1246699706         -1.09064523221e-16    1.11468913113e-16     -1.09064523221e-16    1.11468913113e-16     4.58234365366e-16     -1.40767922883e-17    
17.3043780975         -1.16071221668e-16    1.15853409886e-16     -1.16071221668e-16    1.15853409886e-16     4.6942346863e-16      -1.42103516933e-17    
17.4840862243         -1.23260715804e-16    1.20333034245e-16     -1.23260715804e-16    1.20333034245e-16     4.8071854571e-16      -1.4335071639e-17     
17.6637943512         -1.30633199385e-16    1.24908071769e-16     -1.30633199385e-16    1.24908071769e-16     4.92119320051e-16     -1.44508021316e-17    
17.843502478          -1.38188855186e-16    1.29578798462e-16     -1.38188855186e-16    1.29578798462e-16     5.03625537844e-16     -1.45573978169e-17    
18.0232106048         -1.45927855667e-16    1.34345481151e-16     -1.45927855667e-16    1.34345481151e-16     5.15236989622e-16     -1.46547178105e-17    
18.2029187317         -1.53850363606e-16    1.39208377852e-16     -1.53850363606e-16    1.39208377852e-16     5.26953652283e-16     -1.47428541108e-17    
18.3826268585         -1.61956532676e-16    1.44167738129e-16     -1.61956532676e-16    1.44167738129e-16     5.38774633487e-16     -1.48218766029e-17    
18.5623349853         -1.70246507996e-16    1.49223803431e-16     -1.70246507996e-16    1.49223803431e-16     5.50699811687e-16     -1.48912459452e-17    
18.7420431122         -1.78720426638e-16    1.54376807418e-16     -1.78720426638e-16    1.54376807418e-16     5.6272903692e-16      -1.4950837458e-17     
18.921751239          -1.87378418102e-16    1.59626976263e-16     -1.87378418102e-16    1.59626976263e-16     5.74862118107e-16     -1.50005301781e-17    
19.1014593658         -1.9622060476e-16     1.64974528949e-16     -1.9622060476e-16     1.64974528949e-16     5.87098860164e-16     -1.50402067265e-17    
19.2811674927         -2.05247102276e-16    1.70419677549e-16     -2.05247102276e-16    1.70419677549e-16     5.99439071029e-16     -1.5069753181e-17     
19.4608756195         -2.14458019988e-16    1.75962627492e-16     -2.14458019988e-16    1.75962627492e-16     6.11882563834e-16     -1.50890589541e-17    
19.6405837463         -2.2385346128e-16     1.8160357782e-16      -2.2385346128e-16     1.8160357782e-16      6.24429157659e-16     -1.50980166758e-17    
19.8202918732         -2.33433523918e-16    1.87342721429e-16     -2.33433523918e-16    1.87342721429e-16     6.37078677752e-16     -1.50965220808e-17    
20                    0                     0                     0                     0                     0                     0                     
