0.0779191396          0                     0                     0                     0                     0                     0                     
0.087577837391        1.18549215923         0.326852356179        1.18549215923         0.326852356179        0.182524705484        0.170990359624        
0.0972365351819       5.82968429197         1.39640946585         5.82968429197         1.39640946585         1.00155858672         0.747192412199        
0.106895232973        12.7014758311         2.55625884321         12.7014758311         2.55625884321         2.39756709739         1.40647240401         
0.116553930764        20.1876226485         3.28896362006         20.1876226485         3.28896362006         4.12146565485         1.87344579865         
0.126212628555        27.2842838703         3.4167420451          27.2842838703         3.4167420451          5.95058714467         2.0400770925          
0.135871326346        33.5018710948         2.92254998104         33.5018710948         2.92254998104         7.73020058119         1.88252388907         
0.145530024137        38.6376935388         1.85652336008         38.6376935388         1.85652336008         9.350648277           1.41487398299         
0.155188721928        42.6270373828         0.288976291052        42.6270373828         0.288976291052        10.7278044413         0.665722298907        
0.164847419719        45.4139975415         -1.65058280732        45.4139975415         -1.65058280732        11.7688187462         -0.302927974234       
0.17450611751         47.0304917639         -3.7216493861         47.0304917639         -3.7216493861         12.4239552659         -1.36717120415        
0.184164815301        47.6406079116         -5.7093676969         47.6406079116         -5.7093676969         12.720599718          -2.40769918868        
0.193823513091        47.4701488694         -7.46404988705        47.4701488694         -7.46404988705        12.7327900228         -3.33958627059        
0.203482210882        46.7371499794         -8.93239289803        46.7371499794         -8.93239289803        12.5413365737         -4.12938307525        
0.213140908673        45.6179229442         -10.113388531         45.6179229442         -10.113388531         12.2131166306         -4.77297322183        
0.222799606464        44.2456717756         -11.0206572703        44.2456717756         -11.0206572703        11.7985125219         -5.27567448473        
0.232458304255        42.7339494641         -11.7040525798        42.7339494641         -11.7040525798        11.3407622541         -5.66086044668        
0.242117002046        41.1422109408         -12.2041451986        41.1422109408         -12.2041451986        10.8610145896         -5.94907566477        
0.251775699837        39.5139610433         -12.5532900563        39.5139610433         -12.5532900563        10.3726627746         -6.15739629872        
0.261434397628        37.8756603465         -12.77313481          37.8756603465         -12.77313481          9.88326777676         -6.29686737346        
0.271093095419        36.2534860286         -12.8801511327        36.2534860286         -12.8801511327        9.40142653961         -6.37582203829        
0.28075179321         34.6732152969         -12.8933578729        34.6732152969         -12.8933578729        8.93641623619         -6.40388072273        
0.290410491001        33.1478709297         -12.8322513115        33.1478709297         -12.8322513115        8.49321141922         -6.39125355156        
0.300069188792        31.6863966096         -12.7162098913        31.6863966096         -12.7162098913        8.07470581529         -6.34819959938        
0.309727886583        30.2911646542         -12.5616051118        30.2911646542         -12.5616051118        7.6807576207          -6.28355613623        
0.319386584374        28.9586791367         -12.379735396         28.9586791367         -12.379735396         7.30880964672         -6.20347256982        
0.329045282165        27.6872821396         -12.1790678622        27.6872821396         -12.1790678622        6.95719042227         -6.11259837485        
0.338703979956        26.4716256611         -11.9625799546        26.4716256611         -11.9625799546        6.62287589013         -6.0126799985         
0.348362677747        25.3079996941         -11.731802884         25.3079996941         -11.731802884         6.30389306582         -5.90469421831        
0.358021375538        24.1975641956         -11.4894299442        24.1975641956         -11.4894299442        6.00051125854         -5.79017854786        
0.367680073329        23.1383857422         -11.2334463355        23.1383857422         -11.2334463355        5.71205895705         -5.66776630088        
0.37733877112         22.1314112867         -10.9722968058        22.1314112867         -10.9722968058        5.43898942133         -5.54182248028        
0.386997468911        21.1744643191         -10.7052403981        21.1744643191         -10.7052403981        5.18076331322         -5.41201009638        
0.396656166702        20.266138784          -10.4340147678        20.266138784          -10.4340147678        4.93712638257         -5.27927629097        
0.406314864492        19.4055659335         -10.1610890843        19.4055659335         -10.1610890843        4.70798305599         -5.14493162389        
0.415973562283        18.5917716899         -9.88855079062        18.5917716899         -9.88855079062        4.49318734759         -5.01008791152        
0.425632260074        17.8199127073         -9.61759471668        17.8199127073         -9.61759471668        4.29113543279         -4.87549134557        
0.435290957865        17.0907366184         -9.35119884595        17.0907366184         -9.35119884595        4.10217694685         -4.74269304733        
0.444949655656        16.4011273551         -9.08876237633        16.4011273551         -9.08876237633        3.92537788631         -4.61144139242        
0.454608353447        15.7484184131         -8.8335485628         15.7484184131         -8.8335485628         3.75961445464         -4.4835326005         
0.464267051238        15.1300924174         -8.58530943534        15.1300924174         -8.58530943534        3.60410088166         -4.35889182678        
0.473925749029        14.5440093524         -8.34478441714        14.5440093524         -8.34478441714        3.45796054169         -4.23793665051        
0.48358444682         13.9876799802         -8.11223784355        13.9876799802         -8.11223784355        3.32031606624         -4.12084583631        
0.493243144611        13.4588710623         -7.88770938667        13.4588710623         -7.88770938667        3.19047516337         -4.0077012844         
0.502901842402        12.9559002504         -7.67055082324        12.9559002504         -7.67055082324        3.06770611096         -3.89822265927        
0.512560540193        12.4772089179         -7.46201455045        12.4772089179         -7.46201455045        2.95156428383         -3.79289731087        
0.522219237984        12.0201389185         -7.26094126598        12.0201389185         -7.26094126598        2.84112610649         -3.69134250766        
0.531877935775        11.5844334104         -7.06785514156        11.5844334104         -7.06785514156        2.73610149505         -3.59381252358        
0.541536633566        11.1675548181         -6.88141308671        11.1675548181         -6.88141308671        2.63583065648         -3.49962644817        
0.551195331357        10.7686441476         -6.7015590583         10.7686441476         -6.7015590583         2.53995146105         -3.40878036574        
0.560854029148        10.3864248185         -6.52783055283        10.3864248185         -6.52783055283        2.4480650173          -3.32101712085        
0.570512726939        10.019799415          -6.35939091815        10.019799415          -6.35939091815        2.35990184868         -3.23591356584        
0.58017142473         9.66855911642         -6.19646424107        9.66855911642         -6.19646424107        2.27538808829         -3.15358562708        
0.589830122521        9.33161111787         -6.03849417448        9.33161111787         -6.03849417448        2.19428128887         -3.07375889156        
0.599488820312        9.0082006509          -5.88522256641        9.0082006509          -5.88522256641        2.11635413533         -2.99629107653        
0.609147518103        8.69802362646         -5.73656021197        8.69802362646         -5.73656021197        2.04153708916         -2.92113797581        
0.618806215893        8.39944780856         -5.59170246767        8.39944780856         -5.59170246767        1.96943555589         -2.8478829262         
0.628464913684        8.11319907642         -5.45086392296        8.11319907642         -5.45086392296        1.90032852837         -2.77663113874        
0.638123611475        7.83812473067         -5.31381754879        7.83812473067         -5.31381754879        1.83384760813         -2.7072728638         
0.647782309266        7.57383280814         -5.18039841085        7.57383280814         -5.18039841085        1.76996039907         -2.63972521266        
0.657441007057        7.3198271699          -5.05031287829        7.3198271699          -5.05031287829        1.70853941154         -2.57384229313        
0.667099704848        7.07598209341         -4.92390675875        7.07598209341         -4.92390675875        1.64961903132         -2.50976463114        
0.676758402639        6.84092309918         -4.79999478385        6.84092309918         -4.79999478385        1.59275854593         -2.44696804283        
0.68641710043         6.61526397472         -4.67874816664        6.61526397472         -4.67874816664        1.53826330631         -2.38553193077        
0.696075798221        6.39870358629         -4.56080360823        6.39870358629         -4.56080360823        1.48611644022         -2.32571124991        
0.705734496012        6.19104933295         -4.44607475426        6.19104933295         -4.44607475426        1.43623474747         -2.26747175044        
0.715393193803        5.99140058765         -4.33423800788        5.99140058765         -4.33423800788        1.38840563951         -2.21066533036        
0.725051891594        5.79984291942         -4.22536452183        5.79984291942         -4.22536452183        1.34268034023         -2.15532397155        
0.734710589385        5.61543071661         -4.11934894312        5.61543071661         -4.11934894312        1.29876889753         -2.10141352517        
0.744369287176        5.43842364488         -4.01614938812        5.43842364488         -4.01614938812        1.25677401696         -2.04889830409        
0.754027984967        5.26823962742         -3.91570553627        5.26823962742         -3.91570553627        1.21655228349         -1.99775949553        
0.763686682758        5.10453461634         -3.81796435399        5.10453461634         -3.81796435399        1.17800789865         -1.94796938437        
0.773345380549        4.94712531429         -3.72295060404        4.94712531429         -3.72295060404        1.14108589813         -1.89954789159        
0.78300407834         4.79567482865         -3.63057339506        4.79567482865         -3.63057339506        1.10569788317         -1.85245772592        
0.792662776131        4.64991970026         -3.54058952462        4.64991970026         -3.54058952462        1.0718209709          -1.80655184           
0.802321473922        4.50980962226         -3.45336783679        4.50980962226         -3.45336783679        1.03936056878         -1.76205142294        
0.811980171713        4.3746680385          -3.3685388996         4.3746680385          -3.3685388996         1.00817015526         -1.71875929261        
0.821638869504        4.24449743867         -3.28613543349        4.24449743867         -3.28613543349        0.978244738849        -1.67668792743        
0.831297567294        4.11899386201         -3.20600289771        4.11899386201         -3.20600289771        0.949500519828        -1.63576714208        
0.840956265085        3.99805370453         -3.12819463362        3.99805370453         -3.12819463362        0.921920822681        -1.59603914021        
0.850614962876        3.88126363642         -3.05260472943        3.88126363642         -3.05260472943        0.895412111305        -1.5573943201         
0.860273660667        3.76857958595         -2.97938822108        3.76857958595         -2.97938822108        0.869892630759        -1.51996597059        
0.869932358458        3.65960584092         -2.90817063103        3.65960584092         -2.90817063103        0.845285471785        -1.48355655684        
0.879591056249        3.5542393208          -2.83902452424        3.5542393208          -2.83902452424        0.821557260218        -1.44820602903        
0.88924975404         3.45233408918         -2.77184185516        3.45233408918         -2.77184185516        0.798651873847        -1.41386761391        
0.898908451831        3.35363108404         -2.70655726803        3.35363108404         -2.70655726803        0.776490966367        -1.38050061137        
0.908567149622        3.25800013349         -2.64306893012        3.25800013349         -2.64306893012        0.755069320724        -1.34805990292        
0.918225847413        3.16520908567         -2.58128007671        3.16520908567         -2.58128007671        0.734271401444        -1.31649090028        
0.927884545204        3.07518365569         -2.52104047192        3.07518365569         -2.52104047192        0.714114337984        -1.28572094544        
0.937543242995        2.98779698405         -2.46238852774        2.98779698405         -2.46238852774        0.694572934229        -1.25576286329        
0.947201940786        2.90240613481         -2.40504968583        2.90240613481         -2.40504968583        0.67538477272         -1.2264991349         
0.956860638577        2.81930150383         -2.3489498353         2.81930150383         -2.3489498353         0.656723273112        -1.19786778486        
0.966519336368        2.73790302226         -2.29377554785        2.73790302226         -2.29377554785        0.638386294843        -1.16972089086        
0.976178034159        2.65793948232         -2.23920509793        2.65793948232         -2.23920509793        0.62040660783         -1.14187892647        
0.98583673195         2.57427780688         -2.18104953044        2.57427780688         -2.18104953044        0.601460643841        -1.11222475512        
0.995495429741        2.49011376117         -2.12183900651        2.49011376117         -2.12183900651        0.582356531232        -1.08203848369        
1.00515412753         2.4093122359          -2.06489696568        2.4093122359          -2.06489696568        0.56397183025         -1.05301478404        
1.01481282532         2.33172167642         -2.01016078463        2.33172167642         -2.01016078463        0.546280128466        -1.02512273324        
1.02447152311         2.25696577138         -1.95728057924        2.25696577138         -1.95728057924        0.529186589919        -0.998182774981       
1.0341302209          2.18493378757         -1.90621236008        2.18493378757         -1.90621236008        0.512680441525        -0.972170973158       
1.0437889187          2.11554347265         -1.85690210394        2.11554347265         -1.85690210394        0.496728673403        -0.947059566731       
1.05344761649         2.04842992047         -1.80902604611        2.04842992047         -1.80902604611        0.481261665007        -0.922683172456       
1.06310631428         1.98370835215         -1.76269222841        1.98370835215         -1.76269222841        0.466304725575        -0.89909639663        
1.07276501207         1.9211148836          -1.7177253469         1.9211148836          -1.7177253469         0.451793391072        -0.876208269004       
1.08242370986         1.86072312082         -1.6741487382         1.86072312082         -1.6741487382         0.437759807312        -0.854030520276       
1.09208240765         1.8023472348          -1.63190530063        1.8023472348          -1.63190530063        0.424148377978        -0.832534386087       
1.10174110544         1.74575797384         -1.59080520937        1.74575797384         -1.59080520937        0.410896049119        -0.811620675703       
1.11139980323         1.69096193064         -1.55052441852        1.69096193064         -1.55052441852        0.398022008106        -0.791146835584       
1.12105850102         1.6381993154          -1.51150267782        1.6381993154          -1.51150267782        0.38561570709         -0.771304349396       
1.13071719881         1.58726453186         -1.47354429547        1.58726453186         -1.47354429547        0.373635293964        -0.752002648376       
1.14037589661         1.53803079443         -1.43663248016        1.53803079443         -1.43663248016        0.36204346101         -0.733215235244       
1.1500345944          1.49054599863         -1.40082113634        1.49054599863         -1.40082113634        0.350865558689        -0.714984520306       
1.15969329219         1.44465237658         -1.36600778767        1.44465237658         -1.36600778767        0.340048496528        -0.697260060913       
1.16935198998         1.40029145846         -1.33213612434        1.40029145846         -1.33213612434        0.329584515434        -0.680012580064       
1.17901068777         1.35738687831         -1.29918164458        1.35738687831         -1.29918164458        0.319452576818        -0.663231259438       
1.18866938556         1.31584275286         -1.26700534671        1.31584275286         -1.26700534671        0.309639286535        -0.646843235762       
1.19832808335         1.27593112245         -1.23593186574        1.27593112245         -1.23593186574        0.30021001636         -0.631014204288       
1.20798678114         1.23713539467         -1.20549015775        1.23713539467         -1.20549015775        0.291031531286        -0.615504489788       
1.21764547893         1.19976725342         -1.17600584018        1.19976725342         -1.17600584018        0.282206243295        -0.600484370321       
1.22730417672         1.16360401799         -1.14715767673        1.16360401799         -1.14715767673        0.273666954979        -0.585779312425       
1.23696287451         1.12871669965         -1.11920796157        1.12871669965         -1.11920796157        0.265423134703        -0.571533599667       
1.24662157231         1.09491638774         -1.09186052619        1.09491638774         -1.09186052619        0.257460281672        -0.557590681038       
1.2562802701          1.06228255257         -1.06530815463        1.06228255257         -1.06530815463        0.249769722801        -0.544051664605       
1.26593896789         1.03074610746         -1.03945714259        1.03074610746         -1.03945714259        0.242346551128        -0.530868677844       
1.27559766568         1.00027036969         -1.01431614498        1.00027036969         -1.01431614498        0.235182088777        -0.518045035504       
1.28525636347         0.970858349984        -0.989897321058       0.970858349984        -0.989897321058       0.228275739358        -0.505588786552       
1.29491506126         0.9424053065          -0.966091772283       0.9424053065          -0.966091772283       0.221607704349        -0.493443294278       
1.30457375905         0.914786637861        -0.942874652593       0.914786637861        -0.942874652593       0.215134879329        -0.481597551407       
1.31423245684         0.888154663971        -0.920415520703       0.888154663971        -0.920415520703       0.208893230118        -0.470137830689       
1.32389115463         0.862493563589        -0.89841777817        0.862493563589        -0.89841777817        0.202924356614        -0.458909241543       
1.33354985242         0.837649776178        -0.877098929004       0.837649776178        -0.877098929004       0.197141693149        -0.448026826086       
1.34320855022         0.813569775897        -0.856349488409       0.813569775897        -0.856349488409       0.19153672926         -0.437436187783       
1.35286724801         0.790264868946        -0.836132966145       0.790264868946        -0.836132966145       0.186125596089        -0.427117087032       
1.3625259458          0.767767167933        -0.816533580542       0.767767167933        -0.816533580542       0.180907991957        -0.41711183421        
1.37218464359         0.745909780382        -0.797432027341       0.745909780382        -0.797432027341       0.175842157896        -0.407362639186       
1.38184334138         0.724881551968        -0.778850562098       0.724881551968        -0.778850562098       0.17098919465         -0.397872933191       
1.39150203917         0.704467408559        -0.76081545204        0.704467408559        -0.76081545204        0.166278235019        -0.388661621873       
1.40116073696         0.684758833187        -0.743340520465       0.684758833187        -0.743340520465       0.161746857201        -0.379735755257       
1.41081943475         0.665631588412        -0.726344877817       0.665631588412        -0.726344877817       0.157349345294        -0.371057260326       
1.42047813254         0.647056900739        -0.709791681993       0.647056900739        -0.709791681993       0.153072467904        -0.362605523162       
1.43013683033         0.629060077454        -0.69371933392        0.629060077454        -0.69371933392        0.148929521532        -0.354400695999       
1.43979552812         0.611614019415        -0.678112037239       0.611614019415        -0.678112037239       0.144911827031        -0.346435147336       
1.44945422592         0.594664211059        -0.662918824709       0.594664211059        -0.662918824709       0.141003900276        -0.338682179768       
1.45911292371         0.578222770263        -0.648164955049       0.578222770263        -0.648164955049       0.137209066144        -0.331155637682       
1.4687716215          0.562222142992        -0.633788672479       0.562222142992        -0.633788672479       0.133504887887        -0.323823877211       
1.47843031929         0.546732800176        -0.619834912577       0.546732800176        -0.619834912577       0.129920990319        -0.31670756287        
1.48808901708         0.531596969995        -0.606175547145       0.531596969995        -0.606175547145       0.126398722383        -0.309747403589       
1.49774771487         0.516893112264        -0.592848094564       0.516893112264        -0.592848094564       0.122967660878        -0.302961781875       
1.50740641266         0.502644579287        -0.579889877953       0.502644579287        -0.579889877953       0.119643075787        -0.296363934244       
1.51706511045         0.48880530571         -0.567271298069       0.48880530571         -0.567271298069       0.116408783806        -0.289939496614       
1.52672380824         0.475365859131        -0.55499255151        0.475365859131        -0.55499255151        0.113260360408        -0.283688525189       
1.53638250603         0.462333365604        -0.543027352078       0.462333365604        -0.543027352078       0.110205916755        -0.277597554046       
1.54604120383         0.449600881039        -0.531381077507       0.449600881039        -0.531381077507       0.107200021207        -0.271671878614       
1.55569990162         0.437246955486        -0.520012938183       0.437246955486        -0.520012938183       0.104280459273        -0.265887538374       
1.56535859941         0.425230785468        -0.508920513363       0.425230785468        -0.508920513363       0.101433025631        -0.260243988322       
1.5750172972          0.413520952741        -0.498072505711       0.413520952741        -0.498072505711       0.0986483650648       -0.254724792544       
1.58467599499         0.402161568661        -0.487504056816       0.402161568661        -0.487504056816       0.0959430218896       -0.24934736118        
1.59433469278         0.391114632947        -0.477207706372       0.391114632947        -0.477207706372       0.09330740749         -0.244106999209       
1.60399339057         0.380421787741        -0.467182576575       0.380421787741        -0.467182576575       0.0907493008535       -0.239004512246       
1.61365208836         0.36994550564         -0.457373510461       0.36994550564         -0.457373510461       0.0882334473627       -0.234012965356       
1.62331078615         0.359792374504        -0.447817947235       0.359792374504        -0.447817947235       0.0857883845795       -0.2291502893         
1.63296948394         0.349909566907        -0.438469014605       0.349909566907        -0.438469014605       0.0834026190842       -0.224392725485       
1.64262818173         0.340307717027        -0.42935181468        0.340307717027        -0.42935181468        0.0810788701346       -0.219753164214       
1.65228687953         0.330984555183        -0.420474818765       0.330984555183        -0.420474818765       0.0788172859033       -0.215236080825       
1.66194557732         0.321963921023        -0.411813756972       0.321963921023        -0.411813756972       0.0766271262984       -0.210828011305       
1.67160427511         0.313214319882        -0.403390307915       0.313214319882        -0.403390307915       0.0744981745591       -0.206540790551       
1.6812629729          0.304756214285        -0.395217160321       0.304756214285        -0.395217160321       0.0724370758378       -0.202380999886       
1.69092167069         0.29691905998         -0.387725421489       0.29691905998         -0.387725421489       0.0705228412741       -0.198569188217       
1.70058036848         0.291503871791        -0.383298003462       0.291503871791        -0.383298003462       0.0691821397054       -0.196326009161       
1.71023906627         0.285954229285        -0.378608595632       0.285954229285        -0.378608595632       0.0678123271273       -0.193948108743       
1.71989776406         0.280346805949        -0.373758439444       0.280346805949        -0.373758439444       0.0664270256261       -0.191486919918       
1.72955646185         0.274728295937        -0.36879899724        0.274728295937        -0.36879899724        0.0650408345416       -0.188969210969       
1.73921515964         0.269108204331        -0.36375703982        0.269108204331        -0.36375703982        0.0636541320726       -0.186408171926       
1.74887385744         0.263503224544        -0.358642362051       0.263503224544        -0.358642362051       0.0622724936493       -0.183809209055       
1.75853255523         0.257952131064        -0.353482416722       0.257952131064        -0.353482416722       0.0609115238673       -0.181184131763       
1.76819125302         0.252431309346        -0.348289448629       0.252431309346        -0.348289448629       0.0595596283645       -0.178541432294       
1.77784995081         0.246954541937        -0.34307170365        0.246954541937        -0.34307170365        0.0582213874475       -0.175885413371       
1.7875086486          0.241536785532        -0.3378333539         0.241536785532        -0.3378333539         0.0568998496987       -0.173217556672       
1.79716734639         0.236139902038        -0.332559792233       0.236139902038        -0.332559792233       0.055586426096        -0.170532377555       
1.80682604418         0.230771236703        -0.32726593678        0.230771236703        -0.32726593678        0.0542733130077       -0.167840740092       
1.81648474197         0.225510835671        -0.321979859211       0.225510835671        -0.321979859211       0.0529971285477       -0.165150651362       
1.82614343976         0.220282617211        -0.316684517615       0.220282617211        -0.316684517615       0.0517263004646       -0.162455256615       
1.83580213755         0.215158437339        -0.311438119735       0.215158437339        -0.311438119735       0.0504917217798       -0.159784363518       
1.84546083534         0.210091044452        -0.306193771959       0.210091044452        -0.306193771959       0.0492695204152       -0.157113652532       
1.85511953314         0.205073022557        -0.300958189843       0.205073022557        -0.300958189843       0.048058531626        -0.154447431494       
1.86477823093         0.200143639788        -0.295763935804       0.200143639788        -0.295763935804       0.0468744033669       -0.151801870269       
1.87443692872         0.195278085954        -0.290589212688       0.195278085954        -0.290589212688       0.0457043674586       -0.149165967714       
1.88409562651         0.190450676238        -0.285437753046       0.190450676238        -0.285437753046       0.0445404797147       -0.146542190303       
1.8937543243          0.185720786644        -0.280326623662       0.185720786644        -0.280326623662       0.0434051413088       -0.143938415958       
1.90341302209         0.181048223598        -0.275253150128       0.181048223598        -0.275253150128       0.0422824670641       -0.141352547559       
1.91307171988         0.176447568857        -0.270222709988       0.176447568857        -0.270222709988       0.0411774140532       -0.138788756116       
1.92273041767         0.171901757806        -0.265232058086       0.171901757806        -0.265232058086       0.0400825621987       -0.136245260805       
1.93238911546         0.167423043057        -0.260280303054       0.167423043057        -0.260280303054       0.03900256914         -0.133721627906       
1.94204781325         0.16300346242         -0.255369382104       0.16300346242         -0.255369382104       0.0379339760147       -0.131219052104       
1.95170651105         0.158648856663        -0.250499509455       0.158648856663        -0.250499509455       0.0368794671302       -0.128737554964       
1.96136520884         0.154353889621        -0.245671163977       0.154353889621        -0.245671163977       0.0358363111024       -0.126277131326       
1.97102390663         0.150130511724        -0.240886030807       0.150130511724        -0.240886030807       0.0348084127835       -0.12383859276        
1.98068260442         0.145965637437        -0.236142753074       0.145965637437        -0.236142753074       0.0337912699184       -0.121421438008       
1.99034130221         0.141872553423        -0.231438941556       0.141872553423        -0.231438941556       0.0327915606451       -0.119024266579       
2                     0.137816207443        -0.226830974164       0.137816207443        -0.226830974164       0.0317884518149       -0.116676860174       
2.001                 0.137427528398        -0.226299844277       0.137427528398        -0.226299844277       0.0317007589558       -0.116405219929       
2.22251916927         0.0646583677855       -0.132722679899       0.0646583677855       -0.132722679899       0.0137824337291       -0.068597218231       
2.44403833854         0.0247304202354       -0.06901282214        0.0247304202354       -0.06901282214        0.00420740003137      -0.0358914537505      
2.66555750781         0.00659730572382      -0.0311754077075      0.00659730572382      -0.0311754077075      0.000186075235663     -0.0163467119953      
2.88707667709         0.000351507185249     -0.0117285815802      0.000351507185249     -0.0117285815802      -0.000833976824989    -0.00621914112443     
3.10859584636         -0.000762495508649    -0.00332775942978     -0.000762495508649    -0.00332775942978     -0.000652090412869    -0.00179336098203     
3.33011501563         -0.000385767149053    -0.0005055652509      -0.000385767149053    -0.0005055652509      -0.000247772999963    -0.000280378230925    
3.5516341849          -1.59896049504e-05    -3.95419523361e-06    -1.59896049504e-05    -3.95419523361e-06    -1.03288331907e-05    -2.39930692957e-06    
3.5526341849          -1.54785901465e-05    -3.78748300802e-06    -1.54785901465e-05    -3.78748300802e-06    -1.00031822324e-05    -2.29877307868e-06    
3.5696341849          -8.20718098013e-06    -1.60144693227e-06    -8.20718098013e-06    -1.60144693227e-06    -5.34481474688e-06    -9.70429973664e-07    
3.5866341849          -3.32537262597e-06    -3.3856924753e-07     -3.32537262597e-06    -3.3856924753e-07     -2.182879617e-06      -1.89819975578e-07    
3.6036341849          -5.36119814895e-07    3.3022265844e-07      -5.36119814895e-07    3.3022265844e-07      -3.55817772809e-07    2.32395782647e-07     
3.6206341849          -4.26534957526e-10    1.17893481857e-06     -4.26534957526e-10    1.17893481857e-06     9.06843911176e-07     -6.68326231933e-07    
3.6376341849          7.40015364499e-09     3.07623843834e-06     7.40015364499e-09     3.07623843834e-06     8.01358882007e-07     7.27863242555e-07     
3.6546341849          1.1764625102e-08      5.08246263979e-06     1.1764625102e-08      5.08246263979e-06     7.14737297236e-07     2.21559610771e-06     
3.6716341849          1.36135959838e-08     6.94678145868e-06     1.36135959838e-08     6.94678145868e-06     6.39163927423e-07     3.62105386017e-06     
3.6726341849          1.36630714877e-08     7.04963781799e-06     1.36630714877e-08     7.04963781799e-06     6.34998186149e-07     3.69944700781e-06     
3.85205578726         4.76618816711e-10     1.25127498459e-05     4.76618816711e-10     1.25127498459e-05     1.91729555122e-07     8.79400002754e-06     
4.03147738963         -1.09483338847e-09    6.94101445969e-06     -1.09483338847e-09    6.94101445969e-06     5.27825452168e-08     5.31427858515e-06     
4.21089899199         -5.49928383158e-11    2.55884453189e-06     -5.49928383158e-11    2.55884453189e-06     1.2796120849e-08      2.09925577113e-06     
4.39032059435         5.3186217918e-11      6.64306561218e-07     5.3186217918e-11      6.64306561218e-07     2.49329026642e-09     5.81518246535e-07     
4.56974219672         -3.21125821144e-13    9.91129291523e-08     -3.21125821144e-13    9.91129291523e-08     2.96764364682e-10     9.26265560556e-08     
4.74916379908         -8.55318494822e-15    2.45134202519e-11     -8.55318494822e-15    2.45134202519e-11     5.91759614385e-14     2.48446272255e-11     
4.92858540145         1.26646325589e-08     1.27152861048e-11     1.26646325589e-08     1.27152861048e-11     1.3539836314e-08      -6.14705689994e-10    
5.10800700381         1.14474931004e-08     2.29111702727e-11     1.14474931004e-08     2.29111702727e-11     1.28489715366e-08     -7.47420227586e-10    
5.28742860617         6.18735641001e-09     2.08348321711e-11     6.18735641001e-09     2.08348321711e-11     7.28172410012e-09     -5.10459711786e-10    
5.46685020854         2.59594367064e-09     1.33045576751e-11     2.59594367064e-09     1.33045576751e-11     3.20042760477e-09     -2.60177952479e-10    
5.6462718109          9.18316395404e-10     6.70163767347e-12     9.18316395404e-10     6.70163767347e-12     1.18531476813e-09     -1.08859811011e-10    
5.82569341326         2.84338293579e-10     2.817518647e-12       2.84338293579e-10     2.817518647e-12       3.84111818673e-10     -3.91075426429e-11    
6.00511501563         7.86363922019e-11     1.02109064311e-12     7.86363922019e-11     1.02109064311e-12     1.11165182217e-10     -1.23697046588e-11    
6.18453661799         1.96647071593e-11     3.2553813082e-13      1.96647071593e-11     3.2553813082e-13      2.90920819931e-11     -3.4989673291e-12     
6.36395822036         4.48240482214e-12     9.25623831955e-14     4.48240482214e-12     9.25623831955e-14     6.94110422324e-12     -8.94381169393e-13    
6.54337982272         9.36490390606e-13     2.37020847559e-14     9.36490390606e-13     2.37020847559e-14     1.51845581517e-12     -2.08107731515e-13    
6.72280142508         1.80051416609e-13     5.50512227881e-15     1.80051416609e-13     5.50512227881e-15     3.05835188309e-13     -4.43161561282e-14    
6.90222302745         3.19225362325e-14     1.16507795101e-15     3.19225362325e-14     1.16507795101e-15     5.68393495823e-14     -8.66403163773e-15    
7.08164462981         5.27777395949e-15     2.27641180316e-16     5.27777395949e-15     2.27641180316e-16     9.85798715434e-15     -1.57397653162e-15    
7.26106623217         8.42032793757e-16     4.25621360817e-17     8.42032793757e-16     4.25621360817e-17     1.65133082303e-15     -2.7515321959e-16     
7.44048783454         1.44401694276e-16     8.49359684196e-18     1.44401694276e-16     8.49359684196e-18     2.97636924714e-16     -5.15892231134e-17    
7.6199094369          1.86463781336e-17     1.26870075254e-18     1.86463781336e-17     1.26870075254e-18     4.0441095049e-17      -7.27110817728e-18    
7.79933103927         9.11368044401e-17     7.13751096266e-18     9.11368044401e-17     7.13751096266e-18     2.08260738469e-16     -3.87443249399e-17    
7.97875264163         2.06481110863e-17     1.85368539281e-18     2.06481110863e-17     1.85368539281e-18     4.97877805311e-17     -9.5627887885e-18     
8.15817424399         2.14817403403e-17     2.2033097653e-18      2.14817403403e-17     2.2033097653e-18      5.47474335667e-17     -1.08349522817e-17    
8.33759584636         2.21922184158e-17     2.59364351451e-18     2.21922184158e-17     2.59364351451e-18     5.98905218307e-17     -1.21913120366e-17    
8.51701744872         2.27717360319e-17     3.02655468255e-18     2.27717360319e-17     3.02655468255e-18     6.52119051137e-17     -1.36317363157e-17    
8.69643905108         2.32131470042e-17     3.50383427624e-18     2.32131470042e-17     3.50383427624e-18     7.07067700428e-17     -1.5156019539e-17     
8.87586065345         2.35099054066e-17     4.02719796163e-18     2.35099054066e-17     4.02719796163e-18     7.63706102021e-17     -1.67638959798e-17    
9.05528225581         2.36560090492e-17     4.59828810754e-18     2.36560090492e-17     4.59828810754e-18     8.21992067658e-17     -1.84550513406e-17    
9.23470385818         2.36459486557e-17     5.21867607669e-18     2.36459486557e-17     5.21867607669e-18     8.8188609887e-17      -2.02291325325e-17    
9.41412546054         2.34746621671e-17     5.88986468396e-18     2.34746621671e-17     5.88986468396e-18     9.43351210193e-17     -2.20857559303e-17    
9.5935470629          2.31374936485e-17     6.61329075793e-18     2.31374936485e-17     6.61329075793e-18     1.00635276335e-16     -2.4024514337e-17     
9.77296866527         2.26301563203e-17     7.39032775572e-18     2.26301563203e-17     7.39032775572e-18     1.07085831531e-16     -2.6044982851e-17     
9.95239026763         2.19486992822e-17     8.22228839174e-18     2.19486992822e-17     8.22228839174e-18     1.13683749072e-16     -2.81467238027e-17    
10.13181187           2.10894775424e-17     9.11042725027e-18     2.10894775424e-17     9.11042725027e-18     1.20426197676e-16     -3.0329290901e-17     
10.3112334724         2.00491250031e-17     1.00559433586e-17     2.00491250031e-17     1.00559433586e-17     1.27310495311e-16     -3.25923436083e-17    
10.4906550747         1.8824530091e-17      1.10599827034e-17     1.8824530091e-17      1.10599827034e-17     1.34334021285e-16     -3.49353491648e-17    
10.6700766771         1.74128137555e-17     1.21236406775e-17     1.74128137555e-17     1.21236406775e-17     1.4149445138e-16      -3.73578369323e-17    
10.8494982794         1.58113095846e-17     1.32479644482e-17     1.58113095846e-17     1.32479644482e-17     1.48789569816e-16     -3.98593558268e-17    
11.0289198818         1.40175458197e-17     1.443395524e-17       1.40175458197e-17     1.443395524e-17       1.56217289298e-16     -4.24394585731e-17    
11.2083414842         1.20292290711e-17     1.56825705301e-17     1.20292290711e-17     1.56825705301e-17     1.63775644631e-16     -4.5097703062e-17     
11.3877630865         9.84422955912e-18     1.69947261511e-17     9.84422955912e-18     1.69947261511e-17     1.7146278508e-16      -4.78336534521e-17    
11.5671846889         7.4605677243e-18      1.83712983046e-17     7.4605677243e-18      1.83712983046e-17     1.79276966901e-16     -5.06468810572e-17    
11.7466062913         4.87640206827e-18     1.9813125482e-17      4.87640206827e-18     1.9813125482e-17      1.87216546287e-16     -5.35369650494e-17    
11.9260278936         2.09001810041e-18     2.13210102971e-17     2.09001810041e-18     2.13210102971e-17     1.95279972784e-16     -5.65034930074e-17    
12.105449496          -9.00181719986e-19    2.2895721231e-17      -9.00181719986e-19    2.2895721231e-17      2.03465783162e-16     -5.95460613328e-17    
12.2848710984         -4.09568714482e-18    2.45379942911e-17     -4.09568714482e-18    2.45379942911e-17     2.11772595718e-16     -6.26642755554e-17    
12.4642927007         -7.49788848979e-18    2.62485345895e-17     -7.49788848979e-18    2.62485345895e-17     2.20199104997e-16     -6.58577505431e-17    
12.6437143031         -1.11080842573e-17    2.80280178404e-17     -1.11080842573e-17    2.80280178404e-17     2.28744076879e-16     -6.91261106345e-17    
12.8231359055         -1.49274881003e-17    2.98770917831e-17     -1.49274881003e-17    2.98770917831e-17     2.37406344027e-16     -7.2468989703e-17     
13.0025575078         -1.89572351896e-17    3.17963775311e-17     -1.89572351896e-17    3.17963775311e-17     2.46184801655e-16     -7.58860311664e-17    
13.1819791102         -2.31983880423e-17    3.37864708519e-17     -2.31983880423e-17    3.37864708519e-17     2.55078403599e-16     -7.93768879496e-17    
13.3614007125         -2.76519418604e-17    3.58479433815e-17     -2.76519418604e-17    3.58479433815e-17     2.64086158661e-16     -8.29412224083e-17    
13.5408223149         -3.23188294274e-17    3.79813437741e-17     -3.23188294274e-17    3.79813437741e-17     2.73207127222e-16     -8.65787062218e-17    
13.7202439173         -3.71999256006e-17    4.01871987939e-17     -3.71999256006e-17    4.01871987939e-17     2.82440418072e-16     -9.02890202594e-17    
13.8996655196         -4.22960514397e-17    4.24660143481e-17     -4.22960514397e-17    4.24660143481e-17     2.91785185484e-16     -9.40718544258e-17    
14.079087122          -4.7607978001e-17     4.48182764677e-17     -4.7607978001e-17     4.48182764677e-17     3.01240626464e-16     -9.79269074897e-17    
14.2585087244         -5.31364298302e-17    4.72444522356e-17     -5.31364298302e-17    4.72444522356e-17     3.10805978212e-16     -1.01853886899e-16    
14.4379303267         -5.8882088178e-17     4.97449906678e-17     -5.8882088178e-17     4.97449906678e-17     3.20480515741e-16     -1.05852508588e-16    
14.6173519291         -6.48455939656e-17    5.23203235478e-17     -6.48455939656e-17    5.23203235478e-17     3.30263549661e-16     -1.09922496773e-16    
14.7967735315         -7.10275505186e-17    5.49708662179e-17     -7.10275505186e-17    5.49708662179e-17     3.40154424114e-16     -1.14063583747e-16    
14.9761951338         -7.74285260929e-17    5.76970183298e-17     -7.74285260929e-17    5.76970183298e-17     3.50152514837e-16     -1.18275509666e-16    
15.1556167362         -8.40490562074e-17    6.04991645563e-17     -8.40490562074e-17    6.04991645563e-17     3.60257227367e-16     -1.22558022342e-16    
15.3350383385         -9.08896458015e-17    6.33776752664e-17     -9.08896458015e-17    6.33776752664e-17     3.70467995349e-16     -1.26910877025e-16    
15.5144599409         -9.79507712314e-17    6.63329071657e-17     -9.79507712314e-17    6.63329071657e-17     3.80784278964e-16     -1.31333836194e-16    
15.6938815433         -1.0523288212e-16     6.93652039043e-17     -1.0523288212e-16     6.93652039043e-17     3.91205563451e-16     -1.35826669343e-16    
15.8733031456         -1.12736403069e-16    7.24748966539e-17     -1.12736403069e-16    7.24748966539e-17     4.01731357729e-16     -1.40389152778e-16    
16.052724748          -1.20461735249e-16    7.56623046554e-17     -1.20461735249e-16    7.56623046554e-17     4.12361193102e-16     -1.45021069405e-16    
16.2321463504         -1.28409257877e-16    7.8927735739e-17      -1.28409257877e-16    7.8927735739e-17      4.23094622046e-16     -1.49722208533e-16    
16.4115679527         -1.36579329581e-16    8.22714868188e-17     -1.36579329581e-16    8.22714868188e-17     4.33931217078e-16     -1.54492365676e-16    
16.5909895551         -1.44972289679e-16    8.56938443616e-17     -1.44972289679e-16    8.56938443616e-17     4.44870569683e-16     -1.59331342355e-16    
16.7704111575         -1.53588459359e-16    8.91950848338e-17     -1.53588459359e-16    8.91950848338e-17     4.55912289317e-16     -1.64238945915e-16    
16.9498327598         -1.62428142783e-16    9.27754751252e-17     -1.62428142783e-16    9.27754751252e-17     4.67056002467e-16     -1.69214989333e-16    
17.1292543622         -1.71491628114e-16    9.64352729527e-17     -1.71491628114e-16    9.64352729527e-17     4.78301351769e-16     -1.74259291045e-16    
17.3086759645         -1.80779188471e-16    1.00174727244e-16     -1.80779188471e-16    1.00174727244e-16     4.89647995173e-16     -1.79371674768e-16    
17.4880975669         -1.90291082821e-16    1.03994078502e-16     -1.90291082821e-16    1.03994078502e-16     5.0109560517e-16      -1.84551969327e-16    
17.6675191693         -2.00027556811e-16    1.07893559154e-16     -2.00027556811e-16    1.07893559154e-16     5.1264386805e-16      -1.89800008497e-16    
17.8469407716         -2.09988843546e-16    1.11873393881e-16     -2.09988843546e-16    1.11873393881e-16     5.24292483216e-16     -1.95115630837e-16    
18.026362374          -2.20175164311e-16    1.15933799934e-16     -2.20175164311e-16    1.15933799934e-16     5.3604116253e-16      -2.00498679536e-16    
18.2057839764         -2.30586729255e-16    1.20074987432e-16     -2.30586729255e-16    1.20074987432e-16     5.47889629702e-16     -2.05949002263e-16    
18.3852055787         -2.41223738018e-16    1.24297159652e-16     -2.41223738018e-16    1.24297159652e-16     5.59837619711e-16     -2.11466451023e-16    
18.5646271811         -2.5208638033e-16     1.28600513297e-16     -2.5208638033e-16     1.28600513297e-16     5.71884878258e-16     -2.17050882013e-16    
18.7440487835         -2.63174836566e-16    1.32985238761e-16     -2.63174836566e-16    1.32985238761e-16     5.84031161259e-16     -2.22702155487e-16    
18.9234703858         -2.74489278263e-16    1.37451520371e-16     -2.74489278263e-16    1.37451520371e-16     5.96276234357e-16     -2.28420135627e-16    
19.1028919882         -2.8602986861e-16     1.41999536631e-16     -2.8602986861e-16     1.41999536631e-16     6.08619872466e-16     -2.34204690409e-16    
19.2823135905         -2.97796762907e-16    1.4662946044e-16      -2.97796762907e-16    1.4662946044e-16      6.21061859348e-16     -2.40055691485e-16    
19.4617351929         -3.0979010899e-16     1.51341459313e-16     -3.0979010899e-16     1.51341459313e-16     6.33601987208e-16     -2.45973014066e-16    
19.6411567953         -3.22010047639e-16    1.56135695584e-16     -3.22010047639e-16    1.56135695584e-16     6.46240056324e-16     -2.51956536798e-16    
19.8205783976         -3.34456712952e-16    1.61012326606e-16     -3.34456712952e-16    1.61012326606e-16     6.589758747e-16       -2.58006141661e-16    
20                    0                     0                     0                     0                     0                     0                     
