0.0779191396          0                     0                     0                     0                     0                     0                     
0.0876516655326       0.533373874385        -0.140826763485       0.533373874385        -0.140826763485       0.115904874336        -0.0389370447332      
0.0973841914651       2.18772505273         -1.03551520529        2.18772505273         -1.03551520529        0.458814705368        -0.305773852119       
0.107116717398        3.90752325906         -2.41473915763        3.90752325906         -2.41473915763        0.767021346493        -0.730572566442       
0.11684924333         5.23262972073         -3.77502962894        5.23262972073         -3.77502962894        0.955893759126        -1.15704276101        
0.126581769263        6.11213960407         -4.89925006061        6.11213960407         -4.89925006061        1.03906914043         -1.51397379333        
0.136314295195        6.61536613587         -5.74066180094        6.61536613587         -5.74066180094        1.04771704087         -1.78408453542        
0.146046821128        6.83370857739         -6.32214205036        6.83370857739         -6.32214205036        1.00941698918         -1.97288079812        
0.15577934706         6.84834385333         -6.68750979381        6.84834385333         -6.68750979381        0.94422149007         -2.09330351972        
0.165511872993        6.72290367953         -6.88377520972        6.72290367953         -6.88377520972        0.865436403498        -2.15975330424        
0.175244398926        6.50442791894         -6.95097146038        6.50442791894         -6.95097146038        0.781507245432        -2.18472083462        
0.184976924858        6.22732009673         -6.92222173868        6.22732009673         -6.92222173868        0.697639220798        -2.17868783215        
0.194709450791        5.91645976579         -6.82341518507        5.91645976579         -6.82341518507        0.617022476714        -2.14987769095        
0.204441976723        5.58928898141         -6.67485174175        5.58928898141         -6.67485174175        0.541374424128        -2.10477363441        
0.214174502656        5.25775034369         -6.49198956276        5.25775034369         -6.49198956276        0.47152412577         -2.04836605038        
0.223907028588        4.92986200209         -6.28646826712        4.92986200209         -6.28646826712        0.407718878319        -1.98441685549        
0.233639554521        4.61090592945         -6.06716264891        4.61090592945         -6.06716264891        0.349846135021        -1.91580355752        
0.243372080453        4.30401890949         -5.84023904892        4.30401890949         -5.84023904892        0.297585839699        -1.84454611202        
0.253104606386        4.01171876958         -5.61084045325        4.01171876958         -5.61084045325        0.250670491265        -1.77233161621        
0.262837132319        3.73445795358         -5.38208766916        3.73445795358         -5.38208766916        0.208536865483        -1.70017786756        
0.272569658251        3.47311730898         -5.15643065047        3.47311730898         -5.15643065047        0.170874068081        -1.62889918302        
0.282302184184        3.22743369766         -4.93586318346        3.22743369766         -4.93586318346        0.137214039451        -1.55916342515        
0.292034710116        2.99712341102         -4.72146688394        2.99712341102         -4.72146688394        0.107185813544        -1.49132385112        
0.301767236049        2.78156959295         -4.51427732989        2.78156959295         -4.51427732989        0.0803932528399       -1.42573571073        
0.311499761981        2.58031440354         -4.31444244903        2.58031440354         -4.31444244903        0.056554917486        -1.36243472784        
0.321232287914        2.39176712782         -4.12224765905        2.39176712782         -4.12224765905        0.0351622406333       -1.30156269535        
0.330964813847        2.21625490181         -3.93771039279        2.21625490181         -3.93771039279        0.016218706241        -1.24310121474        
0.340697339779        2.0530412782          -3.76104185046        2.0530412782          -3.76104185046        -0.000522909096452    -1.18713626914        
0.350429865712        1.90089265019         -3.59218300954        1.90089265019         -3.59218300954        -0.0153967971144      -1.13363946216        
0.360162391644        1.7592053436          -3.43088600711        1.7592053436          -3.43088600711        -0.0285702054099      -1.08254480951        
0.369894917577        1.62729404296         -3.27691588109        1.62729404296         -3.27691588109        -0.0402117651269      -1.03378191963        
0.379627443509        1.50447088418         -3.1300617611         1.50447088418         -3.1300617611         -0.0504910590896      -0.987282736021       
0.389359969442        1.39001935274         -2.99000435872        1.39001935274         -2.99000435872        -0.0595743767545      -0.942950827927       
0.399092495374        1.28336299085         -2.85643992376        1.28336299085         -2.85643992376        -0.067583657741       -0.900681623129       
0.408825021307        1.18372312748         -2.72904722312        1.18372312748         -2.72904722312        -0.0746861809308      -0.860384622191       
0.41855754724         1.0909899414          -2.60738071837        1.0909899414          -2.60738071837        -0.0808790629861      -0.821913805525       
0.428290073172        1.00470296952         -2.49133306519        1.00470296952         -2.49133306519        -0.086247529099       -0.785233388144       
0.438022599105        0.924427633201        -2.38048660023        0.924427633201        -2.38048660023        -0.0908513066335      -0.750206768195       
0.447755125037        0.849495585263        -2.27505465149        0.849495585263        -2.27505465149        -0.0948587480744      -0.716899218628       
0.45748765097         0.779717927685        -2.17435773883        0.779717927685        -2.17435773883        -0.0982573346082      -0.685104766253       
0.467220176902        0.714731866034        -2.07844401467        0.714731866034        -2.07844401467        -0.101125945998       -0.65483045707        
0.476952702835        0.654100903502        -1.98667654676        0.654100903502        -1.98667654676        -0.1035334959         -0.625882799703       
0.486685228767        0.597379747678        -1.89908197342        0.597379747678        -1.89908197342        -0.105567364649       -0.598263335159       
0.4964177547          0.544619567663        -1.81539715322        0.544619567663        -1.81539715322        -0.107185082299       -0.571884691609       
0.506150280633        0.495593396083        -1.73561133277        0.495593396083        -1.73561133277        -0.108401773728       -0.546761523174       
0.515882806565        0.449599824047        -1.65903317877        0.449599824047        -1.65903317877        -0.109400165418       -0.522627142532       
0.525615332498        0.406889838845        -1.58602265185        0.406889838845        -1.58602265185        -0.110061560258       -0.499640941166       
0.53534785843         0.367035965984        -1.51620075267        0.367035965984        -1.51620075267        -0.110480052808       -0.477667056104       
0.545080384363        0.329779134281        -1.44936839307        0.329779134281        -1.44936839307        -0.110693299404       -0.45664770538        
0.554812910295        0.295140460613        -1.38539193582        0.295140460613        -1.38539193582        -0.110676884725       -0.436530882997       
0.564545436228        0.262941164965        -1.32426143705        0.262941164965        -1.32426143705        -0.110470635751       -0.417315264787       
0.57427796216         0.232872969056        -1.26551629022        0.232872969056        -1.26551629022        -0.110075164263       -0.398856005805       
0.584010488093        0.204940203935        -1.20939350099        0.204940203935        -1.20939350099        -0.10952848046        -0.381227800361       
0.593743014026        0.178862054685        -1.15560388731        0.178862054685        -1.15560388731        -0.108865531231       -0.364339436519       
0.603475539958        0.154629345854        -1.10404656298        0.154629345854        -1.10404656298        -0.108067960533       -0.348155965078       
0.613208065891        0.13213024095         -1.05461003365        0.13213024095         -1.05461003365        -0.107150394304       -0.332643154243       
0.622940591823        0.111279541302        -1.00726008357        0.111279541302        -1.00726008357        -0.106119604396       -0.317787219662       
0.632673117756        0.0918587532167       -0.961831141059       0.0918587532167       -0.961831141059       -0.105012068163       -0.303540425249       
0.642405643688        0.073856375673        -0.918232605499       0.073856375673        -0.918232605499       -0.103818509826       -0.289870661668       
0.652138169621        0.0571872351617       -0.876399632139       0.0571872351617       -0.876399632139       -0.102547161709       -0.276757125094       
0.661870695553        0.0417638911179       -0.836273124734       0.0417638911179       -0.836273124734       -0.101208221246       -0.264181509835       
0.671603221486        0.0275064582041       -0.79770149808        0.0275064582041       -0.79770149808        -0.099805774921       -0.252095600941       
0.681335747419        0.0143511860592       -0.760728841528       0.0143511860592       -0.760728841528       -0.0983510774917      -0.240512316536       
0.691068273351        0.00222676638901      -0.725208260431       0.00222676638901      -0.725208260431       -0.0968462509138      -0.229385769315       
0.700800799284        -0.00892589916152     -0.691140641109       -0.00892589916152     -0.691140641109       -0.0953069667843      -0.218715013291       
0.710533325216        -0.0191532531887      -0.658297050491       -0.0191532531887      -0.658297050491       -0.0937081547778      -0.208428556693       
0.720265851149        -0.0285181326299      -0.626811835719       -0.0285181326299      -0.626811835719       -0.0920833994955      -0.198568184304       
0.729998377081        -0.0370727688413      -0.596558466219       -0.0370727688413      -0.596558466219       -0.0904280276868      -0.189093888794       
0.739730903014        -0.044854440885       -0.567489038733       -0.044854440885       -0.567489038733       -0.088742893963       -0.179990609263       
0.749463428947        -0.0519186898026      -0.539585243466       -0.0519186898026      -0.539585243466       -0.0870392942044      -0.171251728375       
0.759195954879        -0.0582894379562      -0.512689451922       -0.0582894379562      -0.512689451922       -0.0853025390435      -0.162827844502       
0.768928480812        -0.064044813631       -0.486914733875       -0.064044813631       -0.486914733875       -0.0835610533893      -0.15475411856        
0.778661006744        -0.0691788426304      -0.462113269543       -0.0691788426304      -0.462113269543       -0.0817965526276      -0.146984439607       
0.788393532677        -0.0737421974639      -0.438279540691       -0.0737421974639      -0.438279540691       -0.0800199817496      -0.139516734784       
0.798126058609        -0.0777699943508      -0.415383913758       -0.0777699943508      -0.415383913758       -0.078234099369       -0.132341088884       
0.807858584542        -0.081282215027       -0.393355642276       -0.081282215027       -0.393355642276       -0.0764333789511      -0.125435272444       
0.817591110474        -0.08431756867        -0.372189174667       -0.08431756867        -0.372189174667       -0.0746264303965      -0.118797784379       
0.827323636407        -0.0868907981386      -0.351858226719       -0.0868907981386      -0.351858226719       -0.0728117422054      -0.112420679628       
0.83705616234         -0.0890381992624      -0.332310660435       -0.0890381992624      -0.332310660435       -0.0709919456963      -0.106285996176       
0.846788688272        -0.0907778799213      -0.313518375703       -0.0907778799213      -0.313518375703       -0.0691659801153      -0.100385740862       
0.856521214205        -0.092132407108       -0.295477898569       -0.092132407108       -0.295477898569       -0.0673382978173      -0.0947189965226      
0.866253740137        -0.0931214011838      -0.278141444425       -0.0931214011838      -0.278141444425       -0.0655067175498      -0.0892702619915      
0.87598626607         -0.0937599077939      -0.261496395137       -0.0937599077939      -0.261496395137       -0.0636720462343      -0.0840356799219      
0.885718792002        -0.0940697607706      -0.245509867203       -0.0940697607706      -0.245509867203       -0.061835099039       -0.0790049504032      
0.895451317935        -0.0940675043462      -0.230168262797       -0.0940675043462      -0.230168262797       -0.0599971019525      -0.0741734685057      
0.905183843867        -0.0937708661747      -0.215449321841       -0.0937708661747      -0.215449321841       -0.0581580246122      -0.0695343625317      
0.9149163698          -0.093189440556       -0.201327356161       -0.093189440556       -0.201327356161       -0.0563166958111      -0.0650796144439      
0.924648895733        -0.0923386350335      -0.187791398607       -0.0923386350335      -0.187791398607       -0.0544739314945      -0.0608056691658      
0.934381421665        -0.0912341240616      -0.174819685548       -0.0912341240616      -0.174819685548       -0.0526305177224      -0.0567055934064      
0.944113947598        -0.0898895393513      -0.162406486926       -0.0898895393513      -0.162406486926       -0.050787093983       -0.052777447927       
0.95384647353         -0.0883030736152      -0.150505632635       -0.0883030736152      -0.150505632635       -0.0489375773445      -0.0490069429241      
0.963578999463        -0.0864926456749      -0.139127012651       -0.0864926456749      -0.139127012651       -0.0470844511125      -0.0453970834288      
0.973311525395        -0.084454942736       -0.128234118282       -0.084454942736       -0.128234118282       -0.0452207062534      -0.0419360683863      
0.983044051328        -0.08211849763        -0.11770409792        -0.08211849763        -0.11770409792        -0.0433035562024      -0.0385836225381      
0.99277657726         -0.0794114444314      -0.107437359469       -0.0794114444314      -0.107437359469       -0.0412921988201      -0.0353069311724      
1.00250910319         -0.0766009976146      -0.0977960740244      -0.0766009976146      -0.0977960740244      -0.0393223484212      -0.0322249603135      
1.01224162913         -0.0736806182201      -0.0887350214974      -0.0736806182201      -0.0887350214974      -0.0373840654083      -0.0293232020564      
1.02197415506         -0.0706578319009      -0.0802285192009      -0.0706578319009      -0.0802285192009      -0.0354745850656      -0.0265934561345      
1.03170668099         -0.0675468916968      -0.0722611893154      -0.0675468916968      -0.0722611893154      -0.0335948598999      -0.0240310963719      
1.04143920692         -0.06435790702        -0.0648210187543      -0.06435790702        -0.0648210187543      -0.031744678878       -0.0216326733691      
1.05117173286         -0.0610950365903      -0.0578790311908      -0.0610950365903      -0.0578790311908      -0.0299200454558      -0.0193887236347      
1.06090425879         -0.0577819565625      -0.0514401685033      -0.0577819565625      -0.0514401685033      -0.0281271829342      -0.0173014726912      
1.07063678472         -0.0544281377309      -0.0454855894863      -0.0544281377309      -0.0454855894863      -0.0263650329044      -0.0153650395246      
1.08036931065         -0.051051198173       -0.0400069223887      -0.051051198173       -0.0400069223887      -0.0246365621867      -0.0135771605332      
1.09010183659         -0.0476694321906      -0.0349940463532      -0.0476694321906      -0.0349940463532      -0.0229447980582      -0.0119349911896      
1.09983436252         -0.0443070776586      -0.0304382715816      -0.0443070776586      -0.0304382715816      -0.0212955220684      -0.0104362985936      
1.10956688845         -0.0409800822441      -0.0263227208107      -0.0409800822441      -0.0263227208107      -0.019690476969       -0.00907619955965     
1.11929941438         -0.0377166482453      -0.0226358933105      -0.0377166482453      -0.0226358933105      -0.0181372247         -0.00785160991331     
1.12903194032         -0.0345372761028      -0.0193574251108      -0.0345372761028      -0.0193574251108      -0.0166399556576      -0.00675676119349     
1.13876446625         -0.0314674258505      -0.0164664975578      -0.0314674258505      -0.0164664975578      -0.015205312898       -0.00578560552749     
1.14849699218         -0.0285236370036      -0.0139357293451      -0.0285236370036      -0.0139357293451      -0.0138363417754      -0.00493004714027     
1.15822951811         -0.025729479802       -0.0117394530604      -0.025729479802       -0.0117394530604      -0.0125401460571      -0.00418259133134     
1.16796204405         -0.0230963695535      -0.00984574316247     -0.0230963695535      -0.00984574316247     -0.0113188328401      -0.00353353951374     
1.17769456998         -0.0206334397587      -0.00822292452989     -0.0206334397587      -0.00822292452989     -0.0101742455031      -0.00297319248034     
1.18742709591         -0.0183422247371      -0.00683740255599     -0.0183422247371      -0.00683740255599     -0.00910531391036     -0.00249099265394     
1.19715962184         -0.0162350286032      -0.00566707819782     -0.0162350286032      -0.00566707819782     -0.00811749572344     -0.00208060852739     
1.20689214778         -0.0142972669899      -0.00467604044494     -0.0142972669899      -0.00467604044494     -0.00720296346713     -0.00173016909582     
1.21662467371         -0.012528459886       -0.00384196467146     -0.012528459886       -0.00384196467146     -0.00636182490537     -0.00143276033856     
1.22635719964         -0.0109208907399      -0.0031420930725      -0.0109208907399      -0.0031420930725      -0.00559084910907     -0.00118106890744     
1.23608972557         -0.00946593010039     -0.0025565989669      -0.00946593010039     -0.0025565989669      -0.00488658947774     -0.000968675908515    
1.24582225151         -0.00815412014333     -0.00206819222032     -0.00815412014333     -0.00206819222032     -0.00424532629592     -0.000789930060547    
1.25555477744         -0.00697656782508     -0.00166221532328     -0.00697656782508     -0.00166221532328     -0.00366370591891     -0.000640013463209    
1.26528730337         -0.00592288705773     -0.00132572851751     -0.00592288705773     -0.00132572851751     -0.0031376031437      -0.000514615681058    
1.2750198293          -0.00498420589071     -0.0010479978076      -0.00498420589071     -0.0010479978076      -0.00266365183592     -0.000410147649682    
1.28475235524         -0.00415186555579     -0.000819837148424    -0.00415186555579     -0.000819837148424    -0.00223854166668     -0.000323508259135    
1.29448488117         -0.003415994173       -0.000633116109051    -0.003415994173       -0.000633116109051    -0.00185822033247     -0.000251910841238    
1.3042174071          -0.00277004327301     -0.00048144578282     -0.00277004327301     -0.00048144578282     -0.00152033316901     -0.000193172527529    
1.31394993303         -0.00220609251324     -0.000359065143702    -0.00220609251324     -0.000359065143702    -0.00122168807443     -0.000145289026041    
1.32368245897         -0.00171752641764     -0.000261200534398    -0.00171752641764     -0.000261200534398    -0.000959706232846    -0.000106589425817    
1.3334149849          -0.0012981328389      -0.000183772387787    -0.0012981328389      -0.000183772387787    -0.000731935948847    -7.56309228292e-05    
1.3344149849          -0.00125879278463     -0.000176840579891    -0.00125879278463     -0.000176840579891    -0.000710415835879    -7.2841232422e-05     
1.3514149849          -0.000686998352353    -8.3178901139e-05     -0.000686998352353    -8.3178901139e-05     -0.000394001073289    -3.47530328218e-05    
1.3684149849          -0.000285665721312    -2.61707121545e-05    -0.000285665721312    -2.61707121545e-05    -0.000166776059847    -1.10309264525e-05    
1.3854149849          -4.41937939739e-05    5.04497688947e-06     -4.41937939739e-05    5.04497688947e-06     -2.7016315018e-05     2.33017202904e-06     
1.4024149849          6.30401179209e-06     6.84228908018e-05     6.30401179209e-06     6.84228908018e-05     3.9159834594e-06      4.35392197253e-05     
1.4194149849          7.36017298032e-06     0.000244379076538     7.36017298032e-06     0.000244379076538     4.0588881278e-06      0.000151713297332     
1.4364149849          6.61304113966e-06     0.000449849522765     6.61304113966e-06     0.000449849522765     3.67228549943e-06     0.000282840079205     
1.4534149849          5.00561123446e-06     0.000659162511079     5.00561123446e-06     0.000659162511079     3.03382881547e-06     0.000420936948932     
1.4544149849          4.89741969207e-06     0.000671300303822     4.89741969207e-06     0.000671300303822     2.99242148582e-06     0.000429085705759     
1.4623220141          4.01603247107e-06     0.000766053231662     4.01603247107e-06     0.000766053231662     2.65838505299e-06     0.000493249598511     
1.47022904331         3.11240196857e-06     0.000858074051908     3.11240196857e-06     0.000858074051908     2.31970877225e-06     0.000556539258318     
1.47813607251         2.21534457757e-06     0.000946991609863     2.21534457757e-06     0.000946991609863     1.98551130683e-06     0.000618662872677     
1.48604310172         1.3459079765e-06      0.00103218239851      1.3459079765e-06      0.00103218239851      1.66192757674e-06     0.000679158718205     
1.49395013092         5.20883037603e-07     0.00111348054063      5.20883037603e-07     0.00111348054063      1.35429936797e-06     0.000737859269113     
1.50185716013         -2.47726686485e-07    0.00119056221126      -2.47726686485e-07    0.00119056221126      1.06617897746e-06     0.00079449022926      
1.50976418933         -9.51362427546e-07    0.0012633506888       -9.51362427546e-07    0.0012633506888       8.00250152126e-07     0.000848939046193     
1.51767121853         -1.58439192014e-06    0.00133168164655      -1.58439192014e-06    0.00133168164655      5.58147106614e-07     0.000901033792623     
1.52557824774         -2.14361248162e-06    0.00139552368389      -2.14361248162e-06    0.00139552368389      3.40831831562e-07     0.000950691007015     
1.53348527694         -2.62777712285e-06    0.00145486150113      -2.62777712285e-06    0.00145486150113      1.4863678611e-07      0.000997838426185     
1.54139230615         -3.03719920122e-06    0.00150970167835      -3.03719920122e-06    0.00150970167835      -1.85970917182e-08    0.00104241928715      
1.54929933535         -3.37333763956e-06    0.00156002670826      -3.37333763956e-06    0.00156002670826      -1.61412717879e-07    0.0010843607612       
1.55720636456         -3.63885196695e-06    0.00160593885485      -3.63885196695e-06    0.00160593885485      -2.80665723023e-07    0.00112367376331      
1.56511339376         -3.83685550513e-06    0.00164741087844      -3.83685550513e-06    0.00164741087844      -3.77433092327e-07    0.00116028008354      
1.57302042297         -3.97167441174e-06    0.0016847037402       -3.97167441174e-06    0.0016847037402       -4.53029204366e-07    0.00119430554874      
1.58092745217         -4.04725731886e-06    0.00171774148443      -4.04725731886e-06    0.00171774148443      -5.08823895296e-07    0.00122564046223      
1.58883448137         -4.06843184667e-06    0.00174670718134      -4.06843184667e-06    0.00174670718134      -5.46337974905e-07    0.00125435977512      
1.59674151058         -4.04000855678e-06    0.00177170712224      -4.04000855678e-06    0.00177170712224      -5.67127177023e-07    0.00128048627371      
1.60464853978         -3.96695186359e-06    0.0017928832333       -3.96695186359e-06    0.0017928832333       -5.72782558001e-07    0.00130407051832      
1.61255556899         -3.85408446513e-06    0.00181031329542      -3.85408446513e-06    0.00181031329542      -5.64875629171e-07    0.0013251186362       
1.62046259819         -3.70618404044e-06    0.00182407438628      -3.70618404044e-06    0.00182407438628      -5.44960728762e-07    0.00134363752565      
1.6283696274          -3.52830720809e-06    0.00183443455314      -3.52830720809e-06    0.00183443455314      -5.1461481083e-07     0.00135977690234      
1.6362766566          -3.32461473579e-06    0.00184128338217      -3.32461473579e-06    0.00184128338217      -4.75258409294e-07    0.00137340897281      
1.6441836858          -3.10037514761e-06    0.00184520785828      -3.10037514761e-06    0.00184520785828      -4.28439631483e-07    0.00138492705853      
1.65209071501         -2.85914873912e-06    0.00184597903087      -2.85914873912e-06    0.00184597903087      -3.75423845894e-07    0.00139411900189      
1.65999774421         -2.60512260037e-06    0.00184384170609      -2.60512260037e-06    0.00184384170609      -3.17525261217e-07    0.00140112816341      
1.66790477342         -2.34200519509e-06    0.00183890178395      -2.34200519509e-06    0.00183890178395      -2.55948072252e-07    0.00140599599432      
1.67581180262         -2.07352118788e-06    0.00183149076725      -2.07352118788e-06    0.00183149076725      -1.91842558119e-07    0.00140893921828      
1.68371883183         -1.80279827585e-06    0.00182171660554      -1.80279827585e-06    0.00182171660554      -1.26231639098e-07    0.00141000754629      
1.69162586103         -1.53537301682e-06    0.00181282746176      -1.53537301682e-06    0.00181282746176      -6.01608593627e-08    0.00141169784038      
1.69953289023         -1.27696478479e-06    0.00181121385654      -1.27696478479e-06    0.00181121385654      5.87314307316e-09     0.0014190302238       
1.70743991944         -1.01984090605e-06    0.00180607859525      -1.01984090605e-06    0.00180607859525      7.16883931802e-08     0.00142359865487      
1.71534694864         -7.66958990851e-07    0.00179781696043      -7.66958990851e-07    0.00179781696043      1.36435043659e-07     0.00142566723568      
1.72325397785         -5.2083621995e-07     0.00178664663111      -5.2083621995e-07     0.00178664663111      1.99354034451e-07     0.00142536557912      
1.73116100705         -2.83689576242e-07    0.00177272647136      -2.83689576242e-07    0.00177272647136      2.5976382549e-07      0.0014227799132       
1.73906803626         -5.74750263176e-08    0.00175619116014      -5.74750263176e-08    0.00175619116014      3.17057235673e-07     0.00141797966652      
1.74697506546         1.5609692128e-07      0.00173716404679      1.5609692128e-07      0.00173716404679      3.70700104121e-07     0.00141102734935      
1.75488209467         3.55551760151e-07     0.00171576261174      3.55551760151e-07     0.00171576261174      4.20229968347e-07     0.0014019827488       
1.76278912387         5.39645132381e-07     0.00169210118754      5.39645132381e-07     0.00169210118754      4.65255097529e-07     0.00139090500582      
1.77069615307         7.07357573315e-07     0.00166629244419      7.07357573315e-07     0.00166629244419      5.05453353345e-07     0.00137785379303      
1.77860318228         8.57887069508e-07     0.00163844804775      8.57887069508e-07     0.00163844804775      5.40570176443e-07     0.00136288985271      
1.78651021148         9.9064202737e-07      0.00160867904441      9.9064202737e-07      0.00160867904441      5.70416594736e-07     0.00134607529766      
1.79441724069         1.10523482069e-06     0.00157709613876      1.10523482069e-06     0.00157709613876      5.94867349928e-07     0.00132747383355      
1.80232426989         1.20147306059e-06     0.00154380968536      1.20147306059e-06     0.00154380968536      6.1385826776e-07      0.00130715074764      
1.8102312991          1.27934991244e-06     0.00150892970137      1.27934991244e-06     0.00150892970137      6.27383301804e-07     0.00128517294985      
1.8181383283          1.33903512532e-06     0.00147256591607      1.33903512532e-06     0.00147256591607      6.35491781132e-07     0.00126160902328      
1.8260453575          1.38086472833e-06     0.00143482766433      1.38086472833e-06     0.00143482766433      6.38285225237e-07     0.00123652913438      
1.83395238671         1.40533043424e-06     0.00139582375694      1.40533043424e-06     0.00139582375694      6.35914056508e-07     0.00121000491906      
1.84185941591         1.41306962611e-06     0.00135566251156      1.41306962611e-06     0.00135566251156      6.28574488188e-07     0.00118210952295      
1.84976644512         1.40485324986e-06     0.00131445164056      1.40485324986e-06     0.00131445164056      6.16504747221e-07     0.00115291751612      
1.85767347432         1.38157380274e-06     0.00127229809341      1.38157380274e-06     0.00127229809341      5.99981322019e-07     0.00112250475118      
1.86558050353         1.34423442761e-06     0.00122930808648      1.34423442761e-06     0.00122930808648      5.79315554165e-07     0.00109094839864      
1.87348753273         1.29393707513e-06     0.00118558701187      1.29393707513e-06     0.00118558701187      5.5484993324e-07      0.00105832686066      
1.88139456193         1.23187002388e-06     0.00114123930817      1.23187002388e-06     0.00114123930817      5.26954186878e-07     0.00102471965294      
1.88930159114         1.15929623368e-06     0.00109636849385      1.15929623368e-06     0.00109636849385      4.96021630558e-07     0.000990207441423     
1.89720862034         1.07754099002e-06     0.00105107711009      1.07754099002e-06     0.00105107711009      4.62465292242e-07     0.000954871990229     
1.90511564955         9.87979576782e-07     0.00100546660438      9.87979576782e-07     0.00100546660438      4.26714043874e-07     0.000918796040864     
1.91302267875         8.92025529998e-07     0.000959637401268     8.92025529998e-07     0.000959637401268     3.89208914877e-07     0.000882063385198     
1.92092970796         7.91118571586e-07     0.000913688875175     7.91118571586e-07     0.000913688875175     3.50399303476e-07     0.000844758834898     
1.92883673716         6.86712401431e-07     0.000867719295447     6.86712401431e-07     0.000867719295447     3.10739142305e-07     0.000806968159531     
1.93674376637         5.80262968729e-07     0.000821825918187     5.80262968729e-07     0.000821825918187     2.70683214552e-07     0.000768778179247     
1.94465079557         4.7321643449e-07      0.000776105005367     4.7321643449e-07      0.000776105005367     2.3068337269e-07      0.00073027678123      
1.95255782477         3.66997587501e-07     0.000730651836685     3.66997587501e-07     0.000730651836685     1.91184898843e-07     0.000691552919159     
1.96046485398         2.62997892704e-07     0.000685560847532     2.62997892704e-07     0.000685560847532     1.5262275082e-07      0.00065269675953      
1.96837188318         1.62563876999e-07     0.000640925715119     1.62563876999e-07     0.000640925715119     1.15417914209e-07     0.000613799763992     
1.97627891239         6.69855625268e-08     0.00059683946572      6.69855625268e-08     0.00059683946572      7.99737702534e-08     0.000574954792922     
1.98418594159         -2.25156203428e-08    0.000553394695734     -2.25156203428e-08    0.000553394695734     4.66723019988e-08     0.000536256344128     
1.9920929708          -1.04798572794e-07    0.000510683771378     -1.04798572794e-07    0.000510683771378     1.58704110393e-08     0.000497800759621     
2                     -1.78814511498e-07    0.000468799083111     -1.78814511498e-07    0.000468799083111     -1.21038392234e-08    0.000459686494894     
2.001                 -1.87537523094e-07    0.000463565470352     -1.87537523094e-07    0.000463565470352     -1.54250229262e-08    0.00045489557508      
2.18280808081         0.000117553446601     9.26613116013e-07     0.000117553446601     9.26613116013e-07     0.000133189570355     -1.19734545807e-06    
2.36461616162         0.000960970546525     2.14525695383e-05     0.000960970546525     2.14525695383e-05     0.00123167254895      -3.64024624631e-05    
2.54642424242         0.00178395004639      7.90871512747e-05     0.00178395004639      7.90871512747e-05     0.00256635377548      -0.00011735893208     
2.72823232323         0.00220824302712      0.000164716371182     0.00220824302712      0.000164716371182     0.0035526118981       -0.000209317721898    
2.91004040404         0.00217711857711      0.000248156010688     0.00217711857711      0.000248156010688     0.00391084668482      -0.00027276364476     
3.09184848485         0.00182246999502      0.000298305836477     0.00182246999502      0.000298305836477     0.00365491438793      -0.000287742432337    
3.27365656566         0.00133495059325      0.000300700687665     0.00133495059325      0.000300700687665     0.0029921449082       -0.000257683246801    
3.45546464646         0.000869960088067     0.000261674209057     0.000869960088067     0.000261674209057     0.00218392673855      -0.000201546672778    
3.63727272727         0.000509535365791     0.000200306329609     0.000509535365791     0.000200306329609     0.00143720953165      -0.000139945802188    
3.81908080808         0.000270004929311     0.000136646707912     0.000270004929311     0.000136646707912     0.000859462309364     -8.72856447972e-05    
4.00088888889         0.000130015644507     8.38698154667e-05     0.000130015644507     8.38698154667e-05     0.000469729660888     -4.93304758594e-05    
4.1826969697          5.70454851755e-05     4.66468601806e-05     5.70454851755e-05     4.66468601806e-05     0.000235642698216     -2.5413993498e-05     
4.36450505051         2.2834731464e-05      2.3639282154e-05      2.2834731464e-05      2.3639282154e-05      0.000108868800756     -1.19906393007e-05    
4.54631313131         8.33765775056e-06     1.09622012423e-05     8.33765775056e-06     1.09622012423e-05     4.64437288703e-05     -5.20007837349e-06    
4.72812121212         2.77185658646e-06     4.66741862786e-06     2.77185658646e-06     4.66741862786e-06     1.83321288068e-05     -2.07880281433e-06    
4.90992929293         8.35606100073e-07     1.82953442904e-06     8.35606100073e-07     1.82953442904e-06     6.70607139733e-06     -7.67782240744e-07    
5.09173737374         2.26670845249e-07     6.61661162092e-07     2.26670845249e-07     6.61661162092e-07     2.27643490076e-06     -2.62488566293e-07    
5.27354545455         5.45347760719e-08     2.21175818917e-07     5.45347760719e-08     2.21175818917e-07     7.17854284673e-07     -8.31796127342e-08    
5.45535353535         1.12964767466e-08     6.84368451831e-08     1.12964767466e-08     6.84368451831e-08     2.10472319532e-07     -2.44614789603e-08    
5.63716161616         1.87035574e-09        1.96260102322e-08     1.87035574e-09        1.96260102322e-08     5.7418421721e-08      -6.68259103251e-09    
5.81896969697         1.83469311632e-10     5.22180011564e-09     1.83469311632e-10     5.22180011564e-09     1.45839502464e-08     -1.69734774294e-09    
6.00077777778         -2.20658311844e-11    1.29016220791e-09     -2.20658311844e-11    1.29016220791e-09     3.45061869956e-09     -4.01118099202e-10    
6.18258585859         -1.8585920042e-11     2.96237147996e-10     -1.8585920042e-11     2.96237147996e-10     7.60877274872e-10     -8.82502365637e-11    
6.36439393939         -6.50483962483e-12    6.32552773288e-11     -6.50483962483e-12    6.32552773288e-11     1.56422800278e-10     -1.80855606039e-11    
6.5462020202          -1.73744209084e-12    1.25680503213e-11     -1.73744209084e-12    1.25680503213e-11     2.99917307671e-11     -3.45397004054e-12    
6.72801010101         -3.94453668021e-13    2.3249529298e-12      -3.94453668021e-13    2.3249529298e-12      5.36524463753e-12     -6.15019437116e-13    
6.90981818182         -7.92831958573e-14    4.01106096521e-13     -7.92831958573e-14    4.01106096521e-13     8.96826142769e-13     -1.02264181135e-13    
7.09162626263         -1.42384546499e-14    6.3930528622e-14      -1.42384546499e-14    6.3930528622e-14      1.38736815812e-13     -1.57290626509e-14    
7.27343434343         -2.25881864967e-15    9.21124989014e-15     -2.25881864967e-15    9.21124989014e-15     1.94327175763e-14     -2.18945395726e-15    
7.45524242424         -5.42048869716e-16    2.04153130695e-15     -5.42048869716e-16    2.04153130695e-15     4.19318857026e-15     -4.69306121508e-16    
7.63705050505         -7.68335532811e-17    2.70676432201e-16     -7.68335532811e-17    2.70676432201e-16     5.42006099073e-16     -6.02372536562e-17    
7.81885858586         -8.8697703774e-17     2.95166711946e-16     -8.8697703774e-17     2.95166711946e-16     5.76944123292e-16     -6.3650560645e-17     
8.00066666667         -1.01277421446e-16    3.20862700177e-16     -1.01277421446e-16    3.20862700177e-16     6.12922044158e-16     -6.71051811852e-17    
8.18247474747         -1.14574613353e-16    3.47773036709e-16     -1.14574613353e-16    3.47773036709e-16     6.49938351982e-16     -7.05983852211e-17    
8.36428282828         -1.285909338e-16      3.75905757375e-16     -1.285909338e-16      3.75905757375e-16     6.87991677327e-16     -7.41276101961e-17    
8.54609090909         -1.43327816365e-16    4.05268344839e-16     -1.43327816365e-16    4.05268344839e-16     7.27080777901e-16     -7.769044935e-17      
8.7278989899          -1.58786501589e-16    4.35867774496e-16     -1.58786501589e-16    4.35867774496e-16     7.6720452635e-16      -8.12846408506e-17    
8.90970707071         -1.74968060971e-16    4.67710555971e-16     -1.74968060971e-16    4.67710555971e-16     8.08361899129e-16     -8.49080577146e-17    
9.09151515152         -1.91873417786e-16    5.00802770699e-16     -1.91873417786e-16    5.00802770699e-16     8.50551966464e-16     -8.85586984692e-17    
9.27332323232         -2.09503365199e-16    5.35150105996e-16     -2.09503365199e-16    5.35150105996e-16     8.93773883335e-16     -9.22346785068e-17    
9.45513131313         -2.27858582048e-16    5.70757885983e-16     -2.27858582048e-16    5.70757885983e-16     9.38026881394e-16     -9.59342220855e-17    
9.63693939394         -2.46939646614e-16    6.07631099692e-16     -2.46939646614e-16    6.07631099692e-16     9.83310261725e-16     -9.96556549272e-17    
9.81874747475         -2.66747048666e-16    6.45774426645e-16     -2.66747048666e-16    6.45774426645e-16     1.02962338838e-15     -1.03397397371e-16    
10.0005555556         -2.87281200008e-16    6.85192260158e-16     -2.87281200008e-16    6.85192260158e-16     1.07696568259e-15     -1.0715795804e-16     
10.1823636364         -3.08542443726e-16    7.25888728604e-16     -3.08542443726e-16    7.25888728604e-16     1.1253366176e-15      -1.10935927979e-16    
10.3641717172         -3.30531062315e-16    7.67867714826e-16     -3.30531062315e-16    7.67867714826e-16     1.17473571413e-15     -1.14729975232e-16    
10.545979798          -3.53247284824e-16    8.11132873893e-16     -3.53247284824e-16    8.11132873893e-16     1.22516253632e-15     -1.18538839818e-16    
10.7277878788         -3.76691293151e-16    8.5568764936e-16      -3.76691293151e-16    8.5568764936e-16      1.27661668825e-15     -1.22361329084e-16    
10.9095959596         -4.00863227593e-16    9.01535288158e-16     -4.00863227593e-16    9.01535288158e-16     1.32909781114e-15     -1.26196313389e-16    
11.0914040404         -4.25763191748e-16    9.48678854272e-16     -4.25763191748e-16    9.48678854272e-16     1.38260558129e-15     -1.30042722114e-16    
11.2732121212         -4.51391256844e-16    9.9712124129e-16      -4.51391256844e-16    9.9712124129e-16      1.43713970948e-15     -1.33899539954e-16    
11.455020202          -4.77747465576e-16    1.04686518396e-15     -4.77747465576e-16    1.04686518396e-15     1.49269994365e-15     -1.37765803478e-16    
11.6368282828         -5.04831835498e-16    1.0979132688e-15      -5.04831835498e-16    1.0979132688e-15      1.54928608376e-15     -1.41640597936e-16    
11.8186363636         -5.32644362035e-16    1.15026794391e-15     -5.32644362035e-16    1.15026794391e-15     1.60689814689e-15     -1.45523059279e-16    
12.0004444444         -5.61185021154e-16    1.20393152801e-15     -5.61185021154e-16    1.20393152801e-15     1.66553553734e-15     -1.49413213976e-16    
12.1822525253         -5.90453771735e-16    1.25890621877e-15     -5.90453771735e-16    1.25890621877e-15     1.7251977011e-15      -1.53309456357e-16    
12.3640606061         -6.20450557676e-16    1.31519410051e-15     -6.20450557676e-16    1.31519410051e-15     1.78588467634e-15     -1.57211038602e-16    
12.5458686869         -6.51175309775e-16    1.37279715136e-15     -6.51175309775e-16    1.37279715136e-15     1.84759634678e-15     -1.61117248662e-16    
12.7276767677         -6.8262794739e-16     1.43171724984e-15     -6.8262794739e-16     1.43171724984e-15     1.91033258639e-15     -1.65027408178e-16    
12.9094848485         -7.14808379927e-16    1.49195618102e-15     -7.14808379927e-16    1.49195618102e-15     1.97409327361e-15     -1.68940870552e-16    
13.0912929293         -7.47716508164e-16    1.55351564213e-15     -7.47716508164e-16    1.55351564213e-15     2.0388782949e-15      -1.7285701914e-16     
13.2731010101         -7.81352225426e-16    1.6163972479e-15      -7.81352225426e-16    1.6163972479e-15      2.10468754563e-15     -1.76775265568e-16    
13.4549090909         -8.15715418638e-16    1.68060253544e-15     -8.15715418638e-16    1.68060253544e-15     2.17152093005e-15     -1.80695048153e-16    
13.6367171717         -8.50805969258e-16    1.74613296878e-15     -8.50805969258e-16    1.74613296878e-15     2.23937836097e-15     -1.84615830435e-16    
13.8185252525         -8.86623754114e-16    1.81298994313e-15     -8.86623754114e-16    1.81298994313e-15     2.30825975931e-15     -1.88537099797e-16    
14.0003333333         -9.23168646147e-16    1.88117478882e-15     -9.23168646147e-16    1.88117478882e-15     2.37816505358e-15     -1.92458366175e-16    
14.1821414141         -9.60440515074e-16    1.950688775e-15       -9.60440515074e-16    1.950688775e-15       2.44909417932e-15     -1.9637916085e-16     
14.3639494949         -9.9843922798e-16     2.02153311306e-15     -9.9843922798e-16     2.02153311306e-15     2.52104707867e-15     -2.00299035314e-16    
14.5457575758         -1.03716464984e-15    2.09370895986e-15     -1.03716464984e-15    2.09370895986e-15     2.59402369985e-15     -2.04217560211e-16    
14.7275656566         -1.076616644e-15      2.1672174207e-15      -1.076616644e-15      2.1672174207e-15      2.66802399669e-15     -2.08134324338e-16    
14.9093737374         -1.11679507259e-15    2.24205955216e-15     -1.11679507259e-15    2.24205955216e-15     2.74304792827e-15     -2.12048933707e-16    
15.0911818182         -1.15769979687e-15    2.3182363647e-15      -1.15769979687e-15    2.3182363647e-15      2.81909545848e-15     -2.15961010672e-16    
15.272989899          -1.1993306776e-15     2.39574882513e-15     -1.1993306776e-15     2.39574882513e-15     2.89616655565e-15     -2.19870193095e-16    
15.4547979798         -1.24168757532e-15    2.47459785891e-15     -1.24168757532e-15    2.47459785891e-15     2.97426119225e-15     -2.23776133573e-16    
15.6366060606         -1.28477035059e-15    2.55478435231e-15     -1.28477035059e-15    2.55478435231e-15     3.05337934457e-15     -2.27678498704e-16    
15.8184141414         -1.32857886426e-15    2.63630915445e-15     -1.32857886426e-15    2.63630915445e-15     3.13352099238e-15     -2.31576968399e-16    
16.0002222222         -1.37311297762e-15    2.71917307915e-15     -1.37311297762e-15    2.71917307915e-15     3.21468611874e-15     -2.35471235235e-16    
16.182030303          -1.41837255263e-15    2.80337690682e-15     -1.41837255263e-15    2.80337690682e-15     3.29687470967e-15     -2.39361003837e-16    
16.3638383838         -1.46435745206e-15    2.88892138602e-15     -1.46435745206e-15    2.88892138602e-15     3.38008675399e-15     -2.43245990306e-16    
16.5456464646         -1.5110675396e-15     2.97580723513e-15     -1.5110675396e-15     2.97580723513e-15     3.46432224307e-15     -2.47125921672e-16    
16.7274545455         -1.55850268003e-15    3.06403514382e-15     -1.55850268003e-15    3.06403514382e-15     3.54958117063e-15     -2.51000535382e-16    
16.9092626263         -1.60666273931e-15    3.15360577442e-15     -1.60666273931e-15    3.15360577442e-15     3.63586353259e-15     -2.54869578812e-16    
17.0910707071         -1.65554758464e-15    3.24451976328e-15     -1.65554758464e-15    3.24451976328e-15     3.72316932684e-15     -2.58732808808e-16    
17.2728787879         -1.70515708458e-15    3.33677772197e-15     -1.70515708458e-15    3.33677772197e-15     3.81149855315e-15     -2.62589991253e-16    
17.4546868687         -1.7554911091e-15     3.43038023851e-15     -1.7554911091e-15     3.43038023851e-15     3.90085121301e-15     -2.66440900656e-16    
17.6364949495         -1.80654952965e-15    3.52532787845e-15     -1.80654952965e-15    3.52532787845e-15     3.99122730944e-15     -2.70285319763e-16    
17.8183030303         -1.85833221918e-15    3.62162118592e-15     -1.85833221918e-15    3.62162118592e-15     4.08262684693e-15     -2.74123039191e-16    
18.0001111111         -1.91083905222e-15    3.71926068459e-15     -1.91083905222e-15    3.71926068459e-15     4.17504983132e-15     -2.77953857074e-16    
18.1819191919         -1.96406990487e-15    3.81824687869e-15     -1.96406990487e-15    3.81824687869e-15     4.26849626963e-15     -2.81777578742e-16    
18.3637272727         -2.01802465487e-15    3.91858025379e-15     -2.01802465487e-15    3.91858025379e-15     4.36296617004e-15     -2.85594016396e-16    
18.5455353535         -2.0727031816e-15     4.02026127771e-15     -2.0727031816e-15     4.02026127771e-15     4.45845954174e-15     -2.89402988822e-16    
18.7273434343         -2.12810536607e-15    4.12329040131e-15     -2.12810536607e-15    4.12329040131e-15     4.55497639489e-15     -2.93204321101e-16    
18.9091515152         -2.18423109098e-15    4.22766805919e-15     -2.18423109098e-15    4.22766805919e-15     4.6525167405e-15      -2.96997844345e-16    
19.090959596          -2.24108024072e-15    4.33339467046e-15     -2.24108024072e-15    4.33339467046e-15     4.75108059036e-15     -3.00783395442e-16    
19.2727676768         -2.29865270131e-15    4.44047063937e-15     -2.29865270131e-15    4.44047063937e-15     4.85066795701e-15     -3.04560816814e-16    
19.4545757576         -2.35694836049e-15    4.548896356e-15       -2.35694836049e-15    4.548896356e-15       4.95127885363e-15     -3.08329956188e-16    
19.6363838384         -2.41596710765e-15    4.65867219681e-15     -2.41596710765e-15    4.65867219681e-15     5.05291329402e-15     -3.12090666376e-16    
19.8181919192         -2.47570883384e-15    4.76979852525e-15     -2.47570883384e-15    4.76979852525e-15     5.1555712925e-15      -3.1584280507e-16     
20                    0                     0                     0                     0                     0                     0                     
