0.0779191396          0                     0                     0                     0                     0                     0                     
0.087577837391        0.613306178378        0.240264136686        0.613306178378        0.240264136686        0.162171571521        0.13354857446         
0.0972365351819       3.11783247461         0.897373837746        3.11783247461         0.897373837746        0.899853802371        0.512808105792        
0.106895232973        6.93886831007         1.31755035611         6.93886831007         1.31755035611         2.1386855633          0.787596491627        
0.116553930764        11.0889037172         0.992262253982        11.0889037172         0.992262253982        3.57791733598         0.670735831768        
0.126212628555        14.6721533049         -0.161386237195       14.6721533049         -0.161386237195       4.84460805145         0.0990402200967       
0.135871326346        17.2026334376         -1.72664051154        17.2026334376         -1.72664051154        5.69985445066         -0.713315253392       
0.145530024137        18.7273089909         -3.2883707437         18.7273089909         -3.2883707437         6.15628821373         -1.54022205721        
0.155188721928        19.4787858299         -4.65068819988        19.4787858299         -4.65068819988        6.31763999715         -2.27077171378        
0.164847419719        19.6758148119         -5.75762499434        19.6758148119         -5.75762499434        6.27933336737         -2.87062994778        
0.17450611751         19.4926577401         -6.61374189383        19.4926577401         -6.61374189383        6.11401819427         -3.33957405357        
0.184164815301        19.0620382726         -7.25010085865        19.0620382726         -7.25010085865        5.8753557333          -3.6920072399         
0.193823513091        18.4701433549         -7.70374656106        18.4701433549         -7.70374656106        5.59545919683         -3.94686023913        
0.203482210882        17.7786529713         -8.00894459227        17.7786529713         -8.00894459227        5.29563984567         -4.12193631951        
0.213140908673        17.0300474711         -8.19203982209        17.0300474711         -8.19203982209        4.98954008365         -4.23115902144        
0.222799606464        16.2580629829         -8.27803190756        16.2580629829         -8.27803190756        4.68787098675         -4.28755446398        
0.232458304255        15.4845158105         -8.28816106618        15.4845158105         -8.28816106618        4.39687038745         -4.30252191405        
0.242117002046        14.7252307958         -8.23850994477        14.7252307958         -8.23850994477        4.12086019586         -4.28457705411        
0.251775699837        13.9879424968         -8.1471020534         13.9879424968         -8.1471020534         3.86054600076         -4.24350630379        
0.261434397628        13.2762055973         -8.02332859937        13.2762055973         -8.02332859937        3.61559544727         -4.18446785007        
0.271093095419        12.5942335955         -7.87690326854        12.5942335955         -7.87690326854        3.38615591402         -4.11261799129        
0.28075179321         11.9400988588         -7.70945063483        11.9400988588         -7.70945063483        3.17016748637         -4.02924575574        
0.290410491001        11.3189926544         -7.52840497723        11.3189926544         -7.52840497723        2.96885455158         -3.938076335          
0.300069188792        10.7298800576         -7.33768937509        10.7298800576         -7.33768937509        2.78122051102         -3.84120404734        
0.309727886583        10.172886915          -7.14040945582        10.172886915          -7.14040945582        2.60672175009         -3.74037547385        
0.319386584374        9.64711541871         -6.93916390351        9.64711541871         -6.93916390351        2.44463488614         -3.6369993781         
0.329045282165        9.15164871269         -6.73623764448        9.15164871269         -6.73623764448        2.29428964714         -3.53232937179        
0.338703979956        8.68534499862         -6.53320064644        8.68534499862         -6.53320064644        2.15506864685         -3.42724683615        
0.348362677747        8.24761225609         -6.33218091171        8.24761225609         -6.33218091171        2.02663529479         -3.32296750143        
0.358021375538        7.83658028211         -6.13468978281        7.83658028211         -6.13468978281        1.90799192382         -3.22031157278        
0.367680073329        7.44996112235         -5.94218546236        7.44996112235         -5.94218546236        1.79803643787         -3.12009372702        
0.37733877112         7.086512226           -5.755066281          7.086512226           -5.755066281          1.69610860252         -3.02253345069        
0.386997468911        6.74398678422         -5.57346342845        6.74398678422         -5.57346342845        1.60125311994         -2.92772570283        
0.396656166702        6.42085993112         -5.39758890944        6.42085993112         -5.39758890944        1.51280260849         -2.83584216564        
0.406314864492        6.11592687994         -5.22759928702        6.11592687994         -5.22759928702        1.43021750015         -2.7469665113         
0.415973562283        5.82791307002         -5.06335603166        5.82791307002         -5.06335603166        1.35296297382         -2.66103380177        
0.425632260074        5.55548904785         -4.90468651418        5.55548904785         -4.90468651418        1.28053552158         -2.57797672159        
0.435290957865        5.29763716716         -4.75155396305        5.29763716716         -4.75155396305        1.21251151008         -2.4977849049         
0.444949655656        5.0539556174          -4.60440313041        5.0539556174          -4.60440313041        1.1487957788          -2.42069319748        
0.454608353447        4.82223426917         -4.46020076451        4.82223426917         -4.46020076451        1.0884832197          -2.34511175721        
0.464267051238        4.60305612554         -4.32201431098        4.60305612554         -4.32201431098        1.03189516059         -2.27267943641        
0.473925749029        4.39501666236         -4.18854051344        4.39501666236         -4.18854051344        0.978457473108        -2.20268595203        
0.48358444682         4.19759048111         -4.05932437149        4.19759048111         -4.05932437149        0.928047451789        -2.13489110684        
0.493243144611        4.00967372437         -3.93377315334        4.00967372437         -3.93377315334        0.880320554205        -2.06905592281        
0.502901842402        3.831543622           -3.81225628206        3.831543622           -3.81225628206        0.835366971277        -2.00532154388        
0.512560540193        3.66282112185         -3.69459441843        3.66282112185         -3.69459441843        0.793137228285        -1.94356134562        
0.522219237984        3.50296759655         -3.58053907655        3.50296759655         -3.58053907655        0.753540430742        -1.88367476847        
0.531877935775        3.35186017242         -3.47086565332        3.35186017242         -3.47086565332        0.71645681898         -1.8260724554         
0.541536633566        3.208226259           -3.36492465964        3.208226259           -3.36492465964        0.681470760892        -1.77041301158        
0.551195331357        3.07173223922         -3.26268086859        3.07173223922         -3.26268086859        0.648463510793        -1.7166787574         
0.560854029148        2.94218584933         -3.16393514142        2.94218584933         -3.16393514142        0.617410834616        -1.66476639389        
0.570512726939        2.81934830831         -3.06806255547        2.81934830831         -3.06806255547        0.58835601849         -1.61435665806        
0.58017142473         2.70237945682         -2.97682461684        2.70237945682         -2.97682461684        0.560706804693        -1.56637863445        
0.589830122521        2.59035259536         -2.88816142992        2.59035259536         -2.88816142992        0.534351997267        -1.5197381348         
0.599488820312        2.48426155397         -2.80262831489        2.48426155397         -2.80262831489        0.509692259713        -1.47473849036        
0.609147518103        2.38321638982         -2.72024032601        2.38321638982         -2.72024032601        0.486361670723        -1.43139240616        
0.618806215893        2.28671123462         -2.64057070338        2.28671123462         -2.64057070338        0.464230958023        -1.38947174243        
0.628464913684        2.19478200357         -2.56384975011        2.19478200357         -2.56384975011        0.443283855256        -1.34910251622        
0.638123611475        2.1069390788          -2.48975737999        2.1069390788          -2.48975737999        0.423363654187        -1.31011580586        
0.647782309266        2.02303756087         -2.41812376761        2.02303756087         -2.41812376761        0.404465998912        -1.27242909251        
0.657441007057        1.94312820969         -2.34910061496        1.94312820969         -2.34910061496        0.386630432948        -1.23612067603        
0.667099704848        1.86660750315         -2.28265997186        1.86660750315         -2.28265997186        0.369588464153        -1.20117796405        
0.676758402639        1.79322671062         -2.2184565875         1.79322671062         -2.2184565875         0.353277555534        -1.16741211725        
0.68641710043         1.72291196577         -2.15642426561        1.72291196577         -2.15642426561        0.33769075653         -1.13479253549        
0.696075798221        1.65546942801         -2.0964279377         1.65546942801         -2.0964279377         0.322770875026        -1.10324802904        
0.705734496012        1.59095987501         -2.0386787239         1.59095987501         -2.0386787239         0.308551810164        -1.07288344337        
0.715393193803        1.52859597001         -1.98224858243        1.52859597001         -1.98224858243        0.294736620602        -1.04321896228        
0.725051891594        1.46863948264         -1.92753177649        1.46863948264         -1.92753177649        0.28147011293         -1.01449902922        
0.734710589385        1.41125590892         -1.87459903058        1.41125590892         -1.87459903058        0.268814478471        -0.986701036145       
0.744369287176        1.35616424404         -1.82320896291        1.35616424404         -1.82320896291        0.256676869938        -0.959704132202       
0.754027984967        1.30332271415         -1.77320576925        1.30332271415         -1.77320576925        0.245091342582        -0.933438132088       
0.763686682758        1.25267749796         -1.72469545236        1.25267749796         -1.72469545236        0.234048297487        -0.907958001446       
0.773345380549        1.20404870778         -1.67764992076        1.20404870778         -1.67764992076        0.223467668295        -0.883247748267       
0.78300407834         1.15730681194         -1.63199188964        1.15730681194         -1.63199188964        0.213333185587        -0.859265900553       
0.792662776131        1.11245262415         -1.58755125521        1.11245262415         -1.58755125521        0.203634991574        -0.835921507194       
0.802321473922        1.06935124519         -1.54447019877        1.06935124519         -1.54447019877        0.194338557548        -0.813289137323       
0.811980171713        1.02793637392         -1.5025469464         1.02793637392         -1.5025469464         0.185446193357        -0.791263891331       
0.821638869504        0.988128525511        -1.46176755271        0.988128525511        -1.46176755271        0.17693483923         -0.769839396627       
0.831297567294        0.94991055022         -1.42212171321        0.94991055022         -1.42212171321        0.168807274997        -0.749007667313       
0.840956265085        0.91314067902         -1.38352325676        0.91314067902         -1.38352325676        0.161011983226        -0.728725862186       
0.850614962876        0.877925950612        -1.34605999812        0.877925950612        -1.34605999812        0.153637391048        -0.709040984904       
0.860273660667        0.844078097124        -1.30964203231        0.844078097124        -1.30964203231        0.146576110266        -0.689905014612       
0.869932358458        0.811460902836        -1.27423466344        0.811460902836        -1.27423466344        0.13979080407         -0.671298679701       
0.879591056249        0.780081786303        -1.23984947196        0.780081786303        -1.23984947196        0.133294068094        -0.6532304696         
0.88924975404         0.749886289739        -1.20638642582        0.749886289739        -1.20638642582        0.127076008206        -0.635645631377       
0.898908451831        0.720798199243        -1.17387178068        0.720798199243        -1.17387178068        0.121105161794        -0.618560154216       
0.908567149622        0.692756876071        -1.14218424781        0.692756876071        -1.14218424781        0.115376861469        -0.601906461609       
0.918225847413        0.6655112247          -1.11122948545        0.6655112247          -1.11122948545        0.109789994836        -0.585655773053       
0.927884545204        0.639485536962        -1.08114031683        0.639485536962        -1.08114031683        0.104522989878        -0.569854754353       
0.937543242995        0.614278559843        -1.05178702913        0.614278559843        -1.05178702913        0.0994250776777       -0.55443922235        
0.947201940786        0.589919758998        -1.02315732614        0.589919758998        -1.02315732614        0.0945037999285       -0.539402517493       
0.956860638577        0.566387062717        -0.995166725928       0.566387062717        -0.995166725928       0.0897786617105       -0.524701860681       
0.966519336368        0.543534074737        -0.967655808175       0.543534074737        -0.967655808175       0.0851929290321       -0.510255086032       
0.976178034159        0.521252058032        -0.940452167013       0.521252058032        -0.940452167013       0.0807462679067       -0.495968648984       
0.98583673195         0.498686578478        -0.911898396942       0.498686578478        -0.911898396942       0.076314293794        -0.480968483695       
0.995495429741        0.476353387531        -0.883092839458       0.476353387531        -0.883092839458       0.0719554793392       -0.465833615052       
1.00515412753         0.455023398136        -0.85538811455        0.455023398136        -0.85538811455        0.0677933112081       -0.451277827104       
1.01481282532         0.434670001238        -0.828712738077       0.434670001238        -0.828712738077       0.0638292064708       -0.437264557528       
1.02447152311         0.415181591777        -0.802975173763       0.415181591777        -0.802975173763       0.0600391357807       -0.423741444623       
1.0341302209          0.396519949603        -0.77811276432        0.396519949603        -0.77811276432        0.0564124326755       -0.410679453423       
1.0437889187          0.378686417192        -0.754136394939       0.378686417192        -0.754136394939       0.0529567293329       -0.398082071569       
1.05344761649         0.361577321565        -0.730882707209       0.361577321565        -0.730882707209       0.0496509731674       -0.385864216583       
1.06310631428         0.345180895766        -0.708415103474       0.345180895766        -0.708415103474       0.0464860270792       -0.374057755561       
1.07276501207         0.329478640154        -0.686662124221       0.329478640154        -0.686662124221       0.0434684176636       -0.362625337869       
1.08242370986         0.314370192786        -0.665574359668       0.314370192786        -0.665574359668       0.0405595579489       -0.351546324912       
1.09208240765         0.299947285018        -0.645168223103       0.299947285018        -0.645168223103       0.0378035895531       -0.340827966902       
1.10174110544         0.286125762892        -0.625362499277       0.286125762892        -0.625362499277       0.0351770556984       -0.330420887871       
1.11139980323         0.27290846626         -0.6062046647         0.27290846626         -0.6062046647         0.0326799319017       -0.320352261529       
1.12105850102         0.260282491533        -0.587616959196       0.260282491533        -0.587616959196       0.0303200664483       -0.310581489661       
1.13071719881         0.248157668937        -0.569695339059       0.248157668937        -0.569695339059       0.0280533843584       -0.301161002178       
1.14037589661         0.236550880926        -0.552295815319       0.236550880926        -0.552295815319       0.0259024522053       -0.292013678804       
1.1500345944          0.225433480441        -0.535461753755       0.225433480441        -0.535461753755       0.0238532489826       -0.283163050842       
1.15969329219         0.214793887023        -0.519193287796       0.214793887023        -0.519193287796       0.0219079624538       -0.274611442023       
1.16935198998         0.204595567917        -0.503388948184       0.204595567917        -0.503388948184       0.0200516669122       -0.266298640963       
1.17901068777         0.194777427406        -0.488088442402       0.194777427406        -0.488088442402       0.018263865522        -0.258253195721       
1.18866938556         0.185365537899        -0.473240630244       0.185365537899        -0.473240630244       0.0165645089242       -0.250444996426       
1.19832808335         0.176368065292        -0.45894245864        0.176368065292        -0.45894245864        0.0149424668091       -0.242925730874       
1.20798678114         0.167707805427        -0.44503207298        0.167707805427        -0.44503207298        0.0133891166648       -0.235609903376       
1.21764547893         0.159385362062        -0.431553456802       0.159385362062        -0.431553456802       0.0118964370102       -0.228521486579       
1.22730417672         0.151370581093        -0.418457054556       0.151370581093        -0.418457054556       0.0104582803031       -0.221637157638       
1.23696287451         0.143702742556        -0.405793462568       0.143702742556        -0.405793462568       0.00908737743109      -0.214977927356       
1.24662157231         0.136343105139        -0.393433362102       0.136343105139        -0.393433362102       0.00778624577199      -0.208477699919       
1.2562802701          0.129312623526        -0.381502001069       0.129312623526        -0.381502001069       0.00655457573034      -0.202203556059       
1.26593896789         0.122530185914        -0.369869887841       0.122530185914        -0.369869887841       0.00535949403313      -0.196082974371       
1.27559766568         0.116048973138        -0.358606952878       0.116048973138        -0.358606952878       0.00423149083431      -0.190157305593       
1.28525636347         0.109837938717        -0.347692543523       0.109837938717        -0.347692543523       0.00315717497605      -0.184414260704       
1.29491506126         0.103878161129        -0.337073234799       0.103878161129        -0.337073234799       0.00213453661316      -0.178825514795       
1.30457375905         0.0981602638287       -0.326754717059       0.0981602638287       -0.326754717059       0.00116107051301      -0.173394334944       
1.31423245684         0.0926911323898       -0.31675395113        0.0926911323898       -0.31675395113        0.000239427702467     -0.168129756412       
1.32389115463         0.0874514365415       -0.307052984413       0.0874514365415       -0.307052984413       -0.000636521523327    -0.163022247574       
1.33354985242         0.0824369962203       -0.297594380339       0.0824369962203       -0.297594380339       -0.00146102374192     -0.158042423542       
1.34320855022         0.0775914837505       -0.288453690438       0.0775914837505       -0.288453690438       -0.0022682507147      -0.153230651341       
1.35286724801         0.072972620198        -0.279542009328       0.072972620198        -0.279542009328       -0.0030198589441      -0.148537565545       
1.3625259458          0.0685618483346       -0.270909084771       0.0685618483346       -0.270909084771       -0.0037278397352      -0.14399052055        
1.37218464359         0.0643370365556       -0.262519926697       0.0643370365556       -0.262519926697       -0.00439767582662     -0.139571334657       
1.38184334138         0.0602903534962       -0.254371158503       0.0602903534962       -0.254371158503       -0.00503156235362     -0.135277865228       
1.39150203917         0.0564190469037       -0.246472257931       0.0564190469037       -0.246472257931       -0.00563019707318     -0.131115652273       
1.40116073696         0.0527101723957       -0.238787492299       0.0527101723957       -0.238787492299       -0.00619692483315     -0.127065312083       
1.41081943475         0.0491574644802       -0.231330474653       0.0491574644802       -0.231330474653       -0.00673360946741     -0.123134545384       
1.42047813254         0.0457540535595       -0.224085472964       0.0457540535595       -0.224085472964       -0.00724163386361     -0.119314927132       
1.43013683033         0.0424802772904       -0.217040368465       0.0424802772904       -0.217040368465       -0.0077280318108      -0.115601218045       
1.43979552812         0.0393554704071       -0.210192510691       0.0393554704071       -0.210192510691       -0.0081845537141      -0.111991083127       
1.44945422592         0.0363716159464       -0.203533246923       0.0363716159464       -0.203533246923       -0.00861148633954     -0.10847919047        
1.45911292371         0.0335189361084       -0.197061876781       0.0335189361084       -0.197061876781       -0.00901240587386     -0.105065639351       
1.4687716215          0.0307954028776       -0.190773255844       0.0307954028776       -0.190773255844       -0.00938707856802     -0.101747520818       
1.47843031929         0.0281943010834       -0.184659229114       0.0281943010834       -0.184659229114       -0.00973679792989     -0.0985208079616      
1.48808901708         0.0257104619208       -0.178710778973       0.0257104619208       -0.178710778973       -0.0100624976188      -0.0953808616279      
1.49774771487         0.0233391076681       -0.172934219006       0.0233391076681       -0.172934219006       -0.010366497739       -0.0923310022189      
1.50740641266         0.0210718478201       -0.167317288208       0.0210718478201       -0.167317288208       -0.0106504124117      -0.0893650748184      
1.51706511045         0.0189090934386       -0.161849912378       0.0189090934386       -0.161849912378       -0.0109135765658      -0.0864778765157      
1.52672380824         0.0168531674795       -0.156539819316       0.0168531674795       -0.156539819316       -0.0111543290029      -0.0836727157539      
1.53638250603         0.0148954523512       -0.151377384752       0.0148954523512       -0.151377384752       -0.0113749493675      -0.0809448435264      
1.54604120383         0.013031683232        -0.146361064785       0.013031683232        -0.146361064785       -0.0115772566066      -0.0782934558083      
1.55569990162         0.0112571970269       -0.141486595021       0.0112571970269       -0.141486595021       -0.0117617721635      -0.0757164209916      
1.56535859941         0.00956987216979      -0.136745261007       0.00956987216979      -0.136745261007       -0.0119287664036      -0.0732090073453      
1.5750172972          0.00796022533721      -0.132130490159       0.00796022533721      -0.132130490159       -0.0120808110552      -0.0707683439312      
1.58467599499         0.00643072622436      -0.127642972686       0.00643072622436      -0.127642972686       -0.0122180903732      -0.068394423779       
1.59433469278         0.00498384402969      -0.123280244698       0.00498384402969      -0.123280244698       -0.0123375012368      -0.0660856022088      
1.60399339057         0.00360813102481      -0.119046647814       0.00360813102481      -0.119046647814       -0.0124450412099      -0.0638445884369      
1.61365208836         0.00230783305585      -0.114923307461       0.00230783305585      -0.114923307461       -0.0125355329451      -0.0616611137157      
1.62331078615         0.00107710320031      -0.11092113449        0.00107710320031      -0.11092113449        -0.012612846677       -0.0595411299994      
1.63296948394         -9.16154490428e-05    -0.107025274449       -9.16154490428e-05    -0.107025274449       -0.012678716597       -0.0574773144386      
1.64262818173         -0.00119186901033     -0.103238549507       -0.00119186901033     -0.103238549507       -0.0127304434298      -0.0554704086178      
1.65228687953         -0.00222899535644     -0.0995660822672      -0.00222899535644     -0.0995660822672      -0.0127701308557      -0.0535234107581      
1.66194557732         -0.00320581282989     -0.0959982960211      -0.00320581282989     -0.0959982960211      -0.0127981261927      -0.0516312473914      
1.67160427511         -0.00412705789901     -0.0925425118334      -0.00412705789901     -0.0925425118334      -0.0128166835608      -0.0497979017537      
1.6812629729          -0.00499491510346     -0.0891949571819      -0.00499491510346     -0.0891949571819      -0.0128265899842      -0.0480218435469      
1.69092167069         -0.00581516469268     -0.0860468977745      -0.00581516469268     -0.0860468977745      -0.0128413544045      -0.0463514830208      
1.70058036848         -0.00663706757684     -0.0836154556372      -0.00663706757684     -0.0836154556372      -0.0129443071926      -0.0450661981455      
1.71023906627         -0.00741629499011     -0.0811506500769      -0.00741629499011     -0.0811506500769      -0.0130262026714      -0.0437619753317      
1.71989776406         -0.00815498781458     -0.0786773051713      -0.00815498781458     -0.0786773051713      -0.0130911959852      -0.0424522910077      
1.72955646185         -0.00884987916551     -0.0762120638626      -0.00884987916551     -0.0762120638626      -0.0131389998143      -0.0411460441276      
1.73921515964         -0.00950359971996     -0.0737516882492      -0.00950359971996     -0.0737516882492      -0.0131712818747      -0.0398411286029      
1.74887385744         -0.0101165382029      -0.0713096429824      -0.0101165382029      -0.0713096429824      -0.0131886608431      -0.0385452767549      
1.75853255523         -0.0106888946376      -0.068886559289       -0.0106888946376      -0.068886559289       -0.0131915873575      -0.0372584973034      
1.76819125302         -0.0112183842454      -0.0664878247307      -0.0112183842454      -0.0664878247307      -0.0131790910855      -0.0359838249333      
1.77784995081         -0.0117081038345      -0.0641127636986      -0.0117081038345      -0.0641127636986      -0.0131527564139      -0.0347208837534      
1.7875086486          -0.0121576917315      -0.061765142025       -0.0121576917315      -0.061765142025       -0.0131125135808      -0.033471659966       
1.79716734639         -0.0125676096783      -0.0594465294072      -0.0125676096783      -0.0594465294072      -0.0130586732124      -0.032236983642       
1.80682604418         -0.0129382204208      -0.0571589244803      -0.0129382204208      -0.0571589244803      -0.0129913756145      -0.0310179339794      
1.81648474197         -0.0132705619217      -0.0549037310692      -0.0132705619217      -0.0549037310692      -0.012911205509       -0.0298153170055      
1.82614343976         -0.013563773479       -0.0526836076266      -0.013563773479       -0.0526836076266      -0.0128176206528      -0.0286306070495      
1.83580213755         -0.0138189229885      -0.0504959003263      -0.0138189229885      -0.0504959003263      -0.0127111110212      -0.0274622113304      
1.84546083534         -0.0140373918323      -0.048346974603       -0.0140373918323      -0.048346974603       -0.0125925521816      -0.0263136823049      
1.85511953314         -0.0142191947471      -0.0462352505152      -0.0142191947471      -0.0462352505152      -0.0124616909566      -0.0251841922056      
1.86477823093         -0.014365072265       -0.0441623234449      -0.014365072265       -0.0441623234449      -0.0123189087898      -0.0240745875271      
1.87443692872         -0.014476088393       -0.0421291267427      -0.014476088393       -0.0421291267427      -0.0121646505774      -0.0229853603415      
1.88409562651         -0.014552393997       -0.0401365642416      -0.014552393997       -0.0401365642416      -0.0119989336746      -0.0219170238891      
1.8937543243          -0.0145948263557      -0.0381860285068      -0.0145948263557      -0.0381860285068      -0.0118220719454      -0.0208704260797      
1.90341302209         -0.014513756737       -0.0363154660437      -0.014513756737       -0.0363154660437      -0.0115834428818      -0.0198692384277      
1.91307171988         -0.014580282771       -0.0344103820153      -0.014580282771       -0.0344103820153      -0.0114356578359      -0.0188417768415      
1.92273041767         -0.0145251490616      -0.0325878529906      -0.0145251490616      -0.0325878529906      -0.0112268439863      -0.0178612438798      
1.93238911546         -0.0144390463844      -0.0308096829434      -0.0144390463844      -0.0308096829434      -0.0110079780734      -0.0169036968258      
1.94204781325         -0.0143224173322      -0.0290766909287      -0.0143224173322      -0.0290766909287      -0.0107791514547      -0.0159695812972      
1.95170651105         -0.0141763544012      -0.0273889937409      -0.0141763544012      -0.0273889937409      -0.010540788393       -0.015059003145       
1.96136520884         -0.0140013980111      -0.0257471803003      -0.0140013980111      -0.0257471803003      -0.0102930463571      -0.0141722867111      
1.97102390663         -0.0137988202845      -0.0241521608507      -0.0137988202845      -0.0241521608507      -0.010036477543       -0.0133099480935      
1.98068260442         -0.0135685215874      -0.0226043893863      -0.0135685215874      -0.0226043893863      -0.00977085701166     -0.0124722475679      
1.99034130221         -0.0133210968171      -0.021107613617       -0.0133210968171      -0.021107613617       -0.00950177650221     -0.0116609852837      
2                     -0.0130299257338      -0.0196519865131      -0.0130299257338      -0.0196519865131      -0.00921465254376     -0.0108716022752      
2.3139245849          -0.000421263665123    -7.68296676861e-05    -0.000421263665123    -7.68296676861e-05    -0.00029593898448     -4.7293828421e-05     
2.3309245849          -0.000231430157769    -3.52473439058e-05    -0.000231430157769    -3.52473439058e-05    -0.000163958908471    -2.17894384867e-05    
2.3479245849          -9.70748160646e-05    -9.38404835965e-06    -9.70748160646e-05    -9.38404835965e-06    -6.93710004706e-05    -5.7224079917e-06     
2.3649245849          -1.57901048669e-05    5.41551985458e-06     -1.57901048669e-05    5.41551985458e-06     -1.14260100219e-05    3.61265740504e-06     
2.3819245849          7.95959324927e-07     2.9895343626e-05      7.95959324927e-07     2.9895343626e-05      4.32015276846e-07     2.08478502356e-05     
2.3989245849          1.10622355911e-06     9.22622274739e-05     1.10622355911e-06     9.22622274739e-05     5.9847617117e-07      6.66805979935e-05     
2.4159245849          1.14983530021e-06     0.000164152854142     1.14983530021e-06     0.000164152854142     6.20770655478e-07     0.000120626409851     
2.4329245849          1.03625644986e-06     0.00023696609716      1.03625644986e-06     0.00023696609716      5.58370116049e-07     0.000176322838342     
2.4339245849          1.02637312629e-06     0.000241180249649     1.02637312629e-06     0.000241180249649     5.52978798337e-07     0.000179579126468     
2.6131702524          -5.30913198925e-07    0.00064365854853      -5.30913198925e-07    0.00064365854853      -2.8771475803e-07     0.000525238258256     
2.7924159199          -4.59641453553e-08    0.000496700117989     -4.59641453553e-08    0.000496700117989     -2.43160852492e-08    0.000437453216377     
2.9716615874          1.00396580135e-07     0.000230675047789     1.00396580135e-07     0.000230675047789     5.4314501458e-08      0.000218326339622     
3.1509072549          -1.25774694584e-08    5.49215234595e-05     -1.25774694584e-08    5.49215234595e-05     -6.83379158695e-09    5.57784016582e-05     
3.33015292241         1.49145429123e-06     3.66020720867e-09     1.49145429123e-06     3.66020720867e-09     1.62574774917e-06     1.97807177198e-09     
3.50939858991         2.85976667759e-05     1.84466540714e-07     2.85976667759e-05     1.84466540714e-07     3.35389303076e-05     4.45045963572e-08     
3.68864425741         3.97600386493e-05     4.92612746338e-07     3.97600386493e-05     4.92612746338e-07     5.01347961964e-05     -6.19500690633e-08    
3.86788992491         3.45839852375e-05     7.07287160108e-07     3.45839852375e-05     7.07287160108e-07     4.68535343347e-05     -1.87819416975e-07    
4.04713559241         2.35300142858e-05     7.25831737137e-07     2.35300142858e-05     7.25831737137e-07     3.4260290544e-05      -2.19107783741e-07    
4.22638125991         1.35055728491e-05     5.92077430686e-07     1.35055728491e-05     5.92077430686e-07     2.11570569081e-05     -1.75859270578e-07    
4.40562692741         6.7742239627e-06      4.04832945868e-07     6.7742239627e-06      4.04832945868e-07     1.14374115319e-05     -1.11214239634e-07    
4.58487259491         3.02746569923e-06     2.39277802403e-07     3.02746569923e-06     2.39277802403e-07     5.52168784031e-06     -5.86413116349e-08    
4.76411826241         1.21974638786e-06     1.24672629706e-07     1.21974638786e-06     1.24672629706e-07     2.41022787578e-06     -2.68615253397e-08    
4.94336392991         4.46377736891e-07     5.8030464677e-08      4.46377736891e-07     5.8030464677e-08      9.59042285215e-07     -1.07550300545e-08    
5.12260959742         1.49121853318e-07     2.43590746998e-08     1.49121853318e-07     2.43590746998e-08     3.49877471498e-07     -3.83572020183e-09    
5.30185526492         4.56261839859e-08     9.28557224235e-09     4.56261839859e-08     9.28557224235e-09     1.17507453822e-07     -1.21975388146e-09    
5.48110093242         1.28120067036e-08     3.23141048551e-09     1.28120067036e-08     3.23141048551e-09     3.64469299474e-08     -3.45738814117e-10    
5.66034659992         3.30535955459e-09     1.03083878828e-09     3.30535955459e-09     1.03083878828e-09     1.04653639684e-08     -8.74004379212e-11    
5.83959226742         7.83605590788e-10     3.02422029702e-10     7.83605590788e-10     3.02422029702e-10     2.78701359935e-09     -1.95002170655e-11    
6.01883793492         1.7057769393e-10      8.18077064292e-11     1.7057769393e-10      8.18077064292e-11     6.89414058637e-10     -3.73979837014e-12    
6.19808360242         3.40299481552e-11     2.04484013469e-11     3.40299481552e-11     2.04484013469e-11     1.5860363611e-10      -5.80336567826e-13    
6.37732926992         6.19987605485e-12     4.73124478662e-12     6.19987605485e-12     4.73124478662e-12     3.39687949535e-11     -5.84817067831e-14    
6.55657493742         1.02529558122e-12     1.01482009732e-12     1.02529558122e-12     1.01482009732e-12     6.77881369588e-12     2.33039786187e-15     
6.73582060492         1.52260188386e-13     2.02026970233e-13     1.52260188386e-13     2.02026970233e-13     1.26123777585e-12     3.20133827683e-15     
6.91506627243         1.98940591533e-14     3.73594252012e-14     1.98940591533e-14     3.73594252012e-14     2.18866743835e-13     1.06240029226e-15     
7.09431193993         2.21592005624e-15     6.50508535739e-15     2.21592005624e-15     6.50508535739e-15     3.58940921692e-14     2.61227538239e-16     
7.27355760743         1.86097707416e-16     1.07463830554e-15     1.86097707416e-16     1.07463830554e-15     5.6036730834e-15      5.4898945286e-17      
7.45280327493         5.94066532316e-18     2.27067510844e-16     5.94066532316e-18     2.27067510844e-16     1.12234583237e-15     1.39179871689e-17     
7.63204894243         -3.22729612956e-18    3.11650653167e-17     -3.22729612956e-18    3.11650653167e-17     1.46422695569e-16     2.20796063468e-18     
7.81129460993         -7.67105204669e-18    3.50979737053e-17     -7.67105204669e-18    3.50979737053e-17     1.57144966411e-16     2.80062171781e-18     
7.99054027743         -1.26206580208e-17    3.93197903992e-17     -1.26206580208e-17    3.93197903992e-17     1.68160237147e-16     3.46564692535e-18     
8.16978594493         -1.80845743864e-17    4.38363122712e-17     -1.80845743864e-17    4.38363122712e-17     1.79463336881e-16     4.20795670411e-18     
8.34903161243         -2.40705504827e-17    4.86529978363e-17     -2.40705504827e-17    4.86529978363e-17     1.91050238402e-16     5.03035563071e-18     
8.52827727993         -3.05856948123e-17    5.37749896162e-17     -3.05856948123e-17    5.37749896162e-17     2.02916943114e-16     5.93550494812e-18     
8.70752294744         -3.7636537378e-17     5.92071350515e-17     -3.7636537378e-17     5.92071350515e-17     2.15059699496e-16     6.92592988451e-18     
8.88676861494         -4.52290851522e-17    6.49540060189e-17     -4.52290851522e-17    6.49540060189e-17     2.27475012559e-16     8.00402679734e-18     
9.06601428244         -5.3368871508e-17     7.10199170178e-17     -5.3368871508e-17     7.10199170178e-17     2.40159632198e-16     9.17207008976e-18     
9.24525994994         -6.20610003369e-17    7.74089420985e-17     -6.20610003369e-17    7.74089420985e-17     2.53110537948e-16     1.04322188636e-17     
9.42450561744         -7.13101854833e-17    8.4124930606e-17      -7.13101854833e-17    8.4124930606e-17      2.66324924409e-16     1.17865232866e-17     
9.60375128494         -8.11207860463e-17    9.11715218138e-17     -8.11207860463e-17    9.11715218138e-17     2.79800189611e-16     1.32369306617e-17     
9.78299695244         -9.14968380301e-17    9.85521585206e-17     -9.14968380301e-17    9.85521585206e-17     2.93533930282e-16     1.4785291194e-17      
9.96224261994         -1.02442082762e-16    1.06270099681e-16     -1.02442082762e-16    1.06270099681e-16     3.0752395917e-16      1.64333634548e-17     
10.1414882874         -1.13959992446e-16    1.14328432138e-16     -1.13959992446e-16    1.14328432138e-16     3.21768491711e-16     1.81828195502e-17     
10.3207339549         -1.26053793178e-16    1.22730081521e-16     -1.26053793178e-16    1.22730081521e-16     3.36265427114e-16     2.00336245797e-17     
10.4999796224         -1.38726485693e-16    1.31477822375e-16     -1.38726485693e-16    1.31477822375e-16     3.51011403453e-16     2.19885537282e-17     
10.6792252899         -1.51980864112e-16    1.40574287564e-16     -1.51980864112e-16    1.40574287564e-16     3.66005273698e-16     2.40492897438e-17     
10.8584709574         -1.65819532887e-16    1.50021977022e-16     -1.65819532887e-16    1.50021977022e-16     3.81245493011e-16     2.62172054262e-17     
11.0377166249         -1.80244922151e-16    1.59823265887e-16     -1.80244922151e-16    1.59823265887e-16     3.96730558127e-16     2.84936088871e-17     
11.2169622925         -1.95259301634e-16    1.69980412064e-16     -1.95259301634e-16    1.69980412064e-16     4.1245904e-16         3.08797471479e-17     
11.39620796           -2.10864793298e-16    1.80495563267e-16     -2.10864793298e-16    1.80495563267e-16     4.28429588105e-16     3.33768095199e-17     
11.5754536275         -2.27063382829e-16    1.91370763576e-16     -2.27063382829e-16    1.91370763576e-16     4.44640928509e-16     3.59859307809e-17     
11.754699295          -2.43856930088e-16    2.02607959546e-16     -2.43856930088e-16    2.02607959546e-16     4.61091860151e-16     3.8708194159e-17      
11.9339449625         -2.61247178645e-16    2.14209005893e-16     -2.61247178645e-16    2.14209005893e-16     4.77781250633e-16     4.15446341357e-17     
12.11319063           -2.79235764475e-16    2.26175670809e-16     -2.79235764475e-16    2.26175670809e-16     4.94708031985e-16     4.44962390793e-17     
12.2924362975         -2.97824223899e-16    2.38509640909e-16     -2.97824223899e-16    2.38509640909e-16     5.11871196586e-16     4.75639537186e-17     
12.471681965          -3.17014000853e-16    2.51212525858e-16     -3.17014000853e-16    2.51212525858e-16     5.29269793312e-16     5.07486814681e-17     
12.6509276325         -3.36806453538e-16    2.64285862689e-16     -3.36806453538e-16    2.64285862689e-16     5.46902923942e-16     5.4051286612e-17      
12.8301733            -3.57202860518e-16    2.77731119837e-16     -3.57202860518e-16    2.77731119837e-16     5.64769739821e-16     5.74725963584e-17     
13.0094189675         -3.78204426318e-16    2.91549700917e-16     -3.78204426318e-16    2.91549700917e-16     5.82869438795e-16     6.10134027701e-17     
13.188664635          -3.99812286561e-16    3.05742948253e-16     -3.99812286561e-16    3.05742948253e-16     6.01201262396e-16     6.4674464581e-17      
13.3679103025         -4.22027512697e-16    3.20312146187e-16     -4.22027512697e-16    3.20312146187e-16     6.19764493307e-16     6.84565089044e-17     
13.54715597           -4.44851116349e-16    3.35258524175e-16     -4.44851116349e-16    3.35258524175e-16     6.38558453112e-16     7.23602328414e-17     
13.7264016375         -4.68284053327e-16    3.50583259691e-16     -4.68284053327e-16    3.50583259691e-16     6.5758250038e-16      7.63863049948e-17     
13.905647305          -4.9232722732e-16     3.6628748095e-16      -4.9232722732e-16     3.6628748095e-16      6.76836029211e-16     8.05353668949e-17     
14.0848929725         -5.16981493311e-16    3.82372269464e-16     -5.16981493311e-16    3.82372269464e-16     6.96318468486e-16     8.48080343433e-17     
14.26413864           -5.42247660729e-16    3.98838662442e-16     -5.42247660729e-16    3.98838662442e-16     7.16029282494e-16     8.92048986783e-17     
14.4433843075         -5.68126496366e-16    4.15687655041e-16     -5.68126496366e-16    4.15687655041e-16     7.35967974912e-16     9.37265279697e-17     
14.622629975          -5.94618727073e-16    4.32920202489e-16     -5.94618727073e-16    4.32920202489e-16     7.56134104123e-16     9.83734681441e-17     
14.8018756425         -6.21725042266e-16    4.50537222076e-16     -6.21725042266e-16    4.50537222076e-16     7.7652737579e-16      1.03146244048e-16     
14.98112131           -6.4944609624e-16     4.68539595029e-16     -6.4944609624e-16     4.68539595029e-16     7.97147441293e-16     1.08044453559e-16     
15.1603669775         -6.77782510321e-16    4.86928168279e-16     -6.77782510321e-16    4.86928168279e-16     8.1799276184e-16      1.13069165859e-16     
15.339612645          -7.06734874868e-16    5.05703756125e-16     -7.06734874868e-16    5.05703756125e-16     8.39063342556e-16     1.18221131076e-16     
15.5188583125         -7.36303751126e-16    5.248671418e-16       -7.36303751126e-16    5.248671418e-16       8.60358870961e-16     1.23500799472e-16     
15.69810398           -7.66489672957e-16    5.44419078951e-16     -7.66489672957e-16    5.44419078951e-16     8.81879005439e-16     1.2890860472e-16      
15.8773496475         -7.97293148445e-16    5.64360293035e-16     -7.97293148445e-16    5.64360293035e-16     9.03623406033e-16     1.34444964667e-16     
16.056595315          -8.28714661401e-16    5.84691482637e-16     -8.28714661401e-16    5.84691482637e-16     9.25591741971e-16     1.40110282042e-16     
16.2358409825         -8.60754672752e-16    6.0541332071e-16      -8.60754672752e-16    6.0541332071e-16      9.47783694044e-16     1.4590494514e-16      
16.41508665           -8.93413621849e-16    6.26526455757e-16     -8.93413621849e-16    6.26526455757e-16     9.70198955304e-16     1.51829328462e-16     
16.5943323175         -9.26691927685e-16    6.48031512938e-16     -9.26691927685e-16    6.48031512938e-16     9.92837231096e-16     1.57883793323e-16     
16.773577985          -9.60589990029e-16    6.69929095125e-16     -9.60589990029e-16    6.69929095125e-16     1.0156982388e-15      1.64068688431e-16     
16.9528236525         -9.95108190491e-16    6.92219783894e-16     -9.95108190491e-16    6.92219783894e-16     1.03878170742e-15     1.7038435043e-16      
17.13206932           -1.03024689352e-15    7.1490414047e-16      -1.03024689352e-15    7.1490414047e-16      1.06208737716e-15     1.76831104424e-16     
17.3113149875         -1.06600644731e-15    7.3798270662e-16      -1.06600644731e-15    7.3798270662e-16      1.08561499892e-15     1.83409264468e-16     
17.490560655          -1.10238718473e-15    7.61456005496e-16     -1.10238718473e-15    7.61456005496e-16     1.10936433383e-15     1.90119134032e-16     
17.6698063225         -1.13938942408e-15    7.85324542441e-16     -1.13938942408e-15    7.85324542441e-16     1.13333515279e-15     1.96961006452e-16     
17.84905199           -1.17701346988e-15    8.09588805748e-16     -1.17701346988e-15    8.09588805748e-16     1.157527236e-15       2.03935165347e-16     
18.0282976575         -1.2152596136e-15     8.34249267385e-16     -1.2152596136e-15     8.34249267385e-16     1.18194037251e-15     2.11041885023e-16     
18.207543325          -1.25412813433e-15    8.59306383674e-16     -1.25412813433e-15    8.59306383674e-16     1.20657435986e-15     2.18281430855e-16     
18.3867889925         -1.29361929941e-15    8.84760595951e-16     -1.29361929941e-15    8.84760595951e-16     1.23142900361e-15     2.25654059647e-16     
18.56603466           -1.33373336503e-15    9.10612331181e-16     -1.33373336503e-15    9.10612331181e-16     1.25650411704e-15     2.33160019983e-16     
18.7452803275         -1.3744705768e-15     9.36862002544e-16     -1.3744705768e-15     9.36862002544e-16     1.28179952069e-15     2.40799552552e-16     
18.924525995          -1.41583117025e-15    9.63510009999e-16     -1.41583117025e-15    9.63510009999e-16     1.30731504213e-15     2.48572890462e-16     
19.1037716625         -1.45781537136e-15    9.90556740814e-16     -1.45781537136e-15    9.90556740814e-16     1.33305051556e-15     2.5648025954e-16      
19.28301733           -1.50042339703e-15    1.01800257008e-15     -1.50042339703e-15    1.01800257008e-15     1.35900578152e-15     2.64521878615e-16     
19.4622629975         -1.54365545548e-15    1.04584786117e-15     -1.54365545548e-15    1.04584786117e-15     1.38518068663e-15     2.72697959794e-16     
19.641508665          -1.58751174672e-15    1.07409296623e-15     -1.58751174672e-15    1.07409296623e-15     1.41157508329e-15     2.81008708714e-16     
19.8207543325         -1.63199246292e-15    1.10273822661e-15     -1.63199246292e-15    1.10273822661e-15     1.4381888294e-15      2.89454324793e-16     
20                    0                     0                     0                     0                     0                     0                     
