0.0779191396          0                     0                     0                     0                     0                     0                     
0.087577837391        1.55731483663         4.86726907539         1.55731483663         4.86726907539         0.591148051392        2.0146538805          
0.0972365351819       7.96542407547         22.3631286975         7.96542407547         22.3631286975         3.20082997741         9.19946807353         
0.106895232973        17.7262593138         45.8132617453         17.7262593138         45.8132617453         7.43403258583         18.7455976931         
0.116553930764        28.6298443831         68.856745803          28.6298443831         68.856745803          12.429124226          28.0263318561         
0.126212628555        39.2000559325         88.3456514706         39.2000559325         88.3456514706         17.5131181823         35.7592903507         
0.135871326346        48.6828256909         103.333818811         48.6828256909         103.333818811         22.2858648239         41.5759842812         
0.145530024137        56.7433107358         113.89504314          56.7433107358         113.89504314          26.5228962798         45.5231215387         
0.155188721928        63.3206256207         120.629392652         63.3206256207         120.629392652         30.1387717826         47.8673873831         
0.164847419719        68.5500067145         124.231883038         68.5500067145         124.231883038         33.1546029501         48.9050156619         
0.17450611751         72.5464784067         125.293912071         72.5464784067         125.293912071         35.587245051          48.8814742111         
0.184164815301        75.4733568143         124.404617551         75.4733568143         124.404617551         37.4940786733         48.0421066025         
0.193823513091        77.4588717571         122.007112824         77.4588717571         122.007112824         38.9120925145         46.5658364341         
0.203482210882        78.5971697673         118.501990402         78.5971697673         118.501990402         39.8664995643         44.625006623          
0.213140908673        79.0058730553         114.191445318         79.0058730553         114.191445318         40.4010811975         42.3446988383         
0.222799606464        78.7369844591         109.353691238         78.7369844591         109.353691238         40.5239684653         39.8561228757         
0.232458304255        77.8722895182         104.239111239         77.8722895182         104.239111239         40.2717202104         37.2864850749         
0.242117002046        76.5153611975         99.056611318          76.5153611975         99.056611318          39.7025246001         34.7440158975         
0.251775699837        74.7960497728         93.9355662329         74.7960497728         93.9355662329         38.8926666863         32.2930434044         
0.261434397628        72.8069244664         88.978756825          72.8069244664         88.978756825          37.9059491711         29.9824426812         
0.271093095419        70.6478301567         84.2244008057         70.6478301567         84.2244008057         36.8034922238         27.819682517          
0.28075179321         68.380900826          79.7081650269         68.380900826          79.7081650269         35.6246239074         25.8164547498         
0.290410491001        66.0687535905         75.4423486396         66.0687535905         75.4423486396         34.4101741386         23.9718767136         
0.300069188792        63.7552633805         71.4207627528         63.7552633805         71.4207627528         33.188859184          22.2741711672         
0.309727886583        61.4715218504         67.628216404          61.4715218504         67.628216404          31.980327883          20.7065584754         
0.319386584374        59.2285955494         64.0481355065         59.2285955494         64.0481355065         30.7906894318         19.2539226797         
0.329045282165        57.0318892593         60.6718857739         57.0318892593         60.6718857739         29.62224764           17.9074188209         
0.338703979956        54.8839507446         57.4946583316         54.8839507446         57.4946583316         28.476070956          16.6630459071         
0.348362677747        52.7920307148         54.5144033537         52.7920307148         54.5144033537         27.3568220501         15.5187508918         
0.358021375538        50.7631322356         51.724773856          50.7631322356         51.724773856          26.2696738552         14.470737229          
0.367680073329        48.8093873744         49.1187281777         48.8093873744         49.1187281777         25.2229203381         13.5138280046         
0.37733877112         46.9366248154         46.682276201          46.9366248154         46.682276201          24.2212773137         12.6394485827         
0.386997468911        45.1489638887         44.4015227832         45.1489638887         44.4015227832         23.267872236          11.8382972918         
0.396656166702        43.4422879587         42.2691631705         43.4422879587         42.2691631705         22.3612438265         11.1062677174         
0.406314864492        41.827392966          40.2600771867         41.827392966          40.2600771867         21.5074407385         10.4261569975         
0.415973562283        40.2952722627         38.3636523672         40.2952722627         38.3636523672         20.7007341221         9.79191321031         
0.425632260074        38.8365758168         36.5683232986         38.8365758168         36.5683232986         19.9351746868         9.19721135453         
0.435290957865        37.4537171615         34.8671198148         37.4537171615         34.8671198148         19.2124105971         8.63773508261         
0.444949655656        36.1203672109         33.251279397          36.1203672109         33.251279397          18.5142383598         8.11001945351         
0.454608353447        34.8532144799         31.717544179          34.8532144799         31.717544179          17.8525667149         7.61168647582         
0.464267051238        33.6319944107         30.2631965981         33.6319944107         30.2631965981         17.2142677267         7.1432280759          
0.473925749029        32.462376342          28.882580601          32.462376342          28.882580601          16.6028665864         6.7013809359          
0.48358444682         31.3381912202         27.5736648046         31.3381912202         27.5736648046         16.0146683969         6.28611753381         
0.493243144611        30.2561522664         26.3325944231         30.2561522664         26.3325944231         15.4479304871         5.89639857227         
0.502901842402        29.214996019          25.1576254802         29.214996019          25.1576254802         14.9019977239         5.53168937783         
0.512560540193        28.215295496          24.0462352425         28.215295496          24.0462352425         14.3774003709         5.19118604073         
0.522219237984        27.2519749459         22.9935676471         27.2519749459         22.9935676471         13.8716157835         4.87341049759         
0.531877935775        26.3283174986         22.0012394003         26.3283174986         22.0012394003         13.3864488492         4.57870679344         
0.541536633566        25.4404892025         21.0621932604         25.4404892025         21.0621932604         12.9201359433         4.30443944945         
0.551195331357        24.59058944           20.1741396419         24.59058944           20.1741396419         12.4739383171         4.04969042786         
0.560854029148        23.7756288741         19.3327055142         23.7756288741         19.3327055142         12.0463455491         3.81233758268         
0.570512726939        22.9934911895         18.535296718          22.9934911895         18.535296718          11.636482047          3.59151403908         
0.58017142473         22.2452468073         17.7809091565         22.2452468073         17.7809091565         11.2449713426         3.38641203028         
0.589830122521        21.5273923851         17.065203033          21.5273923851         17.065203033          10.8700842901         3.1953552749          
0.599488820312        20.8406359596         16.38633093           20.8406359596         16.38633093           10.5122085552         3.01733064712         
0.609147518103        20.1838981802         15.742109425          20.1838981802         15.742109425          10.1707769351         2.85121961998         
0.618806215893        19.5535345636         15.1282957625         19.5535345636         15.1282957625         9.84390894644         2.6955416049          
0.628464913684        18.9507254871         14.544818321          18.9507254871         14.544818321          9.53209229513         2.54973102806         
0.638123611475        18.3751819486         13.9892060108         18.3751819486         13.9892060108         9.23546594743         2.41294621839         
0.647782309266        17.8224302241         13.4582588887         17.8224302241         13.4582588887         8.9511501782          2.28354210267         
0.657441007057        17.2929202624         12.9516328666         17.2929202624         12.9516328666         8.67956732796         2.16158790092         
0.667099704848        16.7859973447         12.4673445321         16.7859973447         12.4673445321         8.42029798501         2.04609935071         
0.676758402639        16.2993680019         12.0037017393         16.2993680019         12.0037017393         8.17205743394         1.93649736319         
0.68641710043         15.8322053105         11.5595042021         15.8322053105         11.5595042021         7.93433348399         1.83224126583         
0.696075798221        15.3830636377         11.1335939667         15.3830636377         11.1335939667         7.70627832245         1.7329942907          
0.705734496012        14.9521705908         10.7250109559         14.9521705908         10.7250109559         7.48800744685         1.63814297114         
0.715393193803        14.5372515062         10.3324469688         14.5372515062         10.3324469688         7.2782280813          1.54744377373         
0.725051891594        14.1377534415         9.95524792604         14.1377534415         9.95524792604         7.07660170971         1.46064133601         
0.734710589385        13.7528004551         9.59255401726         13.7528004551         9.59255401726         6.882613472           1.3774358511          
0.744369287176        13.3817488153         9.24373767898         13.3817488153         9.24373767898         6.69587785064         1.29761218255         
0.754027984967        13.0234495757         8.90792198863         13.0234495757         8.90792198863         6.51575784632         1.22098027288         
0.763686682758        12.6773673347         8.5844439747          12.6773673347         8.5844439747          6.34194524771         1.14732550082         
0.773345380549        12.3433813329         8.27317279579         12.3433813329         8.27317279579         6.17433598844         1.0766348433          
0.78300407834         12.0194752176         7.97292850456         12.0194752176         7.97292850456         6.01183350343         1.00857543015         
0.792662776131        11.7060102696         7.6835067544          11.7060102696         7.6835067544          5.85471232576         0.943221696535        
0.802321473922        11.4016275116         7.40553918913         11.4016275116         7.40553918913         5.70195130839         0.880856732338        
0.811980171713        11.1069631449         7.13775259783         11.1069631449         7.13775259783         5.55424148284         0.821114288382        
0.821638869504        10.8212308285         6.87967673599         10.8212308285         6.87967673599         5.41098428383         0.763829386628        
0.831297567294        10.5443050446         6.63072560187         10.5443050446         6.63072560187         5.27218430129         0.708752493702        
0.840956265085        10.2757716999         6.39064992284         10.2757716999         6.39064992284         5.13756792826         0.655804943991        
0.850614962876        10.0143990849         6.15872178439         10.0143990849         6.15872178439         5.00649751901         0.604944485878        
0.860273660667        9.76088965364         5.93530531449         9.76088965364         5.93530531449         4.87932863007         0.556218362336        
0.869932358458        9.51415252183         5.7196272448          9.51415252183         5.7196272448          4.7555084047          0.509504189582        
0.879591056249        9.27417912107         5.511664503           9.27417912107         5.511664503           4.6350053793          0.464809031091        
0.88924975404         9.04045385597         5.31102102054         9.04045385597         5.31102102054         4.51756360304         0.422058092472        
0.898908451831        8.81299967646         5.11748154694         8.81299967646         5.11748154694         4.40321309441         0.381193846493        
0.908567149622        8.59113031423         4.93058225614         8.59113031423         4.93058225614         4.29160579157         0.342155148872        
0.918225847413        8.37479253183         4.75034859754         8.37479253183         4.75034859754         4.18269850463         0.304961238816        
0.927884545204        8.16373572146         4.57623610262         8.16373572146         4.57623610262         4.07640092822         0.269470497195        
0.937543242995        7.95740925103         4.40808375175         7.95740925103         4.40808375175         3.97242126166         0.235710239638        
0.947201940786        7.75596223547         4.2458155558          7.75596223547         4.2458155558          3.87083907944         0.203628610239        
0.956860638577        7.55839096863         4.08876463038         7.55839096863         4.08876463038         3.77116790817         0.173163263887        
0.966519336368        7.36444668322         3.93660697706         7.36444668322         3.93660697706         3.67329958352         0.144242615769        
0.976178034159        7.17197066963         3.78827028405         7.17197066963         3.78827028405         3.57614637071         0.116855914089        
0.98583673195         6.96868815032         3.63722126561         6.96868815032         3.63722126561         3.47359921874         0.090799338993        
0.995495429741        6.76265713259         3.48780424465         6.76265713259         3.48780424465         3.36970202266         0.0662816195736       
1.00515412753         6.56441432507         3.34531903417         6.56441432507         3.34531903417         3.26968266657         0.0432770619697       
1.01481282532         6.37389475409         3.20963662596         6.37389475409         3.20963662596         3.17355331119         0.0218572170724       
1.02447152311         6.1900892435          3.08020877621         6.1900892435          3.08020877621         3.08081527332         0.00197801705945      
1.0341302209          6.01253123614         2.95640326564         6.01253123614         2.95640326564         2.99118855703         -0.0166436884544      
1.0437889187          5.84143959288         2.83831054193         5.84143959288         2.83831054193         2.90483551015         -0.0339266040928      
1.05344761649         5.67566119105         2.72521478673         5.67566119105         2.72521478673         2.82116765332         -0.0499639762466      
1.06310631428         5.51562181534         2.61712675737         5.51562181534         2.61712675737         2.74040598501         -0.0648546682261      
1.07276501207         5.36066159039         2.5136643286          5.36066159039         2.5136643286          2.66221334181         -0.0786393181219      
1.08242370986         5.21120485036         2.41477138517         5.21120485036         2.41477138517         2.58684941334         -0.091384150046       
1.09208240765         5.06662682209         2.32031897805         5.06662682209         2.32031897805         2.51395473877         -0.103064371588       
1.10174110544         4.92650061838         2.22983438731         4.92650061838         2.22983438731         2.44332931342         -0.11379471947        
1.11139980323         4.79141697085         2.14313138742         4.79141697085         2.14313138742         2.37526406806         -0.123759009317       
1.12105850102         4.66074490179         2.05997805556         4.66074490179         2.05997805556         2.30944491102         -0.132967638153       
1.13071719881         4.53434126896         1.9802965852          4.53434126896         1.9802965852          2.24581283307         -0.141420902207       
1.14037589661         4.41179810884         1.90384972841         4.41179810884         1.90384972841         2.18415747452         -0.149178637229       
1.1500345944          4.29332080671         1.83062320757         4.29332080671         1.83062320757         2.12458645139         -0.156271440633       
1.15969329219         4.17865005923         1.76046434214         4.17865005923         1.76046434214         2.0669710274          -0.162718205317       
1.16935198998         4.06771259995         1.6931550288          4.06771259995         1.6931550288          2.01128381497         -0.168600200685       
1.17901068777         3.96026905799         1.6286275238          3.96026905799         1.6286275238          1.9573854789          -0.173918808715       
1.18866938556         3.85594875105         1.56659688143         3.85594875105         1.56659688143         1.90510436181         -0.178712172509       
1.19832808335         3.75566830541         1.50738323269         3.75566830541         1.50738323269         1.85488857183         -0.183059238662       
1.20798678114         3.65806075313         1.45034326469         3.65806075313         1.45034326469         1.80606212482         -0.186940110178       
1.21764547893         3.56376066884         1.39565357252         3.56376066884         1.39565357252         1.75893682647         -0.190433800428       
1.22730417672         3.47232692851         1.34311043459         3.47232692851         1.34311043459         1.71328714374         -0.193531913518       
1.23696287451         3.38408249759         1.29275238903         3.38408249759         1.29275238903         1.66927302289         -0.196304379883       
1.24662157231         3.29811384179         1.24415453368         3.29811384179         1.24415453368         1.62644748397         -0.198731479476       
1.2562802701          3.21509561199         1.19757217733         3.21509561199         1.19757217733         1.58513091388         -0.200859320672       
1.26593896789         3.13454256676         1.15272003567         3.13454256676         1.15272003567         1.54508009377         -0.202744452381       
1.27559766568         3.0565722919          1.10957359893         3.0565722919          1.10957359893         1.50633395961         -0.204414150851       
1.28525636347         2.98145500564         1.06830983375         2.98145500564         1.06830983375         1.46912863155         -0.205720722637       
1.29491506126         2.90822879032         1.0284241174          2.90822879032         1.0284241174          1.43284464985         -0.206886257671       
1.30457375905         2.83715806803         0.989967289591        2.83715806803         0.989967289591        1.39766891709         -0.207873217659       
1.31423245684         2.76840457941         0.952987615497        2.76840457941         0.952987615497        1.36367847908         -0.208693051215       
1.32389115463         2.70181436738         0.917349606975        2.70181436738         0.917349606975        1.33080367646         -0.209374758995       
1.33354985242         2.63713059513         0.883019516842        2.63713059513         0.883019516842        1.29888728843         -0.209891155597       
1.34320855022         2.57444627105         0.849923846557        2.57444627105         0.849923846557        1.26799694084         -0.210290571778       
1.35286724801         2.51346014097         0.817955096566        2.51346014097         0.817955096566        1.23796889905         -0.210565181204       
1.3625259458          2.45453070208         0.787194374902        2.45453070208         0.787194374902        1.20898882327         -0.210745708329       
1.37218464359         2.39721376666         0.757460452247        2.39721376666         0.757460452247        1.18082596248         -0.210838664296       
1.38184334138         2.34154787961         0.728751731646        2.34154787961         0.728751731646        1.15349804638         -0.210846829132       
1.39150203917         2.28743720226         0.701106967921        2.28743720226         0.701106967921        1.12694061795         -0.210737172269       
1.40116073696         2.23505808047         0.674313078195        2.23505808047         0.674313078195        1.10128031287         -0.210636354034       
1.41081943475         2.18404390684         0.648461566583        2.18404390684         0.648461566583        1.0762921455          -0.21044298683        
1.42047813254         2.13456380965         0.623474550986        2.13456380965         0.623474550986        1.05208039039         -0.210202336919       
1.43013683033         2.08646047468         0.599326351845        2.08646047468         0.599326351845        1.02855519739         -0.209916523112       
1.43979552812         2.03972105719         0.575989593101        2.03972105719         0.575989593101        1.00570811308         -0.209591492523       
1.44945422592         1.99422954945         0.55340566274         1.99422954945         0.55340566274         0.98348267898         -0.209226079124       
1.45911292371         1.9499978514          0.531569060078        1.9499978514          0.531569060078        0.96188201702         -0.208827586539       
1.4687716215          1.90699697305         0.510442581676        1.90699697305         0.510442581676        0.940892108099        -0.208407184798       
1.47843031929         1.86501778387         0.489774994584        1.86501778387         0.489774994584        0.920375596167        -0.208088298503       
1.48808901708         1.82433994136         0.470196853986        1.82433994136         0.470196853986        0.900561419684        -0.20747885345        
1.49774771487         1.78467701412         0.451054315772        1.78467701412         0.451054315772        0.881214522895        -0.206980733437       
1.50740641266         1.74587240192         0.432639170421        1.74587240192         0.432639170421        0.862272627669        -0.206375151377       
1.51706511045         1.70811175895         0.414831007177        1.70811175895         0.414831007177        0.84385071751         -0.205740314225       
1.52672380824         1.67143827497         0.397592693393        1.67143827497         0.397592693393        0.82596930503         -0.205106425625       
1.53638250603         1.63572064744         0.380890028167        1.63572064744         0.380890028167        0.808558792673        -0.20446327574        
1.54604120383         1.60098863247         0.364727437081        1.60098863247         0.364727437081        0.791629362611        -0.203820065531       
1.55569990162         1.56712504851         0.349054395569        1.56712504851         0.349054395569        0.775122715169        -0.203176007329       
1.56535859941         1.53410821028         0.333886576395        1.53410821028         0.333886576395        0.759024799186        -0.202514831382       
1.5750172972          1.50189170828         0.319206096016        1.50189170828         0.319206096016        0.743322363279        -0.201820873694       
1.58467599499         1.47044006378         0.305100610466        1.47044006378         0.305100610466        0.727965188716        -0.201055365365       
1.59433469278         1.4399256007          0.291230640841        1.4399256007          0.291230640841        0.71309824227         -0.200434058881       
1.60399339057         1.41021435211         0.277949110975        1.41021435211         0.277949110975        0.698596343479        -0.199734390001       
1.61365208836         1.38113107459         0.265064944034        1.38113107459         0.265064944034        0.684396075253        -0.199015596203       
1.62331078615         1.35283460893         0.252630405017        1.35283460893         0.252630405017        0.670575086808        -0.19828572338        
1.63296948394         1.32523633744         0.240623903381        1.32523633744         0.240623903381        0.657090510302        -0.197528749913       
1.64262818173         1.29838450675         0.228964016378        1.29838450675         0.228964016378        0.643955811821        -0.19679384908        
1.65228687953         1.27229072411         0.217657466407        1.27229072411         0.217657466407        0.631182987511        -0.196083573504       
1.66194557732         1.24688629311         0.206699128446        1.24688629311         0.206699128446        0.618738286049        -0.195388073533       
1.67160427511         1.22219954503         0.196112118011        1.22219954503         0.196112118011        0.60663688446         -0.194700047861       
1.6812629729          1.19826176894         0.185887018606        1.19826176894         0.185887018606        0.594893094638        -0.194033805294       
1.69092167069         1.17643025437         0.176212117065        1.17643025437         0.176212117065        0.584185375163        -0.193613001273       
1.70058036848         1.16388108072         0.168104492928        1.16388108072         0.168104492928        0.578072195556        -0.19465541116        
1.71023906627         1.15056435085         0.1600154101          1.15056435085         0.1600154101          0.571569263825        -0.195516220322       
1.71989776406         1.13676787155         0.152002901545        1.13676787155         0.152002901545        0.564816381632        -0.196242284228       
1.72955646185         1.12264727            0.144091385663        1.12264727            0.144091385663        0.557892034758        -0.196854935689       
1.73921515964         1.1082730067          0.136300190157        1.1082730067          0.136300190157        0.550831343211        -0.197361001377       
1.74887385744         1.09369218727         0.128642625037        1.09369218727         0.128642625037        0.543656970266        -0.197764562266       
1.75853255523         1.078941978           0.121126286962        1.078941978           0.121126286962        0.536388453661        -0.19806924656        
1.76819125302         1.06405650674         0.113760358921        1.06405650674         0.113760358921        0.529042235661        -0.198276845152       
1.77784995081         1.04906282402         0.106544456109        1.04906282402         0.106544456109        0.52163412442         -0.198392418775       
1.7875086486          1.03397408217         0.0994910055151       1.03397408217         0.0994910055151       0.514168248664        -0.198412865723       
1.79716734639         1.01880817825         0.092601837989        1.01880817825         0.092601837989        0.506655116364        -0.198341227071       
1.80682604418         1.00358182117         0.0858859217116       1.00358182117         0.0858859217116       0.499103213294        -0.198174839969       
1.81648474197         0.988319806643        0.0793362251056       0.988319806643        0.0793362251056       0.491526273552        -0.19792250628        
1.82614343976         0.973023610345        0.0729673527884       0.973023610345        0.0729673527884       0.483923522067        -0.197575762564       
1.83580213755         0.957727877585        0.0667772151879       0.957727877585        0.0667772151879       0.476315418643        -0.197140304558       
1.84546083534         0.942416786769        0.0607562180303       0.942416786769        0.0607562180303       0.468691827112        -0.196623545861       
1.85511953314         0.92710045314         0.0549231418392       0.92710045314         0.0549231418392       0.461058100587        -0.196013313447       
1.86477823093         0.912040374232        0.0491353428063       0.912040374232        0.0491353428063       0.45359195792         -0.195429332591       
1.87443692872         0.896628354858        0.0438234643973       0.896628354858        0.0438234643973       0.445865764936        -0.194530372845       
1.88409562651         0.881414524872        0.0385401846984       0.881414524872        0.0385401846984       0.438265930454        -0.193667576492       
1.8937543243          0.866285531951        0.0334265380091       0.866285531951        0.0334265380091       0.430712545844        -0.192735496862       
1.90341302209         0.85122863838         0.0285089998794       0.85122863838         0.0285089998794       0.423192593888        -0.191713697687       
1.91307171988         0.836231847518        0.0237630487711       0.836231847518        0.0237630487711       0.415697361251        -0.190620697081       
1.92273041767         0.821316279258        0.0191957776805       0.821316279258        0.0191957776805       0.408240570261        -0.1894535064         
1.93238911546         0.806493786584        0.0148126267601       0.806493786584        0.0148126267601       0.400829981487        -0.188209346268       
1.94204781325         0.791771785609        0.0105975275557       0.791771785609        0.0105975275557       0.393468113585        -0.186901093945       
1.95170651105         0.777170659524        0.00655952054936      0.777170659524        0.00655952054936      0.386168326182        -0.185522790932       
1.96136520884         0.762654029036        0.00269357543001      0.762654029036        0.00269357543001      0.378908382463        -0.18407628497        
1.97102390663         0.748270064633        -0.00100907010411     0.748270064633        -0.00100907010411     0.371716526373        -0.182571474156       
1.98068260442         0.73401764519         -0.00454457746415     0.73401764519         -0.00454457746415     0.364591862524        -0.181006030245       
1.99034130221         0.719898540843        -0.0079182025963      0.719898540843        -0.0079182025963      0.357535528794        -0.179383727476       
2                     0.705912235969        -0.0111375018449      0.705912235969        -0.0111375018449      0.35054668436         -0.177709704585       
2.001                 0.704476083606        -0.0114598302131      0.704476083606        -0.0114598302131      0.349829851487        -0.177532419378       
2.20423625233         0.44884098765         -0.0497380326099      0.44884098765         -0.0497380326099      0.222834567909        -0.135177127768       
2.40747250465         0.267674948558        -0.0554362783367      0.267674948558        -0.0554362783367      0.133731809585        -0.0937985457403      
2.61070875698         0.146960897694        -0.0469264415947      0.146960897694        -0.0469264415947      0.0737545708027       -0.0607749382901      
2.81394500931         0.0731777755968       -0.0319291296786      0.0731777755968       -0.0319291296786      0.0366837487802       -0.0353996825364      
3.01718126163         0.0335155241048       -0.0185419730185      0.0335155241048       -0.0185419730185      0.0168348176651       -0.0185631923073      
3.22041751396         0.0138752673758       -0.00965267070156     0.0138752673758       -0.00965267070156     0.00697112551496      -0.00893999726224     
3.42365376629         0.00510890460513      -0.0044029809605      0.00510890460513      -0.0044029809605      0.00255044581438      -0.00385565351921     
3.62689001861         0.00167599027278      -0.00178667513854     0.00167599027278      -0.00178667513854     0.000828758997364     -0.00149864501108     
3.83012627094         0.000475346479244     -0.000639948524637    0.000475346479244     -0.000639948524637    0.000229386466866     -0.000519207298137    
4.03336252327         0.000113285882357     -0.00020199697212     0.000113285882357     -0.00020199697212     5.18485994311e-05     -0.000159575460591    
4.23659877559         2.10008027202e-05     -5.52022351661e-05    2.10008027202e-05     -5.52022351661e-05    8.33905158673e-06     -4.26927309258e-05    
4.43983502792         2.32692007498e-06     -1.26478503839e-05    2.32692007498e-06     -1.26478503839e-05    3.73172750659e-07     -9.61995965607e-06    
4.64307128025         -1.36000134921e-07    -2.25110157479e-06    -1.36000134921e-07    -2.25110157479e-06    -2.96694255715e-07    -1.69076165131e-06    
4.84630753257         -1.13143018979e-07    -2.41799747893e-07    -1.13143018979e-07    -2.41799747893e-07    -1.02088792331e-07    -1.80002678254e-07    
5.0495437849          -5.23874134832e-09    -2.22295656217e-09    -5.23874134832e-09    -2.22295656217e-09    -4.26461077271e-09    -1.64687968474e-09    
5.0505437849          -5.06162800453e-09    -2.12201315608e-09    -5.06162800453e-09    -2.12201315608e-09    -4.12113803213e-09    -1.57172687124e-09    
5.0675437849          -2.57899632658e-09    -8.39293471402e-10    -2.57899632658e-09    -8.39293471402e-10    -2.11001046221e-09    -6.15321225926e-10    
5.0845437849          -9.82378029975e-10    -1.56380167008e-10    -9.82378029975e-10    -1.56380167008e-10    -8.14876906924e-10    -1.038436473e-10      
5.1015437849          -1.20298215144e-10    1.6633799886e-10      -1.20298215144e-10    1.6633799886e-10      -1.14193644632e-10    1.40135588918e-10     
5.1185437849          3.92263246662e-11     4.31451537767e-10     3.92263246662e-11     4.31451537767e-10     1.43591128087e-11     3.55183124544e-10     
5.1355437849          3.43590502254e-11     9.10421801069e-10     3.43590502254e-11     9.10421801069e-10     1.31345725845e-11     7.55267577912e-10     
5.1525437849          2.6121222781e-11      1.3545509144e-09      2.6121222781e-11      1.3545509144e-09      1.03925338569e-11     1.13077329778e-09     
5.1695437849          1.76910424203e-11     1.71342542856e-09     1.76910424203e-11     1.71342542856e-09     7.39712669986e-12     1.4381328775e-09      
5.1705437849          1.72198390544e-11     1.73162103111e-09     1.72198390544e-11     1.73162103111e-09     7.22597877705e-12     1.45384274874e-09     
5.34921193207         -7.09304204811e-12    1.74772696421e-09     -7.09304204811e-12    1.74772696421e-09     -2.51548729439e-12    1.53137041105e-09     
5.52788007924         -1.03853927811e-12    6.03267948683e-10     -1.03853927811e-12    6.03267948683e-10     -4.04544731134e-13    5.47653081186e-10     
5.70654822641         1.1111712811e-13      1.45772470854e-10     1.1111712811e-13      1.45772470854e-10     3.67027849176e-14     1.36780855176e-10     
5.88521637358         4.79902786514e-14     2.71927652196e-11     4.79902786514e-14     2.71927652196e-11     1.76665545059e-14     2.63425056406e-11     
6.06388452075         3.29987436174e-15     3.82753365345e-12     3.29987436174e-15     3.82753365345e-12     1.28217392675e-15     3.82577651458e-12     
6.24255266792         -7.09772487796e-16    3.38693365572e-13     -7.09772487796e-16    3.38693365572e-13     -2.58622475039e-16    3.49210654342e-13     
6.42122081509         -2.51686959987e-17    3.50785808417e-15     -2.51686959987e-17    3.50785808417e-15     -9.40057162563e-18    3.73061972892e-15     
6.59988896226         8.19619722449e-15     1.18156883193e-16     8.19619722449e-15     1.18156883193e-16     8.99212870525e-15     4.45434840428e-17     
6.77855710943         4.64731620589e-15     1.10857822678e-16     4.64731620589e-15     1.10857822678e-16     5.26141915851e-15     4.2004835388e-17      
6.9572252566          1.44959717867e-15     5.1501704284e-17      1.44959717867e-15     5.1501704284e-17      1.69440110283e-15     1.90965158622e-17     
7.13589340377         3.48087488369e-16     1.72253996986e-17     3.48087488369e-16     1.72253996986e-17     4.20165509062e-16     6.15868083156e-18     
7.31456155094         6.7199298549e-17      4.42070481738e-18     6.7199298549e-17      4.42070481738e-18     8.37783964386e-17     1.52927692761e-18     
7.49322969811         3.41498400489e-18     2.88553810643e-19     3.41498400489e-18     2.88553810643e-19     4.39814768615e-18     9.73295904484e-20     
7.67189784528         4.35640280649e-18     4.60491570802e-19     4.35640280649e-18     4.60491570802e-19     5.79744469845e-18     1.52529443214e-19     
7.85056599245         5.35621749063e-18     6.93679250554e-19     5.35621749063e-18     6.93679250554e-19     7.36775976289e-18     2.2694749602e-19      
8.02923413962         6.40040006712e-18     9.98632892464e-19     6.40040006712e-18     9.98632892464e-19     9.10355002303e-18     3.24167487363e-19     
8.20790228679         7.4758437515e-18      1.38595940358e-18     7.4758437515e-18      1.38595940358e-18     1.09999515945e-17     4.4744953746e-19      
8.38657043396         8.57030756646e-18     1.86626528005e-18     8.57030756646e-18     1.86626528005e-18     1.30517219478e-17     6.01142877796e-19     
8.56523858113         9.67236733394e-18     2.45008341631e-18     9.67236733394e-18     2.45008341631e-18     1.52542985515e-17     7.88045459813e-19     
8.7439067283          1.07713684287e-17     3.14781507187e-18     1.07713684287e-17     3.14781507187e-18     1.76026831471e-17     1.01273520057e-18     
8.92257487547         1.18573791814e-17     3.96968446375e-18     1.18573791814e-17     3.96968446375e-18     2.00933358895e-17     1.27851723071e-18     
9.10124302264         1.29211450215e-17     4.92570382292e-18     1.29211450215e-17     4.92570382292e-18     2.27211471335e-17     1.58872552983e-18     
9.27991116981         1.39540437799e-17     6.02564708496e-18     1.39540437799e-17     6.02564708496e-18     2.54825229116e-17     1.94758965069e-18     
9.45857931698         1.49480425843e-17     7.27903067618e-18     1.49480425843e-17     7.27903067618e-18     2.83742867033e-17     2.35866869759e-18     
9.63724746415         1.58956566844e-17     8.69510010676e-18     1.58956566844e-17     8.69510010676e-18     3.13925925062e-17     2.82414553976e-18     
9.81591561132         1.67899104355e-17     1.02828212958e-17     1.67899104355e-17     1.02828212958e-17     3.45336131039e-17     3.3484745416e-18      
9.99458375849         1.7624300564e-17      1.20508757332e-17     1.7624300564e-17      1.20508757332e-17     3.77946012155e-17     3.93494539949e-18     
10.1732519057         1.83927617601e-17     1.40076587361e-17     1.83927617601e-17     1.40076587361e-17     4.11728237298e-17     4.58675277009e-18     
10.3519200528         1.90896345819e-17     1.6161280182e-17      1.90896345819e-17     1.6161280182e-17      4.4666077787e-17      5.3066464764e-18      
10.5305882            1.97096356091e-17     1.85195672109e-17     1.97096356091e-17     1.85195672109e-17     4.82706670563e-17     6.09695725945e-18     
10.7092563472         2.02478297601e-17     2.10900684739e-17     2.02478297601e-17     2.10900684739e-17     5.19842487003e-17     6.96142563228e-18     
10.8879244943         2.06996046616e-17     2.38800595807e-17     2.06996046616e-17     2.38800595807e-17     5.58047015742e-17     7.90285501843e-18     
11.0665926415         2.10606469548e-17     2.68965494615e-17     2.10606469548e-17     2.68965494615e-17     5.97299484107e-17     8.92395387869e-18     
11.2452607887         2.13269204139e-17     3.01462874075e-17     2.13269204139e-17     3.01462874075e-17     6.37580417473e-17     1.00273373316e-17     
11.4239289358         2.14946457546e-17     3.36357705973e-17     2.14946457546e-17     3.36357705973e-17     6.78872295615e-17     1.12155290947e-17     
11.602597083          2.15602820098e-17     3.73712519544e-17     2.15602820098e-17     3.73712519544e-17     7.21161233378e-17     1.24903247125e-17     
11.7812652302         2.15205093579e-17     4.13587482057e-17     2.15205093579e-17     4.13587482057e-17     7.6441759839e-17      1.38540059833e-17     
11.9599333774         2.13722132914e-17     4.56040480396e-17     2.13722132914e-17     4.56040480396e-17     8.08628605188e-17     1.53094133633e-17     
12.1386015245         2.11124700206e-17     5.01127202799e-17     2.11124700206e-17     5.01127202799e-17     8.53780267805e-17     1.68587275803e-17     
12.3172696717         2.07385330161e-17     5.48901220086e-17     2.07385330161e-17     5.48901220086e-17     8.99858812541e-17     1.85040503979e-17     
12.4959378189         2.02478205965e-17     5.99414065872e-17     2.02478205965e-17     5.99414065872e-17     9.46851119271e-17     2.02474072498e-17     
12.674605966          1.96379044778e-17     6.52715315324e-17     1.96379044778e-17     6.52715315324e-17     9.94744797802e-17     2.20907498749e-17     
12.8532741132         1.89064992068e-17     7.08852662174e-17     1.89064992068e-17     7.08852662174e-17     1.04352821967e-16     2.40359589342e-17     
13.0319422604         1.80514524041e-17     7.67871993731e-17     1.80514524041e-17     7.67871993731e-17     1.09319059722e-16     2.60848465941e-17     
13.2106104075         1.7070735753e-17      8.29817463725e-17     1.7070735753e-17      8.29817463725e-17     1.14372236514e-16     2.82391590645e-17     
13.3892785547         1.59624366713e-17     8.94731562869e-17     1.59624366713e-17     8.94731562869e-17     1.19511764934e-16     3.05001560812e-17     
13.5679467019         1.47247506111e-17     9.62655187033e-17     1.47247506111e-17     9.62655187033e-17     1.24735550103e-16     3.28691065099e-17     
13.7466148491         1.3355973935e-17      1.03362770302e-16     1.3355973935e-17      1.03362770302e-16     1.30042883419e-16     3.53482687882e-17     
13.9252829962         1.18544973218e-17     1.10768701192e-16     1.18544973218e-17     1.10768701192e-16     1.35433031078e-16     3.79391495405e-17     
14.1039511434         1.02187996592e-17     1.18486960999e-16     1.02187996592e-17     1.18486960999e-16     1.40905222257e-16     4.06432012497e-17     
14.2826192906         8.44744238366e-18     1.26521064719e-16     8.44744238366e-18     1.26521064719e-16     1.46458708402e-16     4.34618243898e-17     
14.4612874377         6.5390642312e-18      1.34874398336e-16     6.5390642312e-18      1.34874398336e-16     1.52092773059e-16     4.63963694841e-17     
14.6399555849         4.49237636764e-18     1.43550224199e-16     4.49237636764e-18     1.43550224199e-16     1.5780673381e-16      4.94481390891e-17     
14.8186237321         2.30615786662e-18     1.52551686188e-16     2.30615786662e-18     1.52551686188e-16     1.63599942064e-16     5.26183897038e-17     
14.9972918792         -2.07484912394e-20    1.6188181465e-16      -2.07484912394e-20    1.6188181465e-16      1.6947178219e-16      5.59083336066e-17     
15.1759600264         -2.4894401234e-18     1.71543531123e-16     -2.4894401234e-18     1.71543531123e-16     1.75421670553e-16     5.93191406204e-17     
15.3546281736         -5.10095827787e-18    1.81539652865e-16     -5.10095827787e-18    1.81539652865e-16     1.81449054792e-16     6.28519398075e-17     
15.5332963208         -7.85629141415e-18    1.91872897172e-16     -7.85629141415e-18    1.91872897172e-16     1.87553413775e-16     6.65078210957e-17     
15.7119644679         -1.07563783519e-17    2.02545885514e-16     -1.07563783519e-17    2.02545885514e-16     1.93734259172e-16     7.0287836839e-17      
15.8906326151         -1.3802111205e-17     2.13561147487e-16     -1.3802111205e-17     2.13561147487e-16     1.99991141719e-16     7.41930033129e-17     
16.0693007623         -1.69943381182e-17    2.24921124588e-16     -1.69943381182e-17    2.24921124588e-16     2.06323677814e-16     7.82243021484e-17     
16.2479689094         -2.03338658191e-17    2.36628173822e-16     -2.03338658191e-17    2.36628173822e-16     2.12731794382e-16     8.23824469068e-17     
16.4266370566         -2.3821462002e-17     2.48684571148e-16     -2.3821462002e-17     2.48684571148e-16     2.19214189235e-16     8.66678300888e-17     
16.6053052038         -2.74578575541e-17    2.61092514773e-16     -2.74578575541e-17    2.61092514773e-16     2.25770516145e-16     9.1082052607e-17      
16.7839733509         -3.12437486358e-17    2.73854128293e-16     -3.12437486358e-17    2.73854128293e-16     2.32400527929e-16     9.56259708853e-17     
16.9626414981         -3.51797986275e-17    2.86971463704e-16     -3.51797986275e-17    2.86971463704e-16     2.39103901636e-16     1.00300413022e-16     
17.1413096453         -3.926663995e-17      3.00446504264e-16     -3.926663995e-17      3.00446504264e-16     2.45880310148e-16     1.05106179897e-16     
17.3199777925         -4.35048757696e-17    3.14281167241e-16     -4.35048757696e-17    3.14281167241e-16     2.52729433931e-16     1.10044046222e-16     
17.4986459396         -4.78950815957e-17    3.28477306528e-16     -4.78950815957e-17    3.28477306528e-16     2.59650964368e-16     1.15114761563e-16     
17.6773140868         -5.24378067774e-17    3.43036715149e-16     -5.24378067774e-17    3.43036715149e-16     2.66644604755e-16     1.203190513e-16       
17.855982234          -5.7133575908e-17     3.57961127647e-16     -5.7133575908e-17     3.57961127647e-16     2.73710070454e-16     1.25657617558e-16     
18.0346503811         -6.19828901423e-17    3.73252222374e-16     -6.19828901423e-17    3.73252222374e-16     2.80847088698e-16     1.31131140095e-16     
18.2133185283         -6.69862284338e-17    3.8891162367e-16      -6.69862284338e-17    3.8891162367e-16      2.88055398242e-16     1.36740277152e-16     
18.3919866755         -7.21440486963e-17    4.04940903955e-16     -7.21440486963e-17    4.04940903955e-16     2.95334748945e-16     1.42485666264e-16     
18.5706548226         -7.7456788896e-17     4.21341585726e-16     -7.7456788896e-17     4.21341585726e-16     3.0268490133e-16      1.48367925044e-16     
18.7493229698         -8.29248680787e-17    4.38115143461e-16     -8.29248680787e-17    4.38115143461e-16     3.10105626145e-16     1.54387651923e-16     
18.927991117          -8.85486873351e-17    4.5526300545e-16      -8.85486873351e-17    4.5526300545e-16      3.17596703939e-16     1.60545426869e-16     
19.1066592642         -9.43286307109e-17    4.72786555536e-16     -9.43286307109e-17    4.72786555536e-16     3.25157924652e-16     1.6684181207e-16      
19.2853274113         -1.00265066063e-16    4.90687134792e-16     -1.00265066063e-16    4.90687134792e-16     3.32789087247e-16     1.73277352587e-16     
19.4639955585         -1.06358345864e-16    5.08966043115e-16     -1.06358345864e-16    5.08966043115e-16     3.40489999369e-16     1.79852576988e-16     
19.6426637057         -1.12608807967e-16    5.27624540757e-16     -1.12608807967e-16    5.27624540757e-16     3.48260477057e-16     1.86567997943e-16     
19.8213318528         -1.19016776321e-16    5.46663849788e-16     -1.19016776321e-16    5.46663849788e-16     3.56100344516e-16     1.93424112804e-16     
20                    0                     0                     0                     0                     0                     0                     
