0.0779191396          0                     0                     0                     0                     0                     0                     
0.0873648795261       0.582078872485        0.149793916117        0.582078872485        0.149793916117        0.152830010521        0.0700248285159       
0.0968106194523       2.93222344692         0.444317278491        2.93222344692         0.444317278491        0.814743463725        0.217525719218        
0.106256359378        6.3862742174          0.226381768569        6.3862742174          0.226381768569        1.84269867401         0.142009861302        
0.115702099305        9.74142374778         -0.781351538066       9.74142374778         -0.781351538066       2.8402701457          -0.298951027815       
0.125147839231        12.2622002807         -2.18484470497        12.2622002807         -2.18484470497        3.53669094439         -0.934405359138       
0.134593579157        13.8993754413         -3.57428477136        13.8993754413         -3.57428477136        3.92601182518         -1.57373370601        
0.144039319083        14.8252107661         -4.77139654549        14.8252107661         -4.77139654549        4.08437278476         -2.13030189818        
0.153485059009        15.226550469          -5.72958485159        15.226550469          -5.72958485159        4.08602437368         -2.57950004767        
0.162930798935        15.2574376577         -6.45788853423        15.2574376577         -6.45788853423        3.98735418079         -2.92359361677        
0.172376538861        15.0350083919         -6.9852207348         15.0350083919         -6.9852207348         3.82854273801         -3.17481095398        
0.181822278787        14.6435429979         -7.34636664556        14.6435429979         -7.34636664556        3.63604259386         -3.34859176321        
0.191268018714        14.1390729362         -7.5709040522         14.1390729362         -7.5709040522         3.42572862            -3.45865385684        
0.20071375864         13.5708918274         -7.68655049627        13.5708918274         -7.68655049627        3.21110987815         -3.51753986528        
0.210159498566        12.9692173434         -7.71729342496        12.9692173434         -7.71729342496        2.99946884059         -3.53627607137        
0.219605238492        12.3558297822         -7.68259398418        12.3558297822         -7.68259398418        2.79565353319         -3.52394301461        
0.229050978418        11.7453920747         -7.59897122904        11.7453920747         -7.59897122904        2.60225179179         -3.4882851258         
0.238496718344        11.1473345357         -7.47939044897        11.1473345357         -7.47939044897        2.42038782544         -3.43539820539        
0.24794245827         10.5668183774         -7.3331300781         10.5668183774         -7.3331300781         2.25003335118         -3.36968813536        
0.257388198196        10.0082490665         -7.16762857021        10.0082490665         -7.16762857021        2.09125384289         -3.29469486504        
0.266833938123        9.47367561057         -6.98851841046        9.47367561057         -6.98851841046        1.94355621764         -3.21309231186        
0.276279678049        8.96432886006         -6.79990409735        8.96432886006         -6.79990409735        1.80647710331         -3.12683586291        
0.285725417975        8.4809190805          -6.60555855289        8.4809190805          -6.60555855289        1.67953021494         -3.03771779038        
0.295171157901        8.02354582815         -6.40808030604        8.02354582815         -6.40808030604        1.56221431942         -2.94697701905        
0.304616897827        7.59221111645         -6.21018423554        7.59221111645         -6.21018423554        1.45410363324         -2.85590960313        
0.314062637753        7.1849748899          -6.01323603232        7.1849748899          -6.01323603232        1.35412127888         -2.76517329348        
0.323508377679        6.80149895617         -5.81858704702        6.80149895617         -5.81858704702        1.2617760152          -2.67536782742        
0.332954117606        6.44146286318         -5.62866555141        6.44146286318         -5.62866555141        1.1770107264          -2.587694532          
0.342399857532        6.10135812225         -5.44268172044        6.10135812225         -5.44268172044        1.09822348342         -2.50177767602        
0.351845597458        5.78102692103         -5.26108682825        5.78102692103         -5.26108682825        1.02530565599         -2.41793929101        
0.361291337384        5.47933401632         -5.0847238088         5.47933401632         -5.0847238088         0.957728899975        -2.33646030593        
0.37073707731         5.19662143942         -4.91420397636        5.19662143942         -4.91420397636        0.895584132669        -2.25763378462        
0.380182817236        4.92990462088         -4.74942101781        4.92990462088         -4.74942101781        0.83784362806         -2.18145632395        
0.389628557162        4.67798171363         -4.58983232513        4.67798171363         -4.58983232513        0.783978650027        -2.10768372642        
0.399074297088        4.44067833322         -4.43602755352        4.44067833322         -4.43602755352        0.733964895105        -2.03658344387        
0.408520037015        4.2170053287          -4.28742044559        4.2170053287          -4.28742044559        0.68749313935         -1.96790371231        
0.417965776941        4.0058930442          -4.14436183457        4.0058930442          -4.14436183457        0.644175245712        -1.90179085321        
0.427411516867        3.80646036057         -4.00647435777        3.80646036057         -4.00647435777        0.603738609505        -1.83808747074        
0.436857256793        3.6180293169          -3.87351451314        3.6180293169          -3.87351451314        0.565959539055        -1.77667977606        
0.446302996719        3.43984248497         -3.74541086999        3.43984248497         -3.74541086999        0.53061326034         -1.71752452675        
0.455748736645        3.27119028526         -3.62192579174        3.27119028526         -3.62192579174        0.497516072604        -1.66051702059        
0.465194476571        3.11201002757         -3.50277835993        3.11201002757         -3.50277835993        0.466628444222        -1.60551357432        
0.474640216497        2.96122559594         -3.38796058461        2.96122559594         -3.38796058461        0.437687794289        -1.55252342015        
0.484085956424        2.8185525472          -3.27723130172        2.8185525472          -3.27723130172        0.410613617893        -1.50143048452        
0.49353169635         2.68372389104         -3.17041979963        2.68372389104         -3.17041979963        0.385362433574        -1.45216601518        
0.502977436276        2.55598045783         -3.06779869599        2.55598045783         -3.06779869599        0.361707867941        -1.40484766219        
0.512423176202        2.43507803081         -2.96893875581        2.43507803081         -2.96893875581        0.339570542467        -1.35927284884        
0.521868916128        2.32041069538         -2.87381286285        2.32041069538         -2.87381286285        0.318786307489        -1.31541935212        
0.531314656054        2.21105614672         -2.78191624205        2.21105614672         -2.78191624205        0.299086587488        -1.27310231436        
0.54076039598         2.10763076726         -2.69337608305        2.10763076726         -2.69337608305        0.280688750039        -1.23234020147        
0.550206135907        2.00953884775         -2.60805727474        2.00953884775         -2.60805727474        0.263435352008        -1.19306186399        
0.559651875833        1.91612739703         -2.52561475268        1.91612739703         -2.52561475268        0.247128331896        -1.15513583212        
0.569097615759        1.82791842581         -2.44658969903        1.82791842581         -2.44658969903        0.232011173065        -1.1187571544         
0.578543355685        1.74389493972         -2.37038163159        1.74389493972         -2.37038163159        0.217689594371        -1.0837023875         
0.587989095611        1.66400441498         -2.2969356204         1.66400441498         -2.2969356204         0.204215722142        -1.0499350478         
0.597434835537        1.58781392541         -2.22612813612        1.58781392541         -2.22612813612        0.191448064891        -1.01738579717        
0.606880575463        1.51524809147         -2.15781899744        1.51524809147         -2.15781899744        0.179391261751        -0.985998774208       
0.616326315389        1.44625148537         -2.09188851239        1.44625148537         -2.09188851239        0.168055539054        -0.955715029479       
0.625772055316        1.38016877499         -2.02828694436        1.38016877499         -2.02828694436        0.157207582107        -0.926516687451       
0.635217795242        1.31724231172         -1.96688394098        1.31724231172         -1.96688394098        0.146975291627        -0.898334413333       
0.644663535168        1.25714145835         -1.90750059559        1.25714145835         -1.90750059559        0.137265376768        -0.871088378161       
0.654109275094        1.19933507868         -1.8493748677         1.19933507868         -1.8493748677         0.128027096193        -0.84443343506        
0.66355501502         1.14507348638         -1.79472451767        1.14507348638         -1.79472451767        0.119354112499        -0.819377121234       
0.673000754946        1.09276444353         -1.74106934739        1.09276444353         -1.74106934739        0.11107265271         -0.794785911652       
0.682446494872        1.04277040844         -1.6891936324         1.04277040844         -1.6891936324         0.103210817428        -0.771012049681       
0.691892234798        0.994780742755        -1.63885462231        0.994780742755        -1.63885462231        0.0956840941962       -0.74796406974        
0.701337974725        0.948982792023        -1.58998757575        0.948982792023        -1.58998757575        0.0885577583383       -0.725605836938       
0.710783714651        0.905320726165        -1.54273642686        0.905320726165        -1.54273642686        0.0818426895334       -0.703988530814       
0.720229454577        0.863611087516        -1.4969028742         0.863611087516        -1.4969028742         0.0754859393073       -0.683021657129       
0.729675194503        0.823750757485        -1.45251586511        0.823750757485        -1.45251586511        0.069469776188        -0.662721465784       
0.739120934429        0.785722564092        -1.40949137722        0.785722564092        -1.40949137722        0.0637972793145       -0.643045120649       
0.748566674355        0.749416519808        -1.36787538525        0.749416519808        -1.36787538525        0.0584420497421       -0.624017176847       
0.758012414281        0.714581753914        -1.3274276506         0.714581753914        -1.3274276506         0.0533481871987       -0.605528027213       
0.767458154208        0.681332542912        -1.28831373423        0.681332542912        -1.28831373423        0.048539415004        -0.587651900972       
0.776903894134        0.649510944547        -1.25038465876        0.649510944547        -1.25038465876        0.0439877322794       -0.570323485872       
0.78634963406         0.619052318338        -1.21364515186        0.619052318338        -1.21364515186        0.0396678865626       -0.553542048126       
0.795795373986        0.589919622021        -1.17804862247        0.589919622021        -1.17804862247        0.0355862130647       -0.537286724396       
0.805241113912        0.561987684736        -1.14349377854        0.561987684736        -1.14349377854        0.0317067695525       -0.521510325145       
0.814686853838        0.535196121368        -1.11000151459        0.535196121368        -1.11000151459        0.0280108995031       -0.506224526778       
0.824132593764        0.509505753736        -1.07753972225        0.509505753736        -1.07753972225        0.0244915943078       -0.491410047475       
0.83357833369         0.484729801615        -1.04588682248        0.484729801615        -1.04588682248        0.0210996608341       -0.476983656421       
0.843024073617        0.461045508326        -1.01518330742        0.461045508326        -1.01518330742        0.017893145238        -0.462988310487       
0.852469813543        0.438335685127        -0.985299474369       0.438335685127        -0.985299474369       0.0148545777523       -0.449367103473       
0.861915553469        0.41658185952         -0.956268685203       0.41658185952         -0.956268685203       0.011971969613        -0.436137368072       
0.871361293395        0.395717068796        -0.92803130504        0.395717068796        -0.92803130504        0.00923685077153      -0.423271803977       
0.880807033321        0.375711049684        -0.90057546817        0.375711049684        -0.90057546817        0.00664489767203      -0.410764835918       
0.890252773247        0.356504914679        -0.873806396455       0.356504914679        -0.873806396455       0.00418565863686      -0.398573979276       
0.899698513173        0.338137218168        -0.847827835653       0.338137218168        -0.847827835653       0.00186693958675      -0.386746583366       
0.909144253099        0.320497357378        -0.822488193168       0.320497357378        -0.822488193168       -0.000331691178039    -0.375211648842       
0.918589993026        0.303583541623        -0.797811636725       0.303583541623        -0.797811636725       -0.00240809668212     -0.363978828425       
0.928035732952        0.287353716411        -0.77377646691        0.287353716411        -0.77377646691        -0.00437330152298     -0.353038133273       
0.937481472878        0.271794024903        -0.750354836021       0.271794024903        -0.750354836021       -0.00622078550626     -0.342378516821       
0.946927212804        0.256783853128        -0.727648608527       0.256783853128        -0.727648608527       -0.00799870173891     -0.332040732951       
0.95637295273         0.242424154062        -0.70506623983        0.242424154062        -0.70506623983        -0.00964045401288     -0.321781384888       
0.965818692656        0.22863726142         -0.683166540285       0.22863726142         -0.683166540285       -0.0111857951433      -0.311820125776       
0.975264432582        0.215362933885        -0.661580230914       0.215362933885        -0.661580230914       -0.0126254908367      -0.302002191874       
0.984710172509        0.202286344755        -0.639364429702       0.202286344755        -0.639364429702       -0.0139416593304      -0.291896583864       
0.994155912435        0.189496174705        -0.616807248016       0.189496174705        -0.616807248016       -0.0151424989746      -0.281634652646       
1.00360165236         0.177356909283        -0.595143565481       0.177356909283        -0.595143565481       -0.0162640502516      -0.271779758708       
1.01304739229         0.165862788488        -0.574299274358       0.165862788488        -0.574299274358       -0.0172932637372      -0.262299114066       
1.02249313221         0.154933707726        -0.554225667712       0.154933707726        -0.554225667712       -0.0182542033555      -0.253169578806       
1.03193887214         0.144543312075        -0.534864865853       0.144543312075        -0.534864865853       -0.019145642503       -0.244364274909       
1.04138461207         0.134637594161        -0.516188046296       0.134637594161        -0.516188046296       -0.019984654011       -0.23587347512        
1.05083035199         0.125212052111        -0.498091445101       0.125212052111        -0.498091445101       -0.0207571826887      -0.22764795642        
1.06027609192         0.116286290668        -0.480613106716       0.116286290668        -0.480613106716       -0.0214563281829      -0.219703220184       
1.06972183184         0.10780708102         -0.463732411795       0.10780708102         -0.463732411795       -0.0220985381988      -0.212030620426       
1.07916757177         0.0997546602187       -0.447408842648       0.0997546602187       -0.447408842648       -0.0226833551221      -0.204609772903       
1.0886133117          0.0921025094012       -0.43158345255        0.0921025094012       -0.43158345255        -0.0232095421673      -0.197415185649       
1.09805905162         0.0848584926049       -0.416368402775       0.0848584926049       -0.416368402775       -0.0236882685122      -0.19049861476        
1.10750479155         0.0779789549209       -0.401619618114       0.0779789549209       -0.401619618114       -0.0241144643615      -0.183793847816       
1.11695053147         0.0714429916589       -0.387346913924       0.0714429916589       -0.387346913924       -0.024496313971       -0.177305635508       
1.1263962714          0.0652217217926       -0.373532571583       0.0652217217926       -0.373532571583       -0.0248427160438      -0.171027459498       
1.13584201133         0.0593422572817       -0.36017846642        0.0593422572817       -0.36017846642        -0.0251414824741      -0.164957176457       
1.14528775125         0.0537720174002       -0.347240968785       0.0537720174002       -0.347240968785       -0.0253967435319      -0.159075861715       
1.15473349118         0.0485020733143       -0.334744760461       0.0485020733143       -0.334744760461       -0.0256133869159      -0.15339505183        
1.16417923111         0.0434963418395       -0.322638742137       0.0434963418395       -0.322638742137       -0.0257999769914      -0.147890733678       
1.17362497103         0.0387676439541       -0.310932607639       0.0387676439541       -0.310932607639       -0.0259489375358      -0.142568013421       
1.18307071096         0.0342780185232       -0.299611105048       0.0342780185232       -0.299611105048       -0.0260729388862      -0.137420699997       
1.19251645088         0.0300366620762       -0.288622201881       0.0300366620762       -0.288622201881       -0.0261612646778      -0.132425291105       
1.20196219081         0.0260295061104       -0.278012600283       0.0260295061104       -0.278012600283       -0.0262251446325      -0.127601048623       
1.21140793074         0.0222444065544       -0.267731142811       0.0222444065544       -0.267731142811       -0.0262605610008      -0.122925208896       
1.22085367066         0.0186648064528       -0.257776833095       0.0186648064528       -0.257776833095       -0.0262729878973      -0.118397297788       
1.23029941059         0.0153097355507       -0.248145378961       0.0153097355507       -0.248145378961       -0.0262515182737      -0.11401608765        
1.23974515051         0.0121324592342       -0.238827095472       0.0121324592342       -0.238827095472       -0.0262142492495      -0.109776759337       
1.24919089044         0.00913743021775      -0.229782176255       0.00913743021775      -0.229782176255       -0.0261541970467      -0.105661743764       
1.25863663037         0.00633241351678      -0.221033177537       0.00633241351678      -0.221033177537       -0.0260694651851      -0.101680568929       
1.26808237029         0.0036956271189       -0.212564554391       0.0036956271189       -0.212564554391       -0.025965299187       -0.0978259158421      
1.27752811022         0.00122320098161      -0.204362903571       0.00122320098161      -0.204362903571       -0.0258409933469      -0.0940919963661      
1.28697385014         -0.00110050566678     -0.196427284025       -0.00110050566678     -0.196427284025       -0.0257018075096      -0.0904788283573      
1.29641959007         -0.00326898028827     -0.188737323906       -0.00326898028827     -0.188737323906       -0.025542039093       -0.086977507853       
1.30586533            -0.00529323696242     -0.181294280562       -0.00529323696242     -0.181294280562       -0.0253663585269      -0.0835871016737      
1.31531106992         -0.00718865815361     -0.17407887661        -0.00718865815361     -0.17407887661        -0.0251767274192      -0.0802997982922      
1.32475680985         -0.0089492659733      -0.167097409137       -0.0089492659733      -0.167097409137       -0.0249710177836      -0.0771182403842      
1.33420254978         -0.0105880159784      -0.160331825195       -0.0105880159784      -0.160331825195       -0.0247520453062      -0.0740343618159      
1.3436482897          -0.0121086838196      -0.153791597843       -0.0121086838196      -0.153791597843       -0.0245220254548      -0.0710523402145      
1.35309402963         -0.0135056590771      -0.147447092441       -0.0135056590771      -0.147447092441       -0.024273420661       -0.0681586275202      
1.36253976955         -0.014799497248       -0.141306428929       -0.014799497248       -0.141306428929       -0.0240156810486      -0.0653571376182      
1.37198550948         -0.0159856635703      -0.135355797323       -0.0159856635703      -0.135355797323       -0.0237451079915      -0.0626414691495      
1.38143124941         -0.0170702736383      -0.129603360731       -0.0170702736383      -0.129603360731       -0.0234636044041      -0.0600155684225      
1.39087698933         -0.0180599753011      -0.124025869703       -0.0180599753011      -0.124025869703       -0.0231711758773      -0.0574684389857      
1.40032272926         -0.0189561308088      -0.118635262902       -0.0189561308088      -0.118635262902       -0.0228695256397      -0.055005571316       
1.40976846918         -0.0197642040532      -0.113410043478       -0.0197642040532      -0.113410043478       -0.0225572732234      -0.0526174157798      
1.41921420911         -0.0204885388332      -0.108352670721       -0.0204885388332      -0.108352670721       -0.0222364317061      -0.0503050207096      
1.42865994904         -0.0211305335713      -0.103461161999       -0.0211305335713      -0.103461161999       -0.0219066252793      -0.0480674581467      
1.43810568896         -0.021695246553       -0.0987256163375      -0.021695246553       -0.0987256163375      -0.0215683528336      -0.0459001615191      
1.44755142889         -0.0221850190298      -0.0941413074847      -0.0221850190298      -0.0941413074847      -0.0212217022651      -0.0438012713388      
1.45699716882         -0.0226035104658      -0.0897064162283      -0.0226035104658      -0.0897064162283      -0.0208677052316      -0.0417698757253      
1.46644290874         -0.022955140701       -0.0854200841232      -0.022955140701       -0.0854200841232      -0.0205074658471      -0.0398053142314      
1.47588864867         -0.0232400530437      -0.0812687011235      -0.0232400530437      -0.0812687011235      -0.0201389715327      -0.0379015070961      
1.48533438859         -0.0234641222974      -0.0772598501008      -0.0234641222974      -0.0772598501008      -0.019765465287       -0.0360621240267      
1.49478012852         -0.0236262761451      -0.0733780367197      -0.0236262761451      -0.0733780367197      -0.0193841254335      -0.034279885278       
1.50422586845         -0.0237292977557      -0.0696293827645      -0.0237292977557      -0.0696293827645      -0.01899633613        -0.0325578484349      
1.51367160837         -0.0237805299713      -0.0660004196994      -0.0237805299713      -0.0660004196994      -0.0186039113915      -0.0308897647226      
1.5231173483          -0.0237788422675      -0.062500726551       -0.0237788422675      -0.062500726551       -0.0182067768319      -0.0292799351168      
1.53256308822         -0.0237258813197      -0.0591171885247      -0.0237258813197      -0.0591171885247      -0.0178036199936      -0.0277224072673      
1.54200882815         -0.0236235853242      -0.0558495724216      -0.0236235853242      -0.0558495724216      -0.0173950143858      -0.0262171312561      
1.55145456808         -0.0234751055162      -0.052694629525       -0.0234751055162      -0.052694629525       -0.016981659183       -0.0247626930531      
1.560900308           -0.0232802358457      -0.0496500899374      -0.0232802358457      -0.0496500899374      -0.0165628967239      -0.0233580799859      
1.57034604793         -0.0230425961247      -0.0467128723226      -0.0230425961247      -0.0467128723226      -0.0161396282606      -0.0220017873689      
1.57979178785         -0.0227641947433      -0.0438820942778      -0.0227641947433      -0.0438820942778      -0.0157123006959      -0.0206934967342      
1.58923752778         -0.0224450822868      -0.0411526809621      -0.0224450822868      -0.0411526809621      -0.0152800355376      -0.0194308563632      
1.59868326771         -0.022088997719       -0.038526513598       -0.022088997719       -0.038526513598       -0.0148444901741      -0.0182148859073      
1.60812900763         -0.02169397661        -0.0359968701907      -0.02169397661        -0.0359968701907      -0.0144034448773      -0.0170423980696      
1.61757474756         -0.0212649092059      -0.0335644801464      -0.0212649092059      -0.0335644801464      -0.0139591382403      -0.0159137640011      
1.62702048749         -0.0208011697109      -0.0312269111047      -0.0208011697109      -0.0312269111047      -0.0135105888806      -0.01482794257        
1.63646622741         -0.0203068388299      -0.0289856610945      -0.0203068388299      -0.0289856610945      -0.0130595241888      -0.0137856488745      
1.64591196734         -0.0197778040641      -0.0268326698277      -0.0197778040641      -0.0268326698277      -0.0126025566999      -0.0127831291183      
1.65535770726         -0.0192213847738      -0.0247726045762      -0.0192213847738      -0.0247726045762      -0.0121437590465      -0.0118225615931      
1.66480344719         -0.0186360948408      -0.0228023471443      -0.0186360948408      -0.0228023471443      -0.0116814429331      -0.0109026479237      
1.67424918712         -0.0180242505477      -0.0209221175221      -0.0180242505477      -0.0209221175221      -0.0112162485484      -0.0100234108944      
1.68369492704         -0.0173922566723      -0.0191366100727      -0.0173922566723      -0.0191366100727      -0.0107516280092      -0.0091872857494      
1.69314066697         -0.016788553452       -0.017492350566       -0.016788553452       -0.017492350566       -0.010316516197       -0.00841662361736     
1.70258640689         -0.0162385315037      -0.0160043569785      -0.0162385315037      -0.0160043569785      -0.00992534548309     -0.00771896020111     
1.71203214682         -0.0156433628361      -0.0145664676768      -0.0156433628361      -0.0145664676768      -0.0095166800128      -0.00704324568739     
1.72147788675         -0.0150088906155      -0.0131866188252      -0.0150088906155      -0.0131866188252      -0.00909370442227     -0.00639328450953     
1.73092362667         -0.0143390856022      -0.0118701111578      -0.0143390856022      -0.0118701111578      -0.00865838432063     -0.00577163604575     
1.7403693666          -0.0136379410123      -0.0106216832178      -0.0136379410123      -0.0106216832178      -0.00821257092596     -0.00518056633838     
1.74981510653         -0.0129098611798      -0.00944543667126     -0.0129098611798      -0.00944543667126     -0.0077582396509      -0.00462208237894     
1.75926084645         -0.0121595038359      -0.00834481508003     -0.0121595038359      -0.00834481508003     -0.00729744459884     -0.0040979060632      
1.76870658638         -0.0113924393249      -0.00732296020385     -0.0113924393249      -0.00732296020385     -0.00683267199529     -0.00360963403322     
1.7781523263          -0.010614878955       -0.00638228146746     -0.010614878955       -0.00638228146746     -0.00636669425648     -0.00315853840063     
1.78759806623         -0.009833616092       -0.00552414740773     -0.009833616092       -0.00552414740773     -0.00590256198504     -0.00274543833435     
1.79704380616         -0.00905600167492     -0.0047488073643      -0.00905600167492     -0.0047488073643      -0.00544361565974     -0.00237064216753     
1.80648954608         -0.00828949299681     -0.00405514840568     -0.00828949299681     -0.00405514840568     -0.00499325890381     -0.00203383017894     
1.81593528601         -0.00754141162863     -0.00344058723684     -0.00754141162863     -0.00344058723684     -0.00455487125372     -0.00173400250372     
1.82538102593         -0.00681849718992     -0.00290120337579     -0.00681849718992     -0.00290120337579     -0.00413159896634     -0.00146952261567     
1.83482676586         -0.00612657370882     -0.00243192360726     -0.00612657370882     -0.00243192360726     -0.00372618534106     -0.00123819161332     
1.84427250579         -0.00547027874127     -0.00202682710554     -0.00547027874127     -0.00202682710554     -0.00334084463345     -0.00103738977663     
1.85371824571         -0.00485295653315     -0.00167955715248     -0.00485295653315     -0.00167955715248     -0.00297719827425     -0.000864258325251    
1.86316398564         -0.00427670719252     -0.00138364772731     -0.00427670719252     -0.00138364772731     -0.00263629185376     -0.000715852937645    
1.87260972556         -0.00374253892489     -0.00113283958069     -0.00374253892489     -0.00113283958069     -0.00231865812562     -0.000589296602972    
1.88205546549         -0.00325053780152     -0.000921264280587    -0.00325053780152     -0.000921264280587    -0.00202439322397     -0.000481868151245    
1.89150120542         -0.00280003217495     -0.000743560613579    -0.00280003217495     -0.000743560613579    -0.00175322444794     -0.00039106059998     
1.90094694534         -0.00238984350368     -0.000594959285978    -0.00238984350368     -0.000594959285978    -0.00150462947441     -0.000314630071814    
1.91039268527         -0.00201845803921     -0.000471237634143    -0.00201845803921     -0.000471237634143    -0.00127792133911     -0.000250573091895    
1.9198384252          -0.00168409987028     -0.000368700684516    -0.00168409987028     -0.000368700684516    -0.00107227376254     -0.000197122733247    
1.92928416512         -0.00138490658604     -0.000284194066913    -0.00138490658604     -0.000284194066913    -0.000886816317851    -0.000152766234467    
1.93872990505         -0.00111898088701     -0.000214973505503    -0.00111898088701     -0.000214973505503    -0.000720655659204    -0.000116174803602    
1.94817564497         -0.000884459335355    -0.000158690895151    -0.000884459335355    -0.000158690895151    -0.000572912504487    -8.62047266446e-05    
1.9576213849          -0.000679574245505    -0.00011333289875     -0.000679574245505    -0.00011333289875     -0.000442757252064    -6.18683887585e-05    
2.001                 -8.00840020865e-05    -2.67380740213e-06    -8.00840020865e-05    -2.67380740213e-06    -5.37339510962e-05    -1.2902831933e-06     
2.01194591213         -1.43078605382e-05    8.33233229344e-06     -1.43078605382e-05    8.33233229344e-06     -9.88231855018e-06    4.94928853761e-06     
2.02289182426         1.72648398352e-06     2.782761948e-05       1.72648398352e-06     2.782761948e-05       7.43328284062e-07     1.75929182844e-05     
2.03383773639         2.28678514772e-06     8.38230959888e-05     2.28678514772e-06     8.38230959888e-05     9.98030729906e-07     5.57655651184e-05     
2.04478364851         2.51924388043e-06     0.000153771144187     2.51924388043e-06     0.000153771144187     1.10773583286e-06     0.000104349859473     
2.05572956064         2.52194676978e-06     0.000230209706773     2.52194676978e-06     0.000230209706773     1.11502115526e-06     0.000158282564796     
2.06667547277         2.36533830311e-06     0.00030933782157      2.36533830311e-06     0.00030933782157      1.05083724521e-06     0.000214941940171     
2.0776213849          2.10212504356e-06     0.000388789711167     2.10212504356e-06     0.000388789711167     9.38481852582e-07     0.000272658434984     
2.0786213849          2.07423686217e-06     0.000396004629792     2.07423686217e-06     0.000396004629792     9.26469193536e-07     0.000277940847679     
2.25964541132         -1.39111018306e-06    0.00115983118165      -1.39111018306e-06    0.00115983118165      -6.1058276226e-07     0.00091022427504      
2.44066943773         1.21558431142e-07     0.000934120304375     1.21558431142e-07     0.000934120304375     5.07339554919e-08     0.000805597345439     
2.62169346415         2.31794723094e-07     0.000418896875587     2.31794723094e-07     0.000418896875587     1.02328831953e-07     0.000395283633313     
2.80271749056         -7.71280162955e-08    6.25327617241e-05     -7.71280162955e-08    6.25327617241e-05     -3.39003437143e-08    6.45531372438e-05     
2.98374151698         5.27067055474e-05     3.00897769749e-07     5.27067055474e-05     3.00897769749e-07     5.98219147374e-05     -1.93408036504e-07    
3.16476554339         0.000169213071498     2.22777209139e-06     0.000169213071498     2.22777209139e-06     0.000209667435615     -2.65712132931e-06    
3.34578956981         0.000213135221725     5.08800852482e-06     0.000213135221725     5.08800852482e-06     0.000287451533597     -5.9584425841e-06     
3.52681359622         0.000190476920496     7.26462106093e-06     0.000190476920496     7.26462106093e-06     0.000279390525125     -7.68702086026e-06    
3.70783762264         0.00013811113922      7.78324997245e-06     0.00013811113922      7.78324997245e-06     0.000220408065409     -7.31110322739e-06    
3.88886164905         8.57239746785e-05     6.77396364063e-06     8.57239746785e-05     6.77396364063e-06     0.000149046266422     -5.64334638273e-06    
4.06988567547         4.6803613345e-05      4.99805056719e-06     4.6803613345e-05      4.99805056719e-06     8.88409561754e-05     -3.7016007503e-06     
4.25090970188         2.2834551127e-05      3.20848060455e-06     2.2834551127e-05      3.20848060455e-06     4.74562467832e-05     -2.12448223694e-06    
4.4319337283          1.00531021925e-05     1.82278813523e-06     1.00531021925e-05     1.82278813523e-06     2.29579573515e-05     -1.08397736019e-06    
4.61295775471         4.01936726463e-06     9.27336508124e-07     4.01936726463e-06     9.27336508124e-07     1.01319521223e-05     -4.97326636105e-07    
4.79398178113         1.46538548261e-06     4.26089628818e-07     1.46538548261e-06     4.26089628818e-07     4.10024662034e-06     -2.07056461363e-07    
4.97500580754         4.88407621862e-07     1.77942671626e-07     4.88407621862e-07     1.77942671626e-07     1.5272548376e-06      -7.86310740119e-08    
5.15602983396         1.49006567692e-07     6.78700220972e-08     1.49006567692e-07     6.78700220972e-08     5.25113455212e-07     -2.73538654585e-08    
5.33705386037         4.16182024519e-08     2.37321197794e-08     4.16182024519e-08     2.37321197794e-08     1.67033111544e-07     -8.7465969324e-09     
5.51807788679         1.06304664751e-08     7.63064727326e-09     1.06304664751e-08     7.63064727326e-09     4.92410005617e-08     -2.57765232654e-09    
5.6991019132          2.47677157407e-09     2.2615559571e-09      2.47677157407e-09     2.2615559571e-09      1.34719657691e-08     -7.0186714484e-10     
5.88012593962         5.23823918374e-10     6.19067993266e-10     5.23823918374e-10     6.19067993266e-10     3.42462466241e-09     -1.76792939483e-10    
6.06114996603         9.97033937578e-11     1.5677264992e-10      9.97033937578e-11     1.5677264992e-10      8.0963181882e-10      -4.12520554435e-11    
6.24217399245         1.6808260808e-11      3.67793110726e-11     1.6808260808e-11      3.67793110726e-11     1.78155950443e-10     -8.92647785489e-12    
6.42319801886         2.42793684951e-12     8.00282679904e-12     2.42793684951e-12     8.00282679904e-12     3.651236343e-11       -1.79292622727e-12    
6.60422204528         2.75757585559e-13     1.61662522015e-12     2.75757585559e-13     1.61662522015e-12     6.97333738787e-12     -3.34506883641e-13    
6.78524607169         1.66958547958e-14     3.03533210453e-13     1.66958547958e-14     3.03533210453e-13     1.24207485234e-12     -5.80241356905e-14    
6.96627009811         -2.4486413472e-15     5.30389864931e-14     -2.4486413472e-15     5.30389864931e-14     2.0653068106e-13      -9.3676674043e-15     
7.14729412452         -1.16029034958e-15    8.58087004727e-15     -1.16029034958e-15    8.58087004727e-15     3.18848697448e-14     -1.40025972904e-15    
7.32831815094         -3.18481404963e-16    1.48826186683e-15     -3.18481404963e-16    1.48826186683e-15     5.29058211113e-15     -2.24300987404e-16    
7.50934217735         -8.30701124146e-17    2.92493019478e-16     -8.30701124146e-17    2.92493019478e-16     9.97069004557e-16     -4.068695821e-17      
7.69036620377         -2.44316448558e-17    7.05107496306e-17     -2.44316448558e-17    7.05107496306e-17     2.30984549228e-16     -9.04443879598e-18    
7.87139023018         -3.15047730216e-17    7.8274609167e-17      -3.15047730216e-17    7.8274609167e-17      2.46902304858e-16     -9.24718390141e-18    
8.0524142566          -3.91822484338e-17    8.65232063284e-17     -3.91822484338e-17    8.65232063284e-17     2.63273122772e-16     -9.39994057277e-18    
8.23343828302         -4.74701142764e-17    9.52632450479e-17     -4.74701142764e-17    9.52632450479e-17     2.80093555985e-16     -9.49980697042e-18    
8.41446230943         -5.63738589319e-17    1.04501000826e-16     -5.63738589319e-17    1.04501000826e-16     2.97360434505e-16     -9.54404185209e-18    
8.59548633585         -6.58984743605e-17    1.14242352783e-16     -6.58984743605e-17    1.14242352783e-16     3.15070841656e-16     -9.53005526147e-18    
8.77651036226         -7.60485075629e-17    1.24492813095e-16     -7.60485075629e-17    1.24492813095e-16     3.33222092327e-16     -9.45539960802e-18    
8.95753438868         -8.68281060274e-17    1.3525755403e-16      -8.68281060274e-17    1.3525755403e-16      3.51811713458e-16     -9.31776116945e-18    
9.13855841509         -9.82410579404e-17    1.46541432773e-16     -9.82410579404e-17    1.46541432773e-16     3.70837426963e-16     -9.11495203182e-18    
9.31958244151         -1.10290827827e-16    1.58349014235e-16     -1.10290827827e-16    1.58349014235e-16     3.90297135679e-16     -8.84490247132e-18    
9.50060646792         -1.22980588195e-16    1.7068459201e-16      -1.22980588195e-16    1.7068459201e-16      4.10188914154e-16     -8.50565377306e-18    
9.68163049434         -1.36313247687e-16    1.83552207634e-16     -1.36313247687e-16    1.83552207634e-16     4.30511011989e-16     -8.09535147632e-18    
9.86265452075         -1.50291476156e-16    1.96955668303e-16     -1.50291476156e-16    1.96955668303e-16     4.51261930035e-16     -7.6122390319e-18     
10.0436785472         -1.64917727052e-16    2.10898563176e-16     -1.64917727052e-16    2.10898563176e-16     4.72440294116e-16     -7.05553753597e-18    
10.2247025736         -1.80194257428e-16    2.25384278383e-16     -1.80194257428e-16    2.25384278383e-16     4.94043472488e-16     -6.42320262894e-18    
10.4057266            -1.96123145859e-16    2.40416010855e-16     -1.96123145859e-16    2.40416010855e-16     5.16070529493e-16     -5.7133989837e-18     
10.5867506264         -2.12706308503e-16    2.55996781073e-16     -2.12706308503e-16    2.55996781073e-16     5.38520295112e-16     -4.92470568695e-18    
10.7677746528         -2.29945513535e-16    2.72129444831e-16     -2.29945513535e-16    2.72129444831e-16     5.61391636608e-16     -4.05577352077e-18    
10.9487986792         -2.4784239412e-16     2.88816704091e-16     -2.4784239412e-16     2.88816704091e-16     5.8468348556e-16      -3.10532070112e-18    
11.1298227057         -2.66398460105e-16    3.06061117027e-16     -2.66398460105e-16    3.06061117027e-16     6.0839484028e-16      -2.07212889429e-18    
11.3108467321         -2.85615108562e-16    3.23865107289e-16     -2.85615108562e-16    3.23865107289e-16     6.32524763362e-16     -9.55039493138e-19    
11.4918707585         -3.05493633316e-16    3.42230972597e-16     -3.05493633316e-16    3.42230972597e-16     6.5707237796e-16      2.47049863792e-19     
11.6728947849         -3.26035233554e-16    3.61160892688e-16     -3.26035233554e-16    3.61160892688e-16     6.82036863809e-16     1.5351885467e-18      
11.8539188113         -3.47241021628e-16    3.80656936678e-16     -3.47241021628e-16    3.80656936678e-16     7.07417453311e-16     2.91037597762e-18     
12.0349428377         -3.69112030131e-16    4.00721069897e-16     -3.69112030131e-16    4.00721069897e-16     7.33213427826e-16     4.37356447665e-18     
12.2159668641         -3.91649218317e-16    4.21355160232e-16     -3.91649218317e-16    4.21355160232e-16     7.59424114197e-16     5.92566192475e-18     
12.3969908906         -4.14853477942e-16    4.4256098401e-16      -4.14853477942e-16    4.4256098401e-16      7.86048881524e-16     7.56753425568e-18     
12.578014917          -4.38725638576e-16    4.64340231477e-16     -4.38725638576e-16    4.64340231477e-16     8.13087138178e-16     9.30000778897e-18     
12.7590389434         -4.63266472444e-16    4.86694511885e-16     -4.63266472444e-16    4.86694511885e-16     8.40538329049e-16     1.11238714147e-17     
12.9400629698         -4.88476698841e-16    5.09625358238e-16     -4.88476698841e-16    5.09625358238e-16     8.68401932997e-16     1.30398786403e-17     
13.1210869962         -5.14356988167e-16    5.331342317e-16       -5.14356988167e-16    5.331342317e-16       8.96677460507e-16     1.50487495094e-17     
13.3021110226         -5.40907965612e-16    5.57222525715e-16     -5.40907965612e-16    5.57222525715e-16     9.25364451529e-16     1.71511724003e-17     
13.4831350491         -5.68130214528e-16    5.81891569847e-16     -5.68130214528e-16    5.81891569847e-16     9.54462473475e-16     1.9347805714e-17      
13.6641590755         -5.96024279518e-16    6.07142633361e-16     -5.96024279518e-16    6.07142633361e-16     9.83971119384e-16     2.16392794575e-17     
13.8451831019         -6.24590669272e-16    6.32976928576e-16     -6.24590669272e-16    6.32976928576e-16     1.01389000622e-15     2.40261967313e-17     
14.0262071283         -6.53829859164e-16    6.5939561399e-16      -6.53829859164e-16    6.5939561399e-16      1.04421877329e-15     2.65091351261e-17     
14.2072311547         -6.83742293642e-16    6.86399797212e-16     -6.83742293642e-16    6.86399797212e-16     1.07495708083e-15     2.90886480354e-17     
14.3882551811         -7.14328388424e-16    7.13990537699e-16     -7.14328388424e-16    7.13990537699e-16     1.10610460862e-15     3.17652658905e-17     
14.5692792075         -7.4558853252e-16     7.42168849328e-16     -7.4558853252e-16     7.42168849328e-16     1.13766105481e-15     3.4539497321e-17      
14.750303234          -7.77523090089e-16    7.70935702797e-16     -7.77523090089e-16    7.70935702797e-16     1.16962613472e-15     3.74118302482e-17     
14.9313272604         -8.10132402164e-16    8.00292027886e-16     -8.10132402164e-16    8.00292027886e-16     1.20199957985e-15     4.0382732914e-17      
15.1123512868         -8.43416788229e-16    8.30238715571e-16     -8.43416788229e-16    8.30238715571e-16     1.23478113691e-15     4.34526548502e-17     
15.2933753132         -8.77376547681e-16    8.60776620014e-16     -8.77376547681e-16    8.60776620014e-16     1.26797056695e-15     4.6622027792e-17      
15.4743993396         -9.12011961187e-16    8.91906560435e-16     -9.12011961187e-16    8.91906560435e-16     1.30156764461e-15     4.98912665403e-17     
15.655423366          -9.4732329193e-16     9.23629322862e-16     -9.4732329193e-16     9.23629322862e-16     1.33557215745e-15     5.32607697734e-17     
15.8364473925         -9.83310786767e-16    9.55945661788e-16     -9.83310786767e-16    9.55945661788e-16     1.3699839054e-15      5.6730920815e-17      
16.0174714189         -1.0199746773e-15     9.88856301727e-16     -1.0199746773e-15     9.88856301727e-16     1.40480270048e-15     6.0302088358e-17      
16.1984954453         -1.05731518087e-15    1.02236193867e-15     -1.05731518087e-15    1.02236193867e-15     1.44002836669e-15     6.39746271493e-17     
16.3795194717         -1.09533250147e-15    1.05646324149e-15     -1.09533250147e-15    1.05646324149e-15     1.47566074071e-15     6.77488786361e-17     
16.5605434981         -1.13402683064e-15    1.09116085321e-15     -1.13402683064e-15    1.09116085321e-15     1.51169967397e-15     7.16251715778e-17     
16.7415675245         -1.17339834818e-15    1.12645539225e-15     -1.17339834818e-15    1.12645539225e-15     1.54814503994e-15     7.56038226242e-17     
16.9225915509         -1.21344722299e-15    1.16234745358e-15     -1.21344722299e-15    1.16234745358e-15     1.58499677214e-15     7.96851368636e-17     
17.1036155774         -1.25417361367e-15    1.19883760983e-15     -1.25417361367e-15    1.19883760983e-15     1.62225485116e-15     8.38689985827e-17     
17.2846396038         -1.29557766921e-15    1.23592641229e-15     -1.29557766921e-15    1.23592641229e-15     1.65991851907e-15     8.81558723016e-17     
17.4656636302         -1.33765952957e-15    1.27361439193e-15     -1.33765952957e-15    1.27361439193e-15     1.69798786166e-15     9.25462427366e-17     
17.6466876566         -1.38041932623e-15    1.3119020603e-15      -1.38041932623e-15    1.3119020603e-15      1.73646280803e-15     9.70403737241e-17     
17.827711683          -1.42385718272e-15    1.35078991038e-15     -1.42385718272e-15    1.35078991038e-15     1.77534326434e-15     1.01638519874e-16     
18.0087357094         -1.46797321509e-15    1.39027841746e-15     -1.46797321509e-15    1.39027841746e-15     1.81462913338e-15     1.06340926964e-16     
18.1897597358         -1.51276753237e-15    1.4303680399e-15      -1.51276753237e-15    1.4303680399e-15      1.85432031933e-15     1.11147832323e-16     
18.3707837623         -1.55824023698e-15    1.47105921987e-15     -1.55824023698e-15    1.47105921987e-15     1.89441672933e-15     1.16059465181e-16     
18.5518077887         -1.60439142513e-15    1.51235238404e-15     -1.60439142513e-15    1.51235238404e-15     1.93491827409e-15     1.21076047015e-16     
18.7328318151         -1.6512211872e-15     1.55424794429e-15     -1.6512211872e-15     1.55424794429e-15     1.97582486805e-15     1.2619779187e-16      
18.9138558415         -1.69872960804e-15    1.59674629831e-15     -1.69872960804e-15    1.59674629831e-15     2.01713642947e-15     1.31424906665e-16     
19.0948798679         -1.74691676735e-15    1.6398478302e-15      -1.74691676735e-15    1.6398478302e-15      2.0588528803e-15      1.36757591487e-16     
19.2759038943         -1.79578273996e-15    1.68355291106e-15     -1.79578273996e-15    1.68355291106e-15     2.1009741461e-15      1.42196039871e-16     
19.4569279208         -1.84532759608e-15    1.72786189954e-15     -1.84532759608e-15    1.72786189954e-15     2.14350015589e-15     1.4774043906e-16      
19.6379519472         -1.8955514016e-15     1.77277514232e-15     -1.8955514016e-15     1.77277514232e-15     2.18643084205e-15     1.53390970259e-16     
19.8189759736         -1.94645421834e-15    1.81829297464e-15     -1.94645421834e-15    1.81829297464e-15     2.22976614011e-15     1.59147808879e-16     
20                    0                     0                     0                     0                     0                     0                     
