0.0779191396          0                     0                     0                     0                     0                     0                     
0.0877948878836       -0.113280433191       -0.179792287363       -0.113280433191       -0.179792287363       -0.00592702551287     -0.00347729762746     
0.0976706361672       -0.410021307894       -0.769893647739       -0.410021307894       -0.769893647739       -0.0240824246069      -0.0121602733392      
0.107546384451        -0.718842725066       -1.46602755786        -0.718842725066       -1.46602755786        -0.0459217411483      -0.0189616714104      
0.117422132734        -0.972588516348       -2.06054232343        -0.972588516348       -2.06054232343        -0.0663205910649      -0.0225009160504      
0.127297881018        -1.16120130765        -2.48767619538        -1.16120130765        -2.48767619538        -0.0837416934724      -0.0243260619439      
0.137173629302        -1.29244132831        -2.75088855032        -1.29244132831        -2.75088855032        -0.0973766083929      -0.0250962875837      
0.147049377585        -1.37757882047        -2.87789679278        -1.37757882047        -2.87789679278        -0.107493129897       -0.0255135223091      
0.156925125869        -1.42685489405        -2.90063912852        -1.42685489405        -2.90063912852        -0.114199814728       -0.0257511930649      
0.166800874152        -1.44876619581        -2.84790364543        -1.44876619581        -2.84790364543        -0.118585546607       -0.0260979324402      
0.176676622436        -1.44985723448        -2.74312649239        -1.44985723448        -2.74312649239        -0.120832657439       -0.0264127077288      
0.18655237072         -1.43514166372        -2.604243106          -1.43514166372        -2.604243106          -0.121362391362       -0.0266345250509      
0.196428119003        -1.40848230794        -2.44467218288        -1.40848230794        -2.44467218288        -0.120445477429       -0.0268862322667      
0.206303867287        -1.372835525          -2.27426673032        -1.372835525          -2.27426673032        -0.118557821629       -0.0268917577479      
0.21617961557         -1.33043473244        -2.10003824718        -1.33043473244        -2.10003824718        -0.115796814967       -0.0266547037454      
0.226055363854        -1.28309169119        -1.92693530421        -1.28309169119        -1.92693530421        -0.11234828613        -0.026237587904       
0.235931112138        -1.23211709416        -1.75834002058        -1.23211709416        -1.75834002058        -0.108631209801       -0.0257454047575      
0.245806860421        -1.17861714266        -1.59652091068        -1.17861714266        -1.59652091068        -0.104599729073       -0.0250787301002      
0.255682608705        -1.1234326677         -1.4429898766         -1.1234326677         -1.4429898766         -0.100152164099       -0.024172573971       
0.265558356989        -1.0672421534         -1.29852457627        -1.0672421534         -1.29852457627        -0.0956129063974      -0.0231290521768      
0.275434105272        -1.01057052277        -1.16360611579        -1.01057052277        -1.16360611579        -0.0910371108912      -0.0219392017824      
0.285309853556        -0.953875806533       -1.03834285293        -0.953875806533       -1.03834285293        -0.0864475684722      -0.0206738758176      
0.295185601839        -0.89752237361        -0.922712200242       -0.89752237361        -0.922712200242       -0.0817058954894      -0.0193038309598      
0.305061350123        -0.841811771442       -0.816458113297       -0.841811771442       -0.816458113297       -0.0771463308622      -0.0178935829706      
0.314937098407        -0.787002631648       -0.719306187629       -0.787002631648       -0.719306187629       -0.0726341538932      -0.0164525609773      
0.32481284669         -0.733303088352       -0.6308984951         -0.733303088352       -0.6308984951         -0.0681796144084      -0.0150111507465      
0.334688594974        -0.680953602911       -0.5508230392         -0.680953602911       -0.5508230392         -0.0638433418492      -0.0136338159807      
0.344564343257        -0.630105111102       -0.478649088128       -0.630105111102       -0.478649088128       -0.0596544015038      -0.0122855197337      
0.354440091541        -0.580952247419       -0.413946773003       -0.580952247419       -0.413946773003       -0.0556176988885      -0.0110078727943      
0.364315839825        -0.533647626988       -0.356259982734       -0.533647626988       -0.356259982734       -0.0517435355246      -0.00981152594968     
0.374191588108        -0.488372210472       -0.305107838761       -0.488372210472       -0.305107838761       -0.0480071353741      -0.00870402165764     
0.384067336392        -0.445226422223       -0.260102337661       -0.445226422223       -0.260102337661       -0.0444586027652      -0.00768258737815     
0.393943084675        -0.404363215923       -0.220687191149       -0.404363215923       -0.220687191149       -0.0410823521325      -0.00674915923362     
0.403818832959        -0.365882430413       -0.186412119475       -0.365882430413       -0.186412119475       -0.0378681847569      -0.00591080398806     
0.413694581243        -0.329855145993       -0.156794919829       -0.329855145993       -0.156794919829       -0.0348399137725      -0.00515346697427     
0.423570329526        -0.296331858338       -0.131363531627       -0.296331858338       -0.131363531627       -0.0319778433538      -0.0044825374821      
0.43344607781         -0.265312912114       -0.109651382695       -0.265312912114       -0.109651382695       -0.0292949019467      -0.00388585302341     
0.443321826093        -0.236773076641       -0.0912112239095      -0.236773076641       -0.0912112239095      -0.0267757141204      -0.00336312368571     
0.453197574377        -0.210648901382       -0.0756275273197      -0.210648901382       -0.0756275273197      -0.0244227333236      -0.00290399781677     
0.463073322661        -0.186852611553       -0.0625137876994      -0.186852611553       -0.0625137876994      -0.0222302383921      -0.00250289642042     
0.472949070944        -0.165268090969       -0.0515186397774      -0.165268090969       -0.0515186397774      -0.0201909480491      -0.00215323267216     
0.482824819228        -0.14576932601        -0.0423321596704      -0.14576932601        -0.0423321596704      -0.0182980206858      -0.00184938431983     
0.492700567511        -0.128204959181       -0.0346760448785      -0.128204959181       -0.0346760448785      -0.0165424516696      -0.00158615407263     
0.502576315795        -0.112442646435       -0.0283147894408      -0.112442646435       -0.0283147894408      -0.0149190490793      -0.00135781864457     
0.512452064079        -0.0983321614757      -0.0230420542709      -0.0983321614757      -0.0230420542709      -0.0134193995025      -0.00116008635315     
0.522327812362        -0.0857308942712      -0.0186816800258      -0.0857308942712      -0.0186816800258      -0.0120358561075      -0.00098899741795     
0.532203560646        -0.0745104668476      -0.0150849975829      -0.0745104668476      -0.0150849975829      -0.0107624023474      -0.000841100688488    
0.54207930893         -0.0645346141009      -0.0121278134         -0.0645346141009      -0.0121278134         -0.009591017358       -0.000713719279446    
0.551955057213        -0.0556870301164      -0.00970087430457     -0.0556870301164      -0.00970087430457     -0.00851575169389     -0.000603398492962    
0.561830805497        -0.047857733591       -0.00771610980989     -0.047857733591       -0.00771610980989     -0.00753030454024     -0.000508252358906    
0.57170655378         -0.0409421486517      -0.00609825040717     -0.0409421486517      -0.00609825040717     -0.0066283026478      -0.000426415270042    
0.581582302064        -0.034850176886       -0.00478508265111     -0.034850176886       -0.00478508265111     -0.00580482146329     -0.00035585612465     
0.591458050348        -0.0294962898254      -0.00372383777386     -0.0294962898254      -0.00372383777386     -0.00505434295261     -0.000295378453861    
0.601333798631        -0.0248029475219      -0.00287065623757     -0.0248029475219      -0.00287065623757     -0.00437201905002     -0.000243446456795    
0.611209546915        -0.020699969438       -0.00218868402334     -0.020699969438       -0.00218868402334     -0.00375307028672     -0.000199057160783    
0.621085295198        -0.017128978641       -0.00164786954661     -0.017128978641       -0.00164786954661     -0.00319399951585     -0.000161360768187    
0.630961043482        -0.0140291845729      -0.00122216549037     -0.0140291845729      -0.00122216549037     -0.00269014003963     -0.000129373867093    
0.640836791766        -0.0113512353725      -0.000890449471411    -0.0113512353725      -0.000890449471411    -0.00223810678494     -0.000102343177224    
0.650712540049        -0.00904980266043     -0.000634996567892    -0.00904980266043     -0.000634996567892    -0.00183450516811     -7.97131558652e-05    
0.660588288333        -0.00708466841838     -0.000441114351558    -0.00708466841838     -0.000441114351558    -0.00147637289483     -6.08817813883e-05    
0.670464036616        -0.00541936107789     -0.000296535528508    -0.00541936107789     -0.000296535528508    -0.00116086329372     -4.53540505984e-05    
0.6803397849          -0.00402187632311     -0.000191135800025    -0.00402187632311     -0.000191135800025    -0.000885499675967    -3.27095598745e-05    
0.6813397849          -0.00389416487494     -0.000182301721714    -0.00389416487494     -0.000182301721714    -0.000859768340664    -3.15719666385e-05    
0.6983397849          -0.00207383023882     -7.32786146829e-05    -0.00207383023882     -7.32786146829e-05    -0.000480090114875    -1.58356253833e-05    
0.7153397849          -0.000842160332751    -2.13035887201e-05    -0.000842160332751    -2.13035887201e-05    -0.000204862813843    -5.8011475345e-06     
0.7323397849          -0.000128314940225    -3.05110824179e-06    -0.000128314940225    -3.05110824179e-06    -3.43503120379e-05    -1.59989771775e-07    
0.7493397849          1.94744244269e-05     0.00013475649588      1.94744244269e-05     0.00013475649588      0.000785039023024     -0.00167034062397     
0.7663397849          2.22466957845e-05     0.000593170515626     2.22466957845e-05     0.000593170515626     0.000686214269185     -0.00141220796264     
0.7833397849          1.8121012862e-05      0.001125253986        1.8121012862e-05      0.001125253986        0.000607636696644     -0.00112814564133     
0.8003397849          1.15505461469e-05     0.00165326958271      1.15505461469e-05     0.00165326958271      0.000540598049363     -0.00084083007016     
0.8013397849          1.11433227658e-05     0.00168329717054      1.11433227658e-05     0.00168329717054      0.000536929547413     -0.000824079052192    
0.810089129536        7.61328128373e-06     0.00193948000399      7.61328128373e-06     0.00193948000399      0.000506081960185     -0.000679071180433    
0.818838474172        4.24848019819e-06     0.00218177911082      4.24848019819e-06     0.00218177911082      0.000477181970717     -0.000537268765099    
0.827587818807        1.1624780341e-06      0.00240826699848      1.1624780341e-06      0.00240826699848      0.00045002686798      -0.0003994013675      
0.836337163443        -1.5731962604e-06     0.00261772958577      -1.5731962604e-06     0.00261772958577      0.000424471003521     -0.000266067656634    
0.845086508079        -3.91882596672e-06    0.00280920475689      -3.91882596672e-06    0.00280920475689      0.000400357982101     -0.000137719667446    
0.853835852715        -5.85920401489e-06    0.00298256514995      -5.85920401489e-06    0.00298256514995      0.000377620854607     -1.47437026945e-05    
0.86258519735         -7.39622383501e-06    0.00313737312746      -7.39622383501e-06    0.00313737312746      0.00035612130522      0.000102586323286     
0.871334541986        -8.54519839062e-06    0.00327374155435      -8.54519839062e-06    0.00327374155435      0.000335781167371     0.000214041730379     
0.880083886622        -9.33073889765e-06    0.0033919213081       -9.33073889765e-06    0.0033919213081       0.000316525409582     0.000319453082918     
0.888833231258        -9.78364198448e-06    0.00349225513387      -9.78364198448e-06    0.00349225513387      0.000298282240197     0.000418694313102     
0.897582575893        -9.93863651567e-06    0.00357516581551      -9.93863651567e-06    0.00357516581551      0.000280985091058     0.000511672414007     
0.906331920529        -9.83264551672e-06    0.00364116146146      -9.83264551672e-06    0.00364116146146      0.000264574400298     0.000598324143303     
0.915081265165        -9.50358502607e-06    0.00369089502827      -9.50358502607e-06    0.00369089502827      0.000249001690895     0.000678627016619     
0.923830609801        -8.98893645524e-06    0.00372502653185      -8.98893645524e-06    0.00372502653185      0.000234219296035     0.00075257864378      
0.932579954436        -8.32482704169e-06    0.00374417007531      -8.32482704169e-06    0.00374417007531      0.000220178493728     0.000820180999699     
0.941329299072        -7.54589232385e-06    0.00374907882783      -7.54589232385e-06    0.00374907882783      0.000206841438113     0.000881476737456     
0.950078643708        -6.68391023571e-06    0.00374020013417      -6.68391023571e-06    0.00374020013417      0.000194155912839     0.000936447355675     
0.958827988344        -5.76909334433e-06    0.00371846621843      -5.76909334433e-06    0.00371846621843      0.00018209902884      0.000985198814372     
0.96757733298         -4.82786638229e-06    0.00368417192939      -4.82786638229e-06    0.00368417192939      0.000170618116157     0.0010276832883       
0.976326677615        -3.88384582118e-06    0.00363729618202      -3.88384582118e-06    0.00363729618202      0.00015965314176      0.00106374891472      
0.985076022251        -2.9547944901e-06     0.00357342160453      -2.9547944901e-06     0.00357342160453      0.000148969090875     0.00109187396322      
0.993825366887        -2.06494028874e-06    0.00349587874687      -2.06494028874e-06    0.00349587874687      0.000138680710116     0.00111275484012      
1.00257471152         -1.23407742598e-06    0.00341114641727      -1.23407742598e-06    0.00341114641727      0.000128998359057     0.00112828227876      
1.01132405616         -4.7300856037e-07     0.00331975817969      -4.7300856037e-07     0.00331975817969      0.000119877637935     0.00113860569961      
1.02007340079         2.09978018962e-07     0.00322241967683      2.09978018962e-07     0.00322241967683      0.000111285325038     0.00114393561248      
1.02882274543         8.09015065803e-07     0.00311960129567      8.09015065803e-07     0.00311960129567      0.00010318389526      0.00114440636815      
1.03757209007         1.32039433984e-06     0.00301182711467      1.32039433984e-06     0.00301182711467      9.55418187851e-05     0.00114017315863      
1.0463214347          1.74285189013e-06     0.00290033458533      1.74285189013e-06     0.00290033458533      8.83527106527e-05     0.00113167436855      
1.05507077934         2.07636158052e-06     0.00278498279794      2.07636158052e-06     0.00278498279794      8.15694185397e-05     0.00111883381747      
1.06382012397         2.32307436684e-06     0.00266666682704      2.32307436684e-06     0.00266666682704      7.51798116657e-05     0.00110198000915      
1.07256946861         2.48632702297e-06     0.00254579033807      2.48632702297e-06     0.00254579033807      6.91591254292e-05     0.00108125850825      
1.08131881324         2.57103967861e-06     0.00242306865829      2.57103967861e-06     0.00242306865829      6.34933252938e-05     0.00105695510125      
1.09006815788         2.5828719582e-06      0.00229882175897      2.5828719582e-06      0.00229882175897      5.81594873325e-05     0.00102919814273      
1.09881750252         2.52887374811e-06     0.00217378930309      2.52887374811e-06     0.00217378930309      5.31472872292e-05     0.000998311246539     
1.10756684715         2.41637635646e-06     0.00204827349253      2.41637635646e-06     0.00204827349253      4.84367616673e-05     0.000964434927424     
1.11631619179         2.25336850697e-06     0.00192263730413      2.25336850697e-06     0.00192263730413      4.4011300023e-05      0.000927742600049     
1.12506553642         2.04854477306e-06     0.00179746465047      2.04854477306e-06     0.00179746465047      3.98607465522e-05     0.00088852406618      
1.13381488106         1.81061890308e-06     0.00167311034793      1.81061890308e-06     0.00167311034793      3.59707914838e-05     0.000846971701365     
1.14256422569         1.54844837056e-06     0.00154992158379      1.54844837056e-06     0.00154992158379      3.23282522254e-05     0.000803282427499     
1.15131357033         1.27095706479e-06     0.0014282937655       1.27095706479e-06     0.0014282937655       2.89220784357e-05     0.000757687652502     
1.16006291497         9.86991839062e-07     0.00130869489868      9.86991839062e-07     0.00130869489868      2.57435680268e-05     0.000710470148704     
1.1688122596          7.04975571642e-07     0.00119141589774      7.04975571642e-07     0.00119141589774      2.27812921721e-05     0.000661830757952     
1.17756160424         4.33002256903e-07     0.00107678360752      4.33002256903e-07     0.00107678360752      2.00254565417e-05     0.000611999002943     
1.18631094887         1.78699247407e-07     0.000965219721416     1.78699247407e-07     0.000965219721416     1.74687736609e-05     0.000561270285185     
1.19506029351         -5.09904478241e-08    0.000856976044527     -5.09904478241e-08    0.000856976044527     1.51014916337e-05     0.000509855343966     
1.20380963815         -2.49837886323e-07    0.000752491009539     -2.49837886323e-07    0.000752491009539     1.29178481179e-05     0.000458086496773     
1.21255898278         -4.12510458423e-07    0.000652085991888     -4.12510458423e-07    0.000652085991888     1.09105039295e-05     0.000406241991488     
1.22130832742         -5.34735868575e-07    0.000556185400193     -5.34735868575e-07    0.000556185400193     9.07434174566e-06     0.000354678756206     
1.23005767205         -6.13369215099e-07    0.000465143859445     -6.13369215099e-07    0.000465143859445     7.40345738328e-06     0.000303727837675     
1.23880701669         -6.46730345619e-07    0.00037944206228      -6.46730345619e-07    0.00037944206228      5.89430621665e-06     0.000253820682686     
1.24755636132         -6.3470459015e-07     0.000299555403227     -6.3470459015e-07     0.000299555403227     4.54344179699e-06     0.000205409779618     
1.25630570596         -5.7926042339e-07     0.000226101338324     -5.7926042339e-07     0.000226101338324     3.34969321207e-06     0.000159072506766     
1.2650550506          -4.8478419075e-07     0.000159789911368     -4.8478419075e-07     0.000159789911368     2.31319391863e-06     0.000115488640739     
1.27380439523         -3.59086936268e-07    0.000101589549856     -3.59086936268e-07    0.000101589549856     1.43758238913e-06     7.55728188151e-05     
1.28255373987         -2.15061145411e-07    5.29135020229e-05     -2.15061145411e-07    5.29135020229e-05     7.32192562928e-07     4.06440336415e-05     
1.2913030845          -7.5156673984e-08     1.62570007666e-05     -7.5156673984e-08     1.62570007666e-05     2.20050593167e-07     1.29813402981e-05     
1.30005242914         1.40787011107e-06     7.33586855176e-09     1.40787011107e-06     7.33586855176e-09     1.20310746285e-06     -2.4845063919e-07     
1.30880177377         2.66545039245e-05     1.55320165563e-07     2.66545039245e-05     1.55320165563e-07     2.29817465887e-05     -4.8999552479e-06     
1.31755111841         6.75163574966e-05     4.37010242254e-07     6.75163574966e-05     4.37010242254e-07     5.87254005071e-05     -1.29095193666e-05    
1.32630046305         0.000119242498072     8.52234777158e-07     0.000119242498072     8.52234777158e-07     0.00010461368173      -2.36807340993e-05    
1.33504980768         0.000179814000167     1.4116076084e-06      0.000179814000167     1.4116076084e-06      0.000159095928441     -3.7040504557e-05     
1.34379915232         0.000247991906961     2.1283969138e-06      0.000247991906961     2.1283969138e-06      0.000221253753228     -5.2923051757e-05     
1.35254849695         0.000322911821559     3.01711564987e-06     0.000322911821559     3.01711564987e-06     0.000290466288565     -7.13090394237e-05    
1.36129784159         0.000403919096975     4.09296637917e-06     0.000403919096975     4.09296637917e-06     0.000366275163358     -9.22016887966e-05    
1.37004718622         0.000490479087374     5.37146062141e-06     0.000490479087374     5.37146062141e-06     0.000448310592515     -0.000115613296809    
1.37879653086         0.000582138401754     6.86827434334e-06     0.000582138401754     6.86827434334e-06     0.000536260393354     -0.000141560182732    
1.3875458755          0.000678603722596     8.60044166975e-06     0.000678603722596     8.60044166975e-06     0.000629946370481     -0.000170085390088    
1.39629522013         0.000779481918265     1.05834122692e-05     0.000779481918265     1.05834122692e-05     0.000729087148787     -0.000201197515761    
1.40504456477         0.000884505503714     1.28337659277e-05     0.000884505503714     1.28337659277e-05     0.000833507322637     -0.000234926802446    
1.4137939094          0.00099340684241      1.53677502515e-05     0.00099340684241      1.53677502515e-05     0.000943022626955     -0.000271295431915    
1.42254325404         0.00110590163364      1.82009245071e-05     0.00110590163364      1.82009245071e-05     0.00105742429861      -0.000310312840398    
1.43129259868         0.00122203045088      2.13539597396e-05     0.00122203045088      2.13539597396e-05     0.00117680755901      -0.000352073449546    
1.44004194331         0.00134130648628      2.48384648861e-05     0.00134130648628      2.48384648861e-05     0.00130075628653      -0.000396516888835    
1.44879128795         0.00146360833299      2.86716533238e-05     0.00146360833299      2.86716533238e-05     0.00142919706749      -0.000443678785132    
1.45754063258         0.00158889770039      3.2872368358e-05      0.00158889770039      3.2872368358e-05      0.00156213410985      -0.000493616769661    
1.46628997722         0.00171692767722      3.74551458433e-05     0.00171692767722      3.74551458433e-05     0.0016993633045       -0.000546320754505    
1.47503932185         0.00184748088485      4.24344625967e-05     0.00184748088485      4.24344625967e-05     0.00184070268086      -0.000601782628722    
1.48378866649         0.00198063489398      4.78312456983e-05     0.00198063489398      4.78312456983e-05     0.00198625966794      -0.000660085801552    
1.49253801113         0.00211609565452      5.36576850025e-05     0.00211609565452      5.36576850025e-05     0.00213576796186      -0.000721189128049    
1.50128735576         0.00225384063249      5.99320549764e-05     0.00225384063249      5.99320549764e-05     0.00228922881858      -0.000785136920251    
1.5100367004          0.00239371150848      6.66689966017e-05     0.00239371150848      6.66689966017e-05     0.00244650354531      -0.00085192421292     
1.51878604503         0.00253549633175      7.38810244707e-05     0.00253549633175      7.38810244707e-05     0.00260739371579      -0.000921521486137    
1.52753538967         0.00267934088924      8.15906531555e-05     0.00267934088924      8.15906531555e-05     0.00277206517898      -0.000994025244776    
1.5362847343          0.00282501469411      8.98093957315e-05     0.00282501469411      8.98093957315e-05     0.00294029529083      -0.00106939365306     
1.54503407894         0.00297236690264      9.85503434774e-05     0.00297236690264      9.85503434774e-05     0.00311193859484      -0.00114760835059     
1.55378342358         0.0031214594927       0.000107833254727     0.0031214594927       0.000107833254727     0.0032870696102       -0.00122872987435     
1.56253276821         0.00327216309197      0.000117671482226     0.00327216309197      0.000117671482226     0.00346556128275      -0.00131274353424     
1.57128211285         0.00342427945896      0.000128075185452     0.00342427945896      0.000128075185452     0.00364720966839      -0.00139960224882     
1.58003145748         0.00357796050758      0.000139067074245     0.00357796050758      0.000139067074245     0.00383218074513      -0.00148939837178     
1.58878080212         0.00373309923213      0.000150660382299     0.00373309923213      0.000150660382299     0.00402036489513      -0.0015821187582      
1.59753014675         0.00388977084153      0.000162875409598     0.00388977084153      0.000162875409598     0.00421184691598      -0.00167782527977     
1.60627949139         0.00404726111267      0.000175698712194     0.00404726111267      0.000175698712194     0.00440585362208      -0.00177623525429     
1.61502883603         0.00420643432873      0.000189183443018     0.00420643432873      0.000189183443018     0.00460332246541      -0.00187774877751     
1.62377818066         0.00436668178296      0.000203319618034     0.00436668178296      0.000203319618034     0.00480359007802      -0.00198212297687     
1.6325275253          0.00452815123821      0.000218129853291     0.00452815123821      0.000218129853291     0.00500681534372      -0.00208944536408     
1.64127686993         0.00469116846755      0.00023364658594      0.00469116846755      0.00023364658594      0.00521335804503      -0.00219989100301     
1.65002621457         0.00485497122509      0.000249848425891     0.00485497122509      0.000249848425891     0.0054223697476       -0.0023131259812      
1.65877555921         0.00502035749555      0.000266791821813     0.00502035749555      0.000266791821813     0.00563473601537      -0.00242954820472     
1.66752490384         0.00518734456724      0.000284495776557     0.00518734456724      0.000284495776557     0.00585047918676      -0.00254919546548     
1.67627424848         0.00535555320412      0.000302957022605     0.00535555320412      0.000302957022605     0.00606917222984      -0.00267190784811     
1.68502359311         0.00552659442602      0.000322285743844     0.00552659442602      0.000322285743844     0.00629264571844      -0.00279852151772     
1.69377293775         0.00572055194484      0.000343713416637     0.00572055194484      0.000343713416637     0.00654389562057      -0.00293941221921     
1.70252228238         0.00593993561458      0.000367528149204     0.00593993561458      0.000367528149204     0.0068261445596       -0.00309639275871     
1.71127162702         0.00615952000234      0.000392272651311     0.00615952000234      0.000392272651311     0.00711064305676      -0.00325668459013     
1.72002097166         0.00637996125577      0.000418003446794     0.00637996125577      0.000418003446794     0.00739812451394      -0.00342063403679     
1.72877031629         0.00660145160816      0.000444750459987     0.00660145160816      0.000444750459987     0.00768879550185      -0.00358835430552     
1.73751966093         0.00682402366117      0.000472533872449     0.00682402366117      0.000472533872449     0.00798267961901      -0.003759875888       
1.74626900556         0.00704764017052      0.000501369034136     0.00704764017052      0.000501369034136     0.00827971886877      -0.0039351907712      
1.7550183502          0.00727222823369      0.000531268295259     0.00727222823369      0.000531268295259     0.00857981223548      -0.00411426919821     
1.76376769483         0.00749769471896      0.000562241807408     0.00749769471896      0.000562241807408     0.00888283311021      -0.00429706725602     
1.77251703947         0.00772393413824      0.000594297913966     0.00772393413824      0.000594297913966     0.00918863828241      -0.00448353057869     
1.78126638411         0.00795083305894      0.000627443355249     0.00795083305894      0.000627443355249     0.00949707277543      -0.00467359659082     
1.79001572874         0.00817827276807      0.000661683382024     0.00817827276807      0.000661683382024     0.00980797302116      -0.00486719583415     
1.79876507338         0.00840613098296      0.000697021820543     0.00840613098296      0.000697021820543     0.0101211688327       -0.00506425280376     
1.80751441801         0.00863428354794      0.000733461156458     0.00863428354794      0.000733461156458     0.0104364854266       -0.00526468687445     
1.81626376265         0.00886260255797      0.00077100232849      0.00886260255797      0.00077100232849      0.0107537411616       -0.00546841109851     
1.82501310728         0.00909096235453      0.000809645200208     0.00909096235453      0.000809645200208     0.011072754814        -0.00567533583793     
1.83376245192         0.00931923459481      0.000849388110626     0.00931923459481      0.000849388110626     0.0113933396628       -0.00588536575882     
1.84251179656         0.00954729131105      0.000890228109053     0.00954729131105      0.000890228109053     0.0117153072425       -0.00609840171629     
1.85126114119         0.00977500466612      0.000932160913859     0.00977500466612      0.000932160913859     0.012038467112        -0.00631434063944     
1.86001048583         0.0100022471981       0.000975180916661     0.0100022471981       0.000975180916661     0.0123626272197       -0.00653307572612     
1.86875983046         0.0102288920281       0.00101928118682      0.0102288920281       0.00101928118682      0.0126875942301       -0.00675449662499     
1.8775091751          0.0104548130398       0.00106445347668      0.0104548130398       0.00106445347668      0.0130131738199       -0.0069784896088      
1.88625851974         0.0106798850381       0.0011106882278       0.0106798850381       0.0011106882278       0.0133391709502       -0.00720493774141     
1.89500786437         0.0109039838878       0.00115797457826      0.0109039838878       0.00115797457826      0.0136653901192       -0.00743372103959     
1.90375720901         0.0111269866431       0.00120630037169      0.0111269866431       0.00120630037169      0.0139916356039       -0.00766471663458     
1.91250655364         0.0113487716604       0.0012556521672       0.0113487716604       0.0012556521672       0.0143177116815       -0.00789779892781     
1.92125589828         0.0115692187045       0.00130601525116      0.0115692187045       0.00130601525116      0.014643422843        -0.00813283974797     
1.93000524291         0.0117882090462       0.00135737365039      0.0117882090462       0.00135737365039      0.0149685739863       -0.00836970850624     
1.93875458755         0.0120056255507       0.00140971014669      0.0120056255507       0.00140971014669      0.0152929705103       -0.00860827234965     
1.94750393219         0.0122213527643       0.00146300629333      0.0122213527643       0.00146300629333      0.0156164189527       -0.00884839708264     
1.95625327682         0.0124352769885       0.00151724243237      0.0124352769885       0.00151724243237      0.0159387273013       -0.00908994509583     
1.96500262146         0.0126472863566       0.00157239771422      0.0126472863566       0.00157239771422      0.0162597038547       -0.00933277759517     
1.97375196609         0.0128572709004       0.0016284501181       0.0128572709004       0.0016284501181       0.0165791584997       -0.00957675420819     
1.98250131073         0.0130651226101       0.0016853764736       0.0130651226101       0.0016853764736       0.0168969026701       -0.00982173306091     
1.99125065536         0.0132707355045       0.00174315248538      0.0132707355045       0.00174315248538      0.0172127495036       -0.0100675709368      
2                     0.0134740056764       0.00180175275661      0.0134740056764       0.00180175275661      0.0175265139792       -0.0103141234198      
2.001                 0.0134970845225       0.00180850174239      0.0134970845225       0.00180850174239      0.0175622346257       -0.0103423419436      
2.18280808081         0.0170278062717       0.00316041007761      0.0170278062717       0.00316041007761      0.023309295392        -0.0153720864543      
2.36461616162         0.0188627862158       0.00453199147084      0.0188627862158       0.00453199147084      0.026779877066        -0.0193680257438      
2.54642424242         0.0188038498048       0.00556621178907      0.0188038498048       0.00556621178907      0.0273712965527       -0.0213839918218      
2.72823232323         0.0170829821837       0.00600113124476      0.0170829821837       0.00600113124476      0.025260823764        -0.0210771644497      
2.91004040404         0.014234458813        0.00576378735545      0.014234458813        0.00576378735545      0.0212249827237       -0.0187467242869      
3.09184848485         0.0109143045103       0.00497768410053      0.0109143045103       0.00497768410053      0.0163142845514       -0.0151450371561      
3.27365656566         0.00771504758944      0.00389017320694      0.00771504758944      0.00389017320694      0.0115068779741       -0.0111624289873      
3.45546464646         0.00503470340517      0.00276469717365      0.00503470340517      0.00276469717365      0.00746554625039      -0.00753116468555     
3.63727272727         0.00303720791718      0.00179396442672      0.00303720791718      0.00179396442672      0.00446489832672      -0.00466489263758     
3.81908080808         0.00169596733868      0.00106653819275      0.00169596733868      0.00106653819275      0.00246646768111      -0.00265965565882     
4.00088888889         0.000877733705508     0.000582693582642     0.000877733705508     0.000582693582642     0.00126080528375      -0.00139899922128     
4.1826969697          0.000421523947316     0.000293304046914     0.000421523947316     0.000293304046914     0.000597351461689     -0.00068028207533     
4.36450505051         0.000188035761197     0.000136314760976     0.000188035761197     0.000136314760976     0.000262673768718     -0.000306320847509    
4.54631313131         7.79813723426e-05     5.85987039966e-05     7.79813723426e-05     5.85987039966e-05     0.00010732530544      -0.000127906188544    
4.72812121212         3.00872700985e-05     2.33341459438e-05     3.00872700985e-05     2.33341459438e-05     4.07840976661e-05     -4.95835895528e-05    
4.90992929293         1.08061854316e-05     8.61754278197e-06     1.08061854316e-05     8.61754278197e-06     1.44249505108e-05     -1.78620659695e-05    
5.09173737374         3.61471672892e-06     2.95463681953e-06     3.61471672892e-06     2.95463681953e-06     4.75166721547e-06     -5.98437230372e-06    
5.27354545455         1.12660217612e-06     9.41295606252e-07     1.12660217612e-06     9.41295606252e-07     1.45852548085e-06     -1.86590409408e-06    
5.45535353535         3.27279311373e-07     2.7884705345e-07      3.27279311373e-07     2.7884705345e-07      4.17360044958e-07     -5.41739670684e-07    
5.63716161616         8.86452700167e-08     7.68592958056e-08     8.86452700167e-08     7.68592958056e-08     1.11378370133e-07     -1.46532605254e-07    
5.81896969697         2.23925243507e-08     1.97220845465e-08     2.23925243507e-08     1.97220845465e-08     2.77284464635e-08     -3.69405522364e-08    
6.00077777778         5.27678415699e-09     4.71347260171e-09     5.27678415699e-09     4.71347260171e-09     6.4418104405e-09      -8.68275824551e-09    
6.18258585859         1.16025062716e-09     1.0496429228e-09      1.16025062716e-09     1.0496429228e-09      1.39686966728e-09     -1.90343290266e-09    
6.36439393939         2.38088862182e-10     2.17878626062e-10     2.38088862182e-10     2.17878626062e-10     2.82790567366e-10     -3.89284772691e-10    
6.5462020202          4.56047296556e-11     4.21696913451e-11     4.56047296556e-11     4.21696913451e-11     5.34586552332e-11     -7.42943898285e-11    
6.72801010101         8.15598760732e-12     7.61315186042e-12     8.15598760732e-12     7.61315186042e-12     9.43907924856e-12     -1.32355162728e-11    
6.90981818182         1.3637480912e-12      1.28394980125e-12     1.3637480912e-12      1.28394980125e-12     1.55881718059e-12     -2.20413507681e-12    
7.09162626263         2.11142687237e-13     2.0034780714e-13      2.11142687237e-13     2.0034780714e-13      2.38455378917e-13     -3.39827949047e-13    
7.27343434343         2.96116152858e-14     2.82988679986e-14     2.96116152858e-14     2.82988679986e-14     3.30539512158e-14     -4.74546034355e-14    
7.45524242424         6.39989707282e-15     6.15620131075e-15     6.39989707282e-15     6.15620131075e-15     7.06353184776e-15     -1.02114916879e-14    
7.63705050505         8.28826169154e-16     8.02042761601e-16     8.28826169154e-16     8.02042761601e-16     9.04803202291e-16     -1.31660924826e-15    
7.81885858586         8.84164314443e-16     8.60293035969e-16     8.84164314443e-16     8.60293035969e-16     9.55027317136e-16     -1.39826614792e-15    
8.00066666667         9.41532754978e-16     9.2073419033e-16      9.41532754978e-16     9.2073419033e-16      1.00659952087e-15     -1.48234510206e-15    
8.18247474747         1.00094159373e-15     9.83371418935e-16     1.00094159373e-15     9.83371418935e-16     1.05952347393e-15     -1.56884310628e-15    
8.36428282828         1.06240031338e-15     1.04820949522e-15     1.06240031338e-15     1.04820949522e-15     1.11380280074e-15     -1.65775727339e-15    
8.54609090909         1.12591782463e-15     1.11525281117e-15     1.12591782463e-15     1.11525281117e-15     1.16944108331e-15     -1.74908482918e-15    
8.7278989899          1.19150251011e-15     1.18450541235e-15     1.19150251011e-15     1.18450541235e-15     1.22644185591e-15     -1.8428231079e-15     
8.90970707071         1.25916226423e-15     1.2559710293e-15      1.25916226423e-15     1.2559710293e-15      1.28480860088e-15     -1.9389695478e-15     
9.09151515152         1.32890452947e-15     1.3296531056e-15      1.32890452947e-15     1.3296531056e-15      1.34454474532e-15     -2.03752168656e-15    
9.27332323232         1.40073632951e-15     1.40555482304e-15     1.40073632951e-15     1.40555482304e-15     1.40565365851e-15     -2.1384771569e-15     
9.45513131313         1.47466429935e-15     1.48367912424e-15     1.47466429935e-15     1.48367912424e-15     1.46813865e-15        -2.24183368228e-15    
9.63693939394         1.55069471297e-15     1.56402873308e-15     1.55069471297e-15     1.56402873308e-15     1.53200296827e-15     -2.34758907265e-15    
9.81874747475         1.62883350854e-15     1.64660617304e-15     1.62883350854e-15     1.64660617304e-15     1.59724979979e-15     -2.45574122051e-15    
10.0005555556         1.70908631159e-15     1.7314137838e-15      1.70908631159e-15     1.7314137838e-15      1.66388226851e-15     -2.56628809697e-15    
10.1823636364         1.79145845622e-15     1.8184537363e-15      1.79145845622e-15     1.8184537363e-15      1.73190343572e-15     -2.67922774809e-15    
10.3641717172         1.8759550046e-15      1.90772804631e-15     1.8759550046e-15      1.90772804631e-15     1.80131630007e-15     -2.79455829136e-15    
10.545979798          1.96258076491e-15     1.99923858681e-15     1.96258076491e-15     1.99923858681e-15     1.87212379794e-15     -2.91227791232e-15    
10.7277878788         2.05134030782e-15     2.09298709921e-15     2.05134030782e-15     2.09298709921e-15     1.94432880389e-15     -3.03238486143e-15    
10.9095959596         2.14223798173e-15     2.18897520355e-15     2.14223798173e-15     2.18897520355e-15     2.01793413139e-15     -3.15487745094e-15    
11.0914040404         2.23527792681e-15     2.28720440784e-15     2.23527792681e-15     2.28720440784e-15     2.09294253355e-15     -3.27975405212e-15    
11.2732121212         2.33046408793e-15     2.38767611653e-15     2.33046408793e-15     2.38767611653e-15     2.16935670403e-15     -3.4070130925e-15     
11.455020202          2.42780022672e-15     2.49039163826e-15     2.42780022672e-15     2.49039163826e-15     2.24717927803e-15     -3.53665305325e-15    
11.6368282828         2.52728993259e-15     2.595352193e-15       2.52728993259e-15     2.595352193e-15       2.32641283332e-15     -3.66867246681e-15    
11.8186363636         2.62893663307e-15     2.70255891848e-15     2.62893663307e-15     2.70255891848e-15     2.40705989133e-15     -3.80306991452e-15    
12.0004444444         2.73274360335e-15     2.81201287621e-15     2.73274360335e-15     2.81201287621e-15     2.48912291828e-15     -3.93984402446e-15    
12.1822525253         2.83871397511e-15     2.92371505692e-15     2.83871397511e-15     2.92371505692e-15     2.57260432632e-15     -4.07899346935e-15    
12.3640606061         2.94685074477e-15     3.03766638558e-15     2.94685074477e-15     3.03766638558e-15     2.65750647476e-15     -4.22051696461e-15    
12.5458686869         3.05715678115e-15     3.153867726e-15       3.05715678115e-15     3.153867726e-15       2.74383167115e-15     -4.36441326648e-15    
12.7276767677         3.16963483257e-15     3.27231988515e-15     3.16963483257e-15     3.27231988515e-15     2.83158217259e-15     -4.51068117029e-15    
12.9094848485         3.28428753356e-15     3.39302361698e-15     3.28428753356e-15     3.39302361698e-15     2.92076018682e-15     -4.65931950873e-15    
13.0912929293         3.40111741099e-15     3.51597962614e-15     3.40111741099e-15     3.51597962614e-15     3.01136787342e-15     -4.81032715031e-15    
13.2731010101         3.52012688989e-15     3.64118857121e-15     3.52012688989e-15     3.64118857121e-15     3.10340734502e-15     -4.96370299787e-15    
13.4549090909         3.64131829886e-15     3.76865106787e-15     3.64131829886e-15     3.76865106787e-15     3.1968806684e-15      -5.11944598712e-15    
13.6367171717         3.7646938751e-15      3.89836769171e-15     3.7646938751e-15      3.89836769171e-15     3.29178986564e-15     -5.27755508531e-15    
13.8185252525         3.89025576915e-15     4.03033898086e-15     3.89025576915e-15     4.03033898086e-15     3.38813691527e-15     -5.43802928994e-15    
14.0003333333         4.01800604937e-15     4.16456543849e-15     4.01800604937e-15     4.16456543849e-15     3.48592375335e-15     -5.60086762755e-15    
14.1821414141         4.147946706e-15       4.30104753499e-15     4.147946706e-15       4.30104753499e-15     3.58515227451e-15     -5.76606915256e-15    
14.3639494949         4.28007965515e-15     4.43978571015e-15     4.28007965515e-15     4.43978571015e-15     3.68582433308e-15     -5.93363294616e-15    
14.5457575758         4.41440674238e-15     4.58078037508e-15     4.41440674238e-15     4.58078037508e-15     3.78794174407e-15     -6.10355811529e-15    
14.7275656566         4.55092974621e-15     4.72403191403e-15     4.55092974621e-15     4.72403191403e-15     3.89150628418e-15     -6.27584379162e-15    
14.9093737374         4.68965038127e-15     4.86954068607e-15     4.68965038127e-15     4.86954068607e-15     3.99651969282e-15     -6.45048913064e-15    
15.0911818182         4.83057030142e-15     5.01730702668e-15     4.83057030142e-15     5.01730702668e-15     4.10298367304e-15     -6.6274933107e-15     
15.272989899          4.97369110256e-15     5.16733124919e-15     4.97369110256e-15     5.16733124919e-15     4.21089989248e-15     -6.80685553223e-15    
15.4547979798         5.11901432534e-15     5.31961364616e-15     5.11901432534e-15     5.31961364616e-15     4.32026998428e-15     -6.98857501685e-15    
15.6366060606         5.2665414577e-15      5.47415449064e-15     5.2665414577e-15      5.47415449064e-15     4.43109554797e-15     -7.17265100664e-15    
15.8184141414         5.41627393727e-15     5.63095403735e-15     5.41627393727e-15     5.63095403735e-15     4.54337815034e-15     -7.35908276338e-15    
16.0002222222         5.56821315362e-15     5.79001252382e-15     5.56821315362e-15     5.79001252382e-15     4.65711932628e-15     -7.54786956784e-15    
16.182030303          5.72236045043e-15     5.95133017139e-15     5.72236045043e-15     5.95133017139e-15     4.77232057962e-15     -7.73901071913e-15    
16.3638383838         5.87871712747e-15     6.11490718617e-15     5.87871712747e-15     6.11490718617e-15     4.88898338388e-15     -7.93250553401e-15    
16.5456464646         6.03728444253e-15     6.28074375999e-15     6.03728444253e-15     6.28074375999e-15     5.00710918311e-15     -8.12835334629e-15    
16.7274545455         6.19806361323e-15     6.4488400712e-15      6.19806361323e-15     6.4488400712e-15      5.12669939265e-15     -8.32655350628e-15    
16.9092626263         6.36105581874e-15     6.61919628547e-15     6.36105581874e-15     6.61919628547e-15     5.24775539988e-15     -8.52710538018e-15    
17.0910707071         6.52626220136e-15     6.79181255657e-15     6.52626220136e-15     6.79181255657e-15     5.37027856514e-15     -8.73000834954e-15    
17.2728787879         6.69368386809e-15     6.966689027e-15       6.69368386809e-15     6.966689027e-15       5.49427022411e-15     -8.93526181108e-15    
17.4546868687         6.86332189211e-15     7.14382582871e-15     6.86332189211e-15     7.14382582871e-15     5.61973167953e-15     -9.14286518295e-15    
17.6364949495         7.03517731409e-15     7.32322308367e-15     7.03517731409e-15     7.32322308367e-15     5.74666421084e-15     -9.35281788235e-15    
17.8183030303         7.20925114358e-15     7.50488090443e-15     7.20925114358e-15     7.50488090443e-15     5.87506907709e-15     -9.56511934736e-15    
18.0001111111         7.38554436021e-15     7.68879939472e-15     7.38554436021e-15     7.68879939472e-15     6.00494751183e-15     -9.77976902907e-15    
18.1819191919         7.56405791489e-15     7.87497864989e-15     7.56405791489e-15     7.87497864989e-15     6.13630072493e-15     -9.99676639118e-15    
18.3637272727         7.74479273094e-15     8.06341875744e-15     7.74479273094e-15     8.06341875744e-15     6.26912990328e-15     -1.02161109095e-14    
18.5455353535         7.92774970514e-15     8.25411979742e-15     7.92774970514e-15     8.25411979742e-15     6.4034362114e-15      -1.04378020718e-14    
18.7273434343         8.11292970878e-15     8.44708184288e-15     8.11292970878e-15     8.44708184288e-15     6.53922079199e-15     -1.06618393771e-14    
18.9091515152         8.30033358862e-15     8.64230496027e-15     8.30033358862e-15     8.64230496027e-15     6.67648476647e-15     -1.08882223355e-14    
19.090959596          8.48996216781e-15     8.8397892098e-15      8.48996216781e-15     8.8397892098e-15      6.81522923553e-15     -1.11169504681e-14    
19.2727676768         8.68181624677e-15     9.03953464579e-15     8.68181624677e-15     9.03953464579e-15     6.9554552796e-15      -1.13480233062e-14    
19.4545757576         8.87589660403e-15     9.24154131699e-15     8.87589660403e-15     9.24154131699e-15     7.09716395933e-15     -1.15814403912e-14    
19.6363838384         9.07220399707e-15     9.44580926694e-15     9.07220399707e-15     9.44580926694e-15     7.24035631609e-15     -1.18172012744e-14    
19.8181919192         9.27073916301e-15     9.65233853421e-15     9.27073916301e-15     9.65233853421e-15     7.38503337243e-15     -1.20553055165e-14    
20                    0                     0                     0                     0                     0                     0                     
