0.0779191396          0                     0                     0                     0                     
0.087577837391        2.04736200853         1.72884965111         0.468323526317        0.565034166574        
0.0972365351819       9.92530942502         7.82083970799         2.39346537976         2.52244530668         
0.106895232973        21.3791804428         15.7632408441         5.40974480745         5.01764586411         
0.116553930764        33.6712878393         23.2630087415         8.89082562713         7.29600369174         
0.126212628555        45.1598016708         29.2365509259         12.3812551043         9.00997199846         
0.135871326346        55.0701149231         33.4278697574         15.6061301369         10.088180838          
0.145530024137        63.201557013          35.9398553767         18.4471327196         10.5766997504         
0.155188721928        69.5837629191         37.0028905603         20.8543741785         10.5562504152         
0.164847419719        74.3692539389         36.8822097106         22.8207039042         10.1157761359         
0.17450611751         77.7601435199         35.817792162          24.365982804          9.33359771885         
0.184164815301        79.8955563665         34.0103649667         25.4857109002         8.27620449566         
0.193823513091        80.8832107946         31.6947172759         26.1707080376         7.03742248795         
0.203482210882        80.8846695975         29.1105821761         26.4511336113         5.72321674239         
0.213140908673        80.0706801593         26.4490136109         26.3777092261         4.42469810441         
0.222799606464        78.6188833915         23.8547133764         26.0195357278         3.20902295803         
0.232458304255        76.7073533412         21.4175279402         25.4529205439         2.11404085414         
0.242117002046        74.4831388723         19.1789921366         24.7428508213         1.15346330724         
0.251775699837        72.0707798188         17.1445175903         23.9450760266         0.322067969592        
0.261434397628        69.5422233394         15.3187284735         23.0920447879         -0.385164741488       
0.271093095419        66.9750237916         13.6666933239         22.2164635153         -0.992089766288       
0.28075179321         64.4013916077         12.185090264          21.330862206          -1.50434431118        
0.290410491001        61.8567403564         10.8654126957         20.4514018652         -1.92903080001        
0.300069188792        59.3720612185         9.6926315929          19.5928570865         -2.27666689378        
0.309727886583        56.9702016242         8.64544318912         18.7660438885         -2.56100349393        
0.319386584374        54.6601589398         7.69952232452         17.9749300889         -2.79722819044        
0.329045282165        52.4407243875         6.84431783268         17.2176574013         -2.99224186118        
0.338703979956        50.3146560617         6.06010477415         16.4947422123         -3.15788084292        
0.348362677747        48.2637705299         5.34513689267         15.7968382012         -3.2953140619         
0.358021375538        46.2964178747         4.69273785274         15.127230259          -3.40832153707        
0.367680073329        44.4073356122         4.10226192236         14.4832458049         -3.49714374227        
0.37733877112         42.5950793956         3.57078202213         13.864749395          -3.56297363813        
0.386997468911        40.8604933812         3.0954288499          13.2724897135         -3.60715679921        
0.396656166702        39.2035421657         2.67255683409         12.7072679151         -3.63125599379        
0.406314864492        37.6241475199         2.29750662433         12.1696036559         -3.6376345774         
0.415973562283        36.1224531194         1.96419159534         11.6602571461         -3.62934939919        
0.425632260074        34.69219647           1.67134200677         11.1769528263         -3.60693367107        
0.435290957865        33.3372539489         1.41060050309         10.7218944793         -3.57483530181        
0.444949655656        32.0533623253         1.17620636669         10.2934906096         -3.53570173981        
0.454608353447        30.8371149645         0.963999880973        9.89022913664         -3.49188809362        
0.464267051238        29.6840363411         0.769693002964        9.51027047716         -3.44517820202        
0.473925749029        28.589268529          0.589528733784        9.15152525757         -3.39728450292        
0.48358444682         27.548333597          0.422280348753        8.81205592739         -3.34884316275        
0.493243144611        26.5567605867         0.266557063294        8.49002926186         -3.3002506391         
0.502901842402        25.6104151642         0.121009831111        8.18362961514         -3.25204659808        
0.512560540193        24.7084437659         -0.0156661173447      7.89242458871         -3.20478718741        
0.522219237984        23.8444474026         -0.143113854722       7.6138315902          -3.15774265234        
0.531877935775        23.0198844368         -0.26257973692        7.34821224297         -3.11178319278        
0.541536633566        22.2291391523         -0.3742836348         7.09357156839         -3.06635026576        
0.551195331357        21.4710405946         -0.478377937499       6.84936558624         -3.02142425068        
0.560854029148        20.7437937635         -0.575119200414       6.6149899741          -2.97688098065        
0.570512726939        20.0448185549         -0.664647126476       6.38950591292         -2.93248264827        
0.58017142473         19.3743133824         -0.747218709693       6.17297399109         -2.88834272122        
0.589830122521        18.7296619678         -0.822987396961       5.96455150666         -2.84419262099        
0.599488820312        18.1099267644         -0.89214171523        5.76392716981         -2.79996779362        
0.609147518103        17.5146469177         -0.954965652394       5.57100590967         -2.75571551318        
0.618806215893        16.940604998          -1.01137242548        5.3847283579          -2.71095837816        
0.628464913684        16.3899238496         -1.06297422862        5.2059877329          -2.66674910931        
0.638123611475        15.8590595854         -1.10719331831        5.03342379237         -2.62127324827        
0.647782309266        15.3496060391         -1.14748076678        4.86794565941         -2.57640589366        
0.657441007057        14.8590085176         -1.18239009754        4.70846118977         -2.53120294638        
0.667099704848        14.3870061331         -1.21272103385        4.55505109569         -2.48595092515        
0.676758402639        13.9331964317         -1.2385094177         4.40762279612         -2.44056711277        
0.68641710043         13.4966630566         -1.26042740943        4.26593158356         -2.39529568393        
0.696075798221        13.0762672234         -1.27855749789        4.12957691299         -2.35005634756        
0.705734496012        12.6722218496         -1.29331318676        3.99867628458         -2.30506393466        
0.715393193803        12.2833211434         -1.3049876692         3.87288053829         -2.26029907318        
0.725051891594        11.9091380779         -1.3138438739         3.75206056795         -2.21585156554        
0.734710589385        11.5488957661         -1.32019008069        3.63594391689         -2.1718052378         
0.744369287176        11.202558296          -1.32426700657        3.52455979075         -2.12825372858        
0.754027984967        10.868965281          -1.32634967295        3.41750785485         -2.08522390466        
0.763686682758        10.5476646387         -1.32661216305        3.31464671131         -2.04274942561        
0.773345380549        10.2384106643         -1.32539157645        3.21589363917         -2.0009765422         
0.78300407834         9.94076120169         -1.32316082718        3.1211399682          -1.96011236702        
0.792662776131        9.65301318157         -1.31911941796        3.02964066855         -1.91957635367        
0.802321473922        9.37660276366         -1.31393878326        2.94207564691         -1.87980543081        
0.811980171713        9.10982382434         -1.30819276739        2.85776878171         -1.84098322857        
0.821638869504        8.85238710178         -1.30173762118        2.77660895308         -1.80299083461        
0.831297567294        8.60396592035         -1.29460855103        2.6985028875          -1.76579902124        
0.840956265085        8.36401840113         -1.28694758582        2.62319887026         -1.72945856753        
0.850614962876        8.13220577804         -1.27893407477        2.55067877086         -1.69395580644        
0.860273660667        7.90810482783         -1.27029123038        2.48066665926         -1.65919954995        
0.869932358458        7.69062231298         -1.26067336412        2.41279776111         -1.62490309597        
0.879591056249        7.48083522453         -1.25102511844        2.34754000268         -1.59156083112        
0.88924975404         7.27799916772         -1.24127097355        2.28458669066         -1.55907930306        
0.898908451831        7.08158391865         -1.23136662566        2.22373173182         -1.52740346078        
0.908567149622        6.89122681545         -1.22119449815        2.16486767186         -1.49641939642        
0.918225847413        6.70686598053         -1.21119561515        2.10794744421         -1.46629894053        
0.927884545204        6.52779242941         -1.20127080834        2.05272928558         -1.43693560691        
0.937543242995        6.35358834276         -1.19131871082        1.99904706731         -1.40826354996        
0.947201940786        6.18430370614         -1.18135009647        1.94692097087         -1.38029042069        
0.956860638577        6.01887163081         -1.17118830063        1.8959849472          -1.35280557972        
0.966519336368        5.85703085379         -1.16078013397        1.84614797123         -1.32574238987        
0.976178034159        5.69715268461         -1.14986258572        1.79690605613         -1.2987616939         
0.98583673195         5.5293672693          -1.13636346818        1.74512756859         -1.26957118732        
0.995495429741        5.35980606792         -1.12162626652        1.69271191974         -1.23966159391        
1.00515412753         5.19717636673         -1.10731941224        1.64241227321         -1.2109332966         
1.01481282532         5.04108131479         -1.09321891283        1.5941537547          -1.18319550358        
1.02447152311         4.89060160385         -1.07944909168        1.54756698731         -1.15644359277        
1.0341302209          4.74550485374         -1.06596612024        1.50260735677         -1.13060266801        
1.0437889187          4.60577921913         -1.0527295259         1.45927663936         -1.10564056242        
1.05344761649         4.47049768271         -1.03959720734        1.41727593549         -1.08137219048        
1.06310631428         4.33996561506         -1.0266499869         1.37670881864         -1.05786362113        
1.07276501207         4.21365835537         -1.01385340343        1.33739521147         -1.03503810435        
1.08242370986         4.09166206241         -1.0011993261         1.29938393058         -1.01288525191        
1.09208240765         3.97370634924         -0.988691476203       1.26257479915         -0.991380573822       
1.10174110544         3.85934391046         -0.976223610141       1.22683926522         -0.970402370538       
1.11139980323         3.74888773042         -0.963874998029       1.19227841467         -0.950023652688       
1.12105850102         3.64185689094         -0.951624558783       1.15873208798         -0.930181606911       
1.13071719881         3.53825408761         -0.939447912389       1.12621642055         -0.910845838918       
1.14037589661         3.43788309669         -0.927308206794       1.09466847591         -0.891974286739       
1.1500345944          3.34069915392         -0.915257341479       1.06407767964         -0.873586308205       
1.15969329219         3.24657263353         -0.903272926817       1.03440691946         -0.855648897415       
1.16935198998         3.1553454086          -0.891318776434       1.00560701293         -0.838119701867       
1.17901068777         3.06696459016         -0.87941312482        0.977669160105        -0.820997142939       
1.18866938556         2.98109424897         -0.8675084835         0.950494561148        -0.804212180881       
1.19832808335         2.89838602641         -0.855792267106       0.924278735835        -0.787940796429       
1.20798678114         2.81786698222         -0.844020016775       0.898737426214        -0.771929448832       
1.21764547893         2.73995954651         -0.832296775784       0.873993021546        -0.756280916408       
1.22730417672         2.66434049757         -0.820623071567       0.849946334545        -0.740963185484       
1.23696287451         2.59127261646         -0.809045895292       0.826682954703        -0.726023824546       
1.24662157231         2.52009309948         -0.797441305466       0.804023469372        -0.711305849286       
1.2562802701          2.45125425096         -0.785888360726       0.782084106065        -0.696913416292       
1.26593896789         2.38446905089         -0.774440164605       0.760773017087        -0.682844280717       
1.27559766568         2.31977715063         -0.763021952704       0.740128179716        -0.669047204825       
1.28525636347         2.2571595657          -0.751709010334       0.720135327665        -0.655564237787       
1.29491506126         2.19631699031         -0.740411054727       0.700701373831        -0.642312492558       
1.30457375905         2.13728304495         -0.72916189608        0.681843301253        -0.629306640702       
1.31423245684         2.08013176186         -0.718021650453       0.663580782185        -0.616590055903       
1.32389115463         2.02474249619         -0.706952755574       0.645881938581        -0.604126426978       
1.33354985242         1.97103569034         -0.69593545505        0.628724506162        -0.591895739741       
1.34320855022         1.91905731444         -0.685042649428       0.612129778168        -0.579924551335       
1.35286724801         1.86854162284         -0.674299918914       0.596004580376        -0.568198667401       
1.3625259458          1.81971292279         -0.663736681833       0.580428218973        -0.556765785411       
1.37218464359         1.77226038626         -0.653267749978       0.565296335541        -0.545552454715       
1.38184334138         1.72621527402         -0.642908086391       0.550618961505        -0.534566269045       
1.39150203917         1.68159889798         -0.632689415954       0.536408897627        -0.523825009585       
1.40116073696         1.63832516047         -0.622597131515       0.522635361965        -0.513310379152       
1.41081943475         1.59636697369         -0.612656133461       0.509295427304        -0.503032266981       
1.42047813254         1.55558532028         -0.602815009543       0.496329810524        -0.492952556529       
1.43013683033         1.51607218279         -0.593137404945       0.483783976341        -0.483108608061       
1.43979552812         1.47762773192         -0.583491294814       0.471571562321        -0.473425801896       
1.44945422592         1.44031565671         -0.573944121649       0.459737105772        -0.463931128333       
1.45911292371         1.40422983353         -0.564603603245       0.448315096198        -0.45468315212        
1.4687716215          1.36927153803         -0.55530045031        0.437279550551        -0.445575340765       
1.47843031929         1.33530291495         -0.546332796327       0.426552843579        -0.436780088176       
1.48808901708         1.30232737038         -0.537455862995       0.416158594435        -0.428146643946       
1.49774771487         1.27038306668         -0.528758407881       0.406103381896        -0.419730024432       
1.50740641266         1.23935710437         -0.52021330156        0.396348384677        -0.411506213097       
1.51706511045         1.20923664593         -0.511828176411       0.386890720723        -0.403475070422       
1.52672380824         1.18001756675         -0.503616758379       0.377725990624        -0.395646376058       
1.53638250603         1.15162564534         -0.495564702335       0.368829013569        -0.388003723017       
1.54604120383         1.12410851372         -0.487687909797       0.360220172255        -0.380558181596       
1.55569990162         1.09733307574         -0.479980555154       0.351843529052        -0.373298660471       
1.56535859941         1.07134011505         -0.472423945516       0.34372209957         -0.366212509425       
1.5750172972          1.0460252178          -0.465011493773       0.335817608032        -0.359289470912       
1.58467599499         1.02145842612         -0.457776339492       0.328150945082        -0.352553850392       
1.59433469278         0.997661873158        -0.450725197719       0.32074518081         -0.346002306155       
1.60399339057         0.974443983504        -0.443808751701       0.313492081216        -0.339613249772       
1.61365208836         0.951906732011        -0.437064194211       0.306473730502        -0.333391353839       
1.62331078615         0.929999330482        -0.430465025903       0.299644369283        -0.327329414175       
1.63296948394         0.908673845409        -0.424015664738       0.2929973263          -0.321421498103       
1.64262818173         0.887966404255        -0.417733564918       0.286545470767        -0.315680277108       
1.65228687953         0.867882068743        -0.411617575921       0.280286304805        -0.310105857557       
1.66194557732         0.848391731716        -0.405673809423       0.274213442612        -0.304697924073       
1.67160427511         0.829472165415        -0.399895705549       0.268310560398        -0.299453135333       
1.6812629729          0.81121141221         -0.394302131624       0.262614519218        -0.29438494447        
1.69092167069         0.794445144143        -0.38933109934        0.257392712388        -0.289818258186       
1.70058036848         0.78407450422         -0.38741502811        0.254237360265        -0.287547890143       
1.71023906627         0.773225095206        -0.38525617428        0.250919688774        -0.285101782036       
1.71989776406         0.762116428581        -0.382927104083       0.247509824527        -0.282546988898       
1.72955646185         0.750810279324        -0.380488453446       0.244021970543        -0.279926496908       
1.73921515964         0.739431335799        -0.377898787148       0.2405102565          -0.277221910121       
1.74887385744         0.727937897464        -0.375234056515       0.236945269142        -0.274478975236       
1.75853255523         0.716453110656        -0.372494600353       0.233382755287        -0.271700380542       
1.76819125302         0.704782039945        -0.369635335934       0.229730371677        -0.268860966576       
1.77784995081         0.6931583251          -0.366716594037       0.22609257227         -0.265997609071       
1.7875086486          0.681510031076        -0.363718687487       0.222434000372        -0.263099646964       
1.79716734639         0.669849988172        -0.360648645698       0.218760274562        -0.260171588631       
1.80682604418         0.658199709753        -0.357507909518       0.215077929611        -0.257215381822       
1.81648474197         0.646554824143        -0.354293530893       0.211385343712        -0.254229492591       
1.82614343976         0.634970155499        -0.351029369134       0.207706809511        -0.251229325472       
1.83580213755         0.623372681194        -0.347690225497       0.20400844922         -0.248198507211       
1.84546083534         0.611828708831        -0.344287352371       0.200317140484        -0.24514600969        
1.85511953314         0.600339146646        -0.340825836278       0.196635310077        -0.242074522914       
1.86477823093         0.588898035668        -0.337303046784       0.192957894174        -0.238982331282       
1.87443692872         0.577519911495        -0.333724090789       0.189292068929        -0.235872955105       
1.88409562651         0.566202659179        -0.330094160219       0.185637813733        -0.232749070742       
1.8937543243          0.554996842298        -0.32650423364        0.182013828877        -0.229666690089       
1.90341302209         0.543789781943        -0.32265330123        0.178373264632        -0.226444063762       
1.91307171988         0.532763614691        -0.318860449709       0.174793791406        -0.223274340865       
1.92273041767         0.521779600243        -0.315023028866       0.171216368672        -0.220093554788       
1.93238911546         0.510912173896        -0.311140229572       0.167673015404        -0.216902613875       
1.94204781325         0.50008223409         -0.30715558525        0.164129236887        -0.213672453038       
1.95170651105         0.489398667204        -0.303132120963       0.160633981714        -0.21043653393        
1.96136520884         0.478842352781        -0.29907472445        0.157177676102        -0.207197048088       
1.97102390663         0.468434513786        -0.294994625386       0.153771159163        -0.203960349282       
1.98068260442         0.458154348137        -0.290880658925       0.150404128204        -0.200720338606       
1.99034130221         0.448014263932        -0.28672622205        0.147082640108        -0.197474915997       
2                     0.438024337841        -0.282572719689       0.143810456718        -0.19424026331        
2.01                  0.427822189078        -0.278270530838       0.140467197522        -0.190905446037       
2.20965051541         0.256578162181        -0.194013939251       0.0845929895236       -0.128578333881       
2.40930103082         0.142057792531        -0.125165344595       0.0472053900857       -0.0806166128919      
2.60895154623         0.0710273031389       -0.0739660758508      0.023493380342        -0.046605047531       
2.80860206163         0.0322146502447       -0.0396967831907      0.010569761521        -0.0245893661901      
3.00825257704         0.0128652555062       -0.0193794157234      0.00410205580188      -0.0118478467487      
3.20790309245         0.00442875195394      -0.00848409199526     0.00132709692582      -0.00513588730936     
3.40755360786         0.0012282758169       -0.00328793279021     0.0003092146612       -0.00197667990127     
3.60720412327         0.000231369536524     -0.001102227332       2.15408138388e-05     -0.000660180237882    
3.80685463868         3.86307846243e-06     -0.000305338339479    -2.40057686612e-05    -0.000182854998891    
4.00650515408         -1.67661432011e-05    -6.24302733531e-05    -1.45417508908e-05    -3.75621565307e-05    
4.20615566949         -5.36045689538e-06    -5.97350404737e-06    -3.693384484e-06      -3.65031071002e-06    
4.4058061849          -6.60636898532e-09    1.11703598266e-08     -5.16842258642e-09    8.36073664045e-09     
4.4158061849          1.24930809358e-09     1.97798147607e-08     1.58603647835e-08     -8.46027217025e-09    
4.41602840712         1.25344358647e-09     2.01620709861e-08     1.5824214495e-08      -8.16198245281e-09    
4.41625062934         1.25745325328e-09     2.05501519015e-08     1.57884966748e-08     -7.85940309341e-09    
4.41647285157         1.26134037164e-09     2.09438028108e-08     1.5753181424e-08      -7.55272405223e-09    
4.41669507379         1.26510800605e-09     2.13427872471e-08     1.57182423469e-08     -7.24212115741e-09    
4.41691729601         1.26875903486e-09     2.17468845696e-08     1.56836560016e-08     -6.92775803524e-09    
4.41713951823         1.27229617275e-09     2.21558880418e-08     1.56494014569e-08     -6.60978762787e-09    
4.41736174046         1.27572198086e-09     2.25696026181e-08     1.56154599267e-08     -6.28835385067e-09    
4.41758396268         1.27903887851e-09     2.29878438267e-08     1.55818144721e-08     -5.96359249419e-09    
4.4178061849          1.28224916703e-09     2.34104376124e-08     1.55484497607e-08     -5.63563145761e-09    
4.4278061849          1.34106470558e-09     4.52524951695e-08     1.42205468124e-08     1.12081892436e-08     
4.60887820601         -3.16845902283e-10    2.11982331474e-07     3.17454114603e-09     1.54094202477e-07     
4.78995022711         -1.00699752562e-10    1.03978363302e-07     6.90591137108e-10     8.13493534566e-08     
4.97102224822         7.52105650777e-12     3.26457271988e-08     1.42917262811e-10     2.70264750432e-08     
5.15209426932         5.75081277052e-12     7.59306675828e-09     2.5368069171e-11      6.62147201474e-09     
5.33316629043         3.42019999296e-13     1.26239553688e-09     3.25520596222e-12     1.15817874089e-09     
5.51423831153         -1.48625060164e-13    1.09783848974e-10     1.95086140401e-13     1.06110992755e-10     
5.69531033264         3.02341316652e-12     1.26144310228e-14     3.11159138141e-12     -7.52570465369e-14    
5.87638235375         1.20528052788e-11     9.89989210852e-14     1.2919851386e-11      -4.29964191063e-13    
6.05745437485         6.71968754085e-12     9.06998627085e-14     7.49142626086e-12     -3.11651003482e-13    
6.23852639596         2.4357352726e-12      4.88121038211e-14     2.82098429988e-12     -1.38888423479e-13    
6.41959841706         7.01181489523e-13     1.95329168028e-14     8.42881584388e-13     -4.74116968019e-14    
6.60067043817         1.71826229247e-13     6.35195694854e-15     2.14228725766e-13     -1.34339449344e-14    
6.78174245928         3.70308711613e-14     1.75495369122e-15     4.78578310503e-14     -3.2863049349e-15     
6.96281448038         7.15180632213e-15     4.2306294139e-16      9.57640776903e-15     -7.10367886555e-16    
7.14388650149         1.27732705191e-15     9.23316961019e-17     1.77143564886e-15     -1.40437192761e-16    
7.32495852259         2.19619155309e-16     1.9066391804e-17      3.15358083661e-16     -2.64908650625e-17    
7.5060305437          9.68494259321e-18     9.95458140631e-19     1.43961362713e-17     -1.27234562723e-18    
7.6871025648          1.10765724058e-17     1.33176742906e-18     1.70412293229e-17     -1.57532133517e-18    
7.86817458591         1.24875315477e-17     1.73838535262e-18     1.98826450486e-17     -1.91289030125e-18    
8.04924660702         1.39074841791e-17     2.22197526884e-18     2.29152828507e-17     -2.2847630988e-18     
8.23031862812         1.53270285584e-17     2.78903515724e-18     2.61342874541e-17     -2.69049021455e-18    
8.41139064923         1.67376137444e-17     3.4458794355e-18      2.95350584551e-17     -3.12949278273e-18    
8.59246267033         1.81314622692e-17     4.19862647243e-18     3.31132792058e-17     -3.6010955554e-18     
8.77353469144         1.9501498848e-17      5.05319065466e-18     3.68647765949e-17     -4.10464646096e-18    
8.95460671255         2.08412850297e-17     6.01527807093e-18     4.07856395969e-17     -4.63923013967e-18    
9.13567873365         2.21449595603e-17     7.09038504973e-18     4.48722421601e-17     -5.20397415408e-18    
9.31675075476         2.34071841504e-17     8.28379892861e-18     4.91211636267e-17     -5.79797129396e-18    
9.49782277586         2.46230942865e-17     9.60060055025e-18     5.35291907515e-17     -6.42029039479e-18    
9.67889479697         2.57882547033e-17     1.10456680768e-17     5.80933079311e-17     -7.06998534624e-18    
9.85996681807         2.68986191324e-17     1.26236817923e-17     6.28106863254e-17     -7.74610256786e-18    
10.0410388392         2.79504939517e-17     1.43391296272e-17     6.76786728904e-17     -8.44768718747e-18    
10.2221108603         2.89405053763e-17     1.61963131921e-17     7.26947796416e-17     -9.17378812258e-18    
10.4031828814         2.98655698563e-17     1.81993541498e-17     7.78566732985e-17     -9.92346223441e-18    
10.5842549025         3.07228673698e-17     2.03522007899e-17     8.31621653906e-17     -1.06957776989e-17    
10.7653269236         3.1509817326e-17      2.26586346981e-17     8.86092028695e-17     -1.14898167172e-17    
10.9463989447         3.2224056818e-17      2.51222774372e-17     9.41958592473e-17     -1.2304677668e-17     
11.1274709658         3.28634209879e-17     2.77465971726e-17     9.99203262685e-17     -1.31394767924e-17    
11.3085429869         3.34259252937e-17     3.05349151922e-17     1.05780906113e-16     -1.39933494826e-17    
11.489615008          3.39097494815e-17     3.34904122826e-17     1.11776004122e-16     -1.48654512406e-17    
11.6706870291         3.43132230935e-17     3.66161349339e-17     1.17904122055e-16     -1.57549583583e-17    
11.8517590502         3.46348123542e-17     3.99150013508e-17     1.24163851896e-16     -1.66610683671e-17    
12.0328310713         3.4873108297e-17      4.33898072585e-17     1.30553870303e-16     -1.75830002931e-17    
12.2139030924         3.50268160045e-17     4.70432314919e-17     1.37072934107e-16     -1.85199947524e-17    
12.3949751136         3.50947448533e-17     5.08778413658e-17     1.43719879003e-16     -1.94713139137e-17    
12.5760471347         3.507579966e-17       5.48960978226e-17     1.50493644059e-16     -2.0436276683e-17     
12.7571191558         3.49689726417e-17     5.91003603592e-17     1.57393073891e-16     -2.1414242486e-17     
12.9381911769         3.47733361088e-17     6.34928917362e-17     1.64417196321e-16     -2.24044574129e-17    
13.119263198          3.44880358183e-17     6.8075862473e-17      1.71565097284e-16     -2.34062676984e-17    
13.3003352191         3.41122849247e-17     7.28513551353e-17     1.78835905118e-16     -2.44190396555e-17    
13.4814072402         3.36453584686e-17     7.782136842e-17       1.86228794731e-16     -2.54421592312e-17    
13.6624792613         3.30865883529e-17     8.29878210457e-17     1.93742985859e-16     -2.64750315349e-17    
13.8435512824         3.24353587588e-17     8.83525554549e-17     2.0137774064e-16      -2.75170803479e-17    
14.0246233035         3.16911019611e-17     9.39173413363e-17     2.09132361114e-16     -2.85677476195e-17    
14.2056953246         3.08532945042e-17     9.96838789741e-17     2.17006186824e-16     -2.96264929546e-17    
14.3867673457         2.99214537057e-17     1.05653802432e-16     2.24998592537e-16     -3.06927930987e-17    
14.5678393668         2.88951344567e-17     1.1182868258e-16      2.33108986113e-16     -3.17661414207e-17    
14.7489113879         2.7773926293e-17      1.18210029971e-16     2.41336806503e-16     -3.28460473999e-17    
14.929983409          2.65574507095e-17     1.24799297573e-16     2.49681521879e-16     -3.39320361172e-17    
15.1110554301         2.52453586994e-17     1.31597883364e-16     2.58142627891e-16     -3.50236477532e-17    
15.2921274512         2.38373284951e-17     1.38607132806e-16     2.66719646036e-16     -3.61204370953e-17    
15.4731994724         2.23330634945e-17     1.45828341182e-16     2.75412122133e-16     -3.72219730541e-17    
15.6542714935         2.0732290355e-17      1.5326275583e-16      2.84219624902e-16     -3.83278381908e-17    
15.8353435146         1.90347572422e-17     1.60911578254e-16     2.93141744633e-16     -3.94376282558e-17    
16.0164155357         1.72402322177e-17     1.68775966143e-16     3.02178091945e-16     -4.05509517401e-17    
16.1974875568         1.53485017557e-17     1.7685703528e-16      3.1132829662e-16      -4.16674294378e-17    
16.3785595779         1.33593693767e-17     1.85155861362e-16     3.20592006516e-16     -4.27866940229e-17    
16.559631599          1.12726543878e-17     1.93673481725e-16     3.29968886552e-16     -4.39083896375e-17    
16.7407036201         9.08819072146e-18     2.02410896996e-16     3.39458617749e-16     -4.5032171494e-17     
16.9217756412         6.80582586413e-18     2.1136907265e-16      3.49060896341e-16     -4.6157705489e-17     
17.1028476623         4.42541986694e-18     2.20548940503e-16     3.58775432935e-16     -4.72846678312e-17    
17.2839196834         1.94684443208e-18     2.29951400126e-16     3.68601951726e-16     -4.84127446806e-17    
17.4649917045         -6.3001793155e-19     2.39577320191e-16     3.78540189763e-16     -4.95416318011e-17    
17.6460637256         -3.30527468907e-18    2.49427539759e-16     3.88589896251e-16     -5.06710342243e-17    
17.8271357467         -6.07902400179e-18    2.59502869499e-16     3.9875083191e-16      -5.18006659261e-17    
18.0082077678         -8.9513553956e-18     2.69804092852e-16     4.09022768358e-16     -5.2930249514e-17     
18.1892797889         -1.19223503799e-17    2.80331967141e-16     4.1940548754e-16      -5.40595159262e-17    
18.37035181           -1.49920830211e-17    2.91087224627e-16     4.2989878119e-16      -5.51882041411e-17    
18.5514238312         -1.81606204735e-17    3.02070573518e-16     4.40502450322e-16     -5.63160608985e-17    
18.7324958523         -2.14280234726e-17    3.13282698926e-16     4.51216304755e-16     -5.74428404296e-17    
18.9135678734         -2.47943467916e-17    3.24724263789e-16     4.62040162657e-16     -5.85683041981e-17    
19.0946398945         -2.82596396658e-17    3.36395909738e-16     4.72973850132e-16     -5.96922206506e-17    
19.2757119156         -3.18239461861e-17    3.48298257937e-16     4.84017200811e-16     -6.08143649761e-17    
19.4567839367         -3.54873056644e-17    3.60431909877e-16     4.95170055481e-16     -6.19345188745e-17    
19.6378559578         -3.92497529737e-17    3.72797448134e-16     5.06432261729e-16     -6.30524703343e-17    
19.8189279789         -4.31113188635e-17    3.85395437097e-16     5.17803673607e-16     -6.41680134178e-17    
20                    0                     0                     0                     0                     
