0.0779191396          0                     0                     0                     0                     
0.087577837391        1.74784168274         0.893476165381        0.422161573848        0.376560979457        
0.0972365351819       8.47786112474         3.98925697434         2.17395842291         1.6593437833          
0.106895232973        18.2766040785         7.87866859522         4.95315131051         3.22848315505         
0.116553930764        28.8096976168         11.3338119092         8.19822414147         4.5570782402          
0.126212628555        38.6617679298         13.8051448257         11.4820563987         5.41378389434         
0.135871326346        47.1694169878         15.2086714407         14.5417919709         5.76941583461         
0.145530024137        54.1537348829         15.6347865597         17.2565799667         5.66807300343         
0.155188721928        59.6352872056         15.212510866          19.5688326256         5.16664498869         
0.164847419719        63.7133326762         14.0744624008         21.4475236182         4.31723616947         
0.17450611751         66.4736693655         12.3930168184         22.8551508716         3.19916988345         
0.184164815301        68.0338540794         10.3415790268         23.7786483494         1.90063591721         
0.193823513091        68.5102012774         8.13957136574         24.2217873591         0.545826612137        
0.203482210882        68.0946897926         5.98632704029         24.2496030102         -0.748836443435       
0.213140908673        66.9963183658         4.01418948792         23.9528548075         -1.90682379348        
0.222799606464        65.4373127692         2.2763489456          23.4373762066         -2.90008046172        
0.232458304255        63.5702561695         0.767226261412        22.7764296709         -3.73544627714        
0.242117002046        61.5036592326         -0.527693992502       22.0205167059         -4.42620434805        
0.251775699837        59.3209519741         -1.62112711177        21.2078141997         -4.9840363039         
0.261434397628        57.0856454971         -2.53552321416        20.3687887079         -5.42374107398        
0.271093095419        54.8530513381         -3.29313036036        19.530319504          -5.7626508388         
0.28075179321         52.6470215513         -3.92101271867        18.7040001298         -6.0196934342         
0.290410491001        50.4956569457         -4.44565621676        17.9012688898         -6.21325444753        
0.300069188792        48.4016320599         -4.88478635271        17.1213215574         -6.3556886998         
0.309727886583        46.368629875          -5.24869026964        16.3640098328         -6.45428581035        
0.319386584374        44.3952109729         -5.53491196972        15.6275723913         -6.50845718254        
0.329045282165        42.501679858          -5.75661300359        14.9218710977         -6.52625388268        
0.338703979956        40.6850557216         -5.92027355283        14.2464960866         -6.51155771443        
0.348362677747        38.9481993294         -6.03072475058        13.6021063            -6.46740576145        
0.358021375538        37.2981937348         -6.09917874663        12.99391083           -6.40090869197        
0.367680073329        35.73299833           -6.13364517138        12.4208577655         -6.31717989352        
0.37733877112         34.2506081273         -6.14205128723        11.8823990045         -6.22115813627        
0.386997468911        32.8456695326         -6.13104701044        11.3757589828         -6.11712859227        
0.396656166702        31.514863366          -6.10620714501        10.8993303298         -6.00852265468        
0.406314864492        30.2526973908         -6.07134422129        10.4502323516         -5.89772240878        
0.415973562283        29.0531783931         -6.03008200371        10.0254359746         -5.78694098618        
0.425632260074        27.9120246956         -5.98285123832        9.62273927426         -5.6763129144         
0.435290957865        26.8250012195         -5.93118398561        9.23998189707         -5.56668850054        
0.444949655656        25.7875725796         -5.87518752429        8.87513771718         -5.45793752925        
0.454608353447        24.7968878192         -5.81552336708        8.5267023392          -5.35037349304        
0.464267051238        23.8502449937         -5.7517995717         8.19371114493         -5.24351924773        
0.473925749029        22.9454172605         -5.68425787639        7.87526056972         -5.13738803005        
0.48358444682         22.0794332993         -5.61253233274        7.57012572025         -5.03156456077        
0.493243144611        21.2507293137         -5.53671022159        7.27792713683         -4.92590200304        
0.502901842402        20.4581933872         -5.45705654251        6.99832482324         -4.82046592456        
0.512560540193        19.7005492917         -5.37408576702        6.73098529904         -4.71541900342        
0.522219237984        18.9750297364         -5.28755581038        6.47503474368         -4.61039398492        
0.531877935775        18.2830920824         -5.19877313293        6.23105514681         -4.50626018929        
0.541536633566        17.6210211225         -5.10726662786        5.99789753028         -4.40245063697        
0.551195331357        16.9886470805         -5.01393666387        5.77557155829         -4.29947480256        
0.560854029148        16.384379498          -4.91931229904        5.56354269974         -4.19753780052        
0.570512726939        15.8066398262         -4.82352991444        5.36130421753         -4.09661479776        
0.58017142473         15.2551938105         -4.7272379003         5.16881887182         -3.99713289106        
0.589830122521        14.7288285391         -4.63122605449        4.9857373997          -3.89932107875        
0.599488820312        14.2260345748         -4.53643720781        4.81152050774         -3.80370374605        
0.609147518103        13.744907222          -4.44182637541        4.64523176033         -3.70976197177        
0.618806215893        13.2838592786         -4.34747109768        4.48648412201         -3.61737993276        
0.628464913684        12.8443598742         -4.25479511327        4.33590396076         -3.52740143258        
0.638123611475        12.4240190027         -4.16421611406        4.19245753224         -3.44001392615        
0.647782309266        12.0217918375         -4.07560735819        4.05574173326         -3.3550782263         
0.657441007057        11.6368236461         -3.98921549285        3.92537394535         -3.2727152826         
0.667099704848        11.2681752563         -3.90495603641        3.80100606662         -3.19282101937        
0.676758402639        10.9143739147         -3.82297346057        3.68199946752         -3.11541518114        
0.68641710043         10.5750888402         -3.74324875637        3.56824446207         -3.04046070923        
0.696075798221        10.2492932336         -3.66576334597        3.45930838472         -2.96789152178        
0.705734496012        9.93661769136         -3.59070212528        3.35501519393         -2.89780719499        
0.715393193803        9.63564150126         -3.51778865495        3.25479998742         -2.82996032738        
0.725051891594        9.34616485916         -3.44704626444        3.15858796067         -2.7643415555         
0.734710589385        9.06752872528         -3.37851501373        3.06612360382         -2.70094332181        
0.744369287176        8.79910844711         -3.31196795657        2.97711020947         -2.63958829373        
0.754027984967        8.54035729454         -3.24752702032        2.89138902838         -2.58030891309        
0.763686682758        8.2905438296          -3.18480674902        2.80863172638         -2.52282424953        
0.773345380549        8.04953379641         -3.12388842392        2.72879963596         -2.46717033294        
0.78300407834         7.81670144682         -3.06470306517        2.65163895092         -2.41327123218        
0.792662776131        7.5913323449          -3.00700408985        2.57691123489         -2.36091713598        
0.802321473922        7.37397319041         -2.95101043198        2.50478775477         -2.31027157482        
0.811980171713        7.16343453009         -2.8963677855         2.4348504819          -2.26103974358        
0.821638869504        6.95938347677         -2.84300961006        2.366962742           -2.21316244225        
0.831297567294        6.76214202255         -2.79093351562        2.30129662903         -2.16661502049        
0.840956265085        6.57094364331         -2.74002030338        2.23752264486         -2.1213122813         
0.850614962876        6.38526889184         -2.69005981594        2.17548820923         -2.07706366714        
0.860273660667        6.2054667469          -2.64121071698        2.11531194867         -2.03399049697        
0.869932358458        6.0308813504          -2.59319915261        2.05678468873         -1.99187151425        
0.879591056249        5.86146472094         -2.54607497109        1.99987888822         -1.95072938603        
0.88924975404         5.69698749925         -2.49975685698        1.9445391755          -1.91049147382        
0.898908451831        5.53728645722         -2.4541466636         1.8907063409          -1.871081318          
0.908567149622        5.38180316114         -2.40908658237        1.83817565702         -1.83236681112        
0.918225847413        5.23089737731         -2.36482183245        1.78714732244         -1.79450390578        
0.927884545204        5.08410796551         -2.32104349588        1.73743650986         -1.75726213296        
0.937543242995        4.94103377435         -2.2777270132         1.68888919353         -1.72061953133        
0.947201940786        4.80180995271         -2.23471014676        1.64157707872         -1.68446004704        
0.956860638577        4.66587959328         -2.1919674399         1.59533621107         -1.64873171918        
0.966519336368        4.53284812064         -2.14940086004        1.55001485988         -1.61334937342        
0.976178034159        4.4015769879          -2.10632805518        1.50524966804         -1.57781140491        
0.98583673195         4.26453822933         -2.05912361153        1.45847741367         -1.53941039925        
0.995495429741        4.12671314319         -2.01025670686        1.41142365443         -1.49994418396        
1.00515412753         3.99462659783         -1.96298567455        1.36632727952         -1.46183217662        
1.01481282532         3.86784836692         -1.91716011585        1.32302415201         -1.42498516042        
1.02447152311         3.74586874417         -1.87253709847        1.28134788699         -1.38921694178        
1.0341302209          3.62841088471         -1.82906239805        1.24121395253         -1.35447309562        
1.0437889187          3.51549368156         -1.78677367891        1.20262807436         -1.32077640516        
1.05344761649         3.40645471828         -1.74539199128        1.16537607456         -1.28790803992        
1.06310631428         3.30145183164         -1.70506930332        1.12951066971         -1.25597268384        
1.07276501207         3.20014652651         -1.66568110441        1.09492158073         -1.22486806934        
1.08242370986         3.10254446871         -1.62728707853        1.06161568703         -1.19462869183        
1.09208240765         3.00839025004         -1.58981050443        1.02948608707         -1.16519660477        
1.10174110544         2.91748807263         -1.5532197413         0.998509666503        -1.13652588087        
1.11139980323         2.82965794333         -1.5173133297         0.968553226595        -1.10851875667        
1.12105850102         2.74498414741         -1.48225573885        0.93972269913         -1.08125495962        
1.13071719881         2.66340915786         -1.44811399308        0.911993646622        -1.05475011018        
1.14037589661         2.58468622843         -1.41479540958        0.885269782376        -1.0289444998         
1.1500345944          2.50872635465         -1.38237888655        0.859512664128        -1.00388264061        
1.15969329219         2.43560342838         -1.35086547693        0.834764580192        -0.97955804053        
1.16935198998         2.36496876173         -1.31992658361        0.810903673928        -0.955751073553       
1.17901068777         2.29669951914         -1.29011461657        0.787835831269        -0.932817397897       
1.18866938556         2.23062547497         -1.26087040786        0.765550981678        -0.910376986952       
1.19832808335         2.16724483175         -1.23264106409        0.744203029891        -0.888742638725       
1.20798678114         2.10570064485         -1.20499513411        0.723497339596        -0.867597125787       
1.21764547893         2.04635511001         -1.17817301012        0.703552347916        -0.847109909991       
1.22730417672         1.98893708954         -1.15204609515        0.684275336864        -0.827185139887       
1.23696287451         1.93360724817         -1.12674064815        0.665716964056        -0.807910692721       
1.24662157231         1.87981107379         -1.10194915131        0.647688698918        -0.789063815945       
1.2562802701          1.82789666142         -1.07791391939        0.630301109116        -0.770815792177       
1.26593896789         1.7777164554          -1.0545643164         0.613512076166        -0.753109467038       
1.27559766568         1.72913399463         -1.03186424133        0.597259849617        -0.735919203726       
1.28525636347         1.68221313637         -1.00984776562        0.581573835521        -0.719267110131       
1.29491506126         1.63664701076         -0.988369920976       0.566339369849        -0.703047349687       
1.30457375905         1.59248992199         -0.967467241678       0.551580862309        -0.68728323929        
1.31423245684         1.54977048842         -0.94717046642        0.537298920436        -0.671997077255       
1.32389115463         1.50836990462         -0.927458655943       0.523455489172        -0.657168162154       
1.33354985242         1.46833373416         -0.908381141789       0.510081564863        -0.642826013487       
1.34320855022         1.42940737747         -0.889568976194       0.497043683279        -0.628734546688       
1.35286724801         1.39166425049         -0.871400008045       0.484413706954        -0.615106073873       
1.3625259458          1.35514068111         -0.853807125892       0.472186208388        -0.601919302395       
1.37218464359         1.31963294951         -0.836681798633       0.460285527879        -0.589097356289       
1.38184334138         1.28513817818         -0.820006704475       0.448708999588        -0.576629582857       
1.39150203917         1.25165180109         -0.803794970961       0.437456977508        -0.56452258986        
1.40116073696         1.2191257186          -0.788003101665       0.426512712087        -0.552746366706       
1.41081943475         1.18747042278         -0.772651028783       0.415831657817        -0.541311658692       
1.42047813254         1.15678687794         -0.757631328296       0.405487884551        -0.530143233015       
1.43013683033         1.12689407772         -0.743025600921       0.395373566297        -0.519297571028       
1.43979552812         1.09787148929         -0.728797188717       0.385540302354        -0.508747129052       
1.44945422592         1.06960076155         -0.714895783691       0.37593844623         -0.498455766073       
1.45911292371         1.04212524119         -0.701335234187       0.366590748923        -0.488432437226       
1.4687716215          1.01538857571         -0.688098812606       0.357471597251        -0.478664126946       
1.47843031929         0.989363293955        -0.675161448835       0.348577557286        -0.469132398498       
1.48808901708         0.964029643381        -0.662514362832       0.339902801997        -0.459829311288       
1.49774771487         0.939385930918        -0.650157332187       0.331442540545        -0.45075553333        
1.50740641266         0.915394083376        -0.638070652326       0.323188958688        -0.441895298945       
1.51706511045         0.89202175991         -0.626234015193       0.315128660375        -0.433233726645       
1.52672380824         0.869292908149        -0.614667036843       0.307274838291        -0.424783226808       
1.53638250603         0.84716115153         -0.603325450382       0.299611085086        -0.416512925079       
1.54604120383         0.825633715271        -0.592253853953       0.292141051695        -0.40845141483        
1.55569990162         0.804678103601        -0.581390690901       0.284854452631        -0.400556299589       
1.56535859941         0.784251566486        -0.570726159701       0.277737837204        -0.392820153501       
1.5750172972          0.764306294799        -0.560249070193       0.270772021036        -0.385233473431       
1.58467599499         0.744977517385        -0.550008384923       0.264014182599        -0.377829913776       
1.59433469278         0.726052500453        -0.539877757939       0.257373714134        -0.370530743251       
1.60399339057         0.707741180256        -0.529981005203       0.25094489834         -0.363414319456       
1.61365208836         0.689968847419        -0.520277009846       0.244715338948        -0.356443945252       
1.62331078615         0.672594514884        -0.510717256277       0.238593112227        -0.349593907174       
1.63296948394         0.655766466927        -0.501360903012       0.232673387508        -0.342897833944       
1.64262818173         0.639448464384        -0.492206050728       0.226933089977        -0.336352720373       
1.65228687953         0.623637767578        -0.483286796701       0.221371053546        -0.329976373805       
1.66194557732         0.60829202165         -0.474578541637       0.215968794187        -0.323757268509       
1.67160427511         0.59341893102         -0.466101999774       0.210727557483        -0.31770953036        
1.6812629729          0.579070544161        -0.457847234597       0.205679608633        -0.311825372147       
1.69092167069         0.565841494672        -0.450334383353       0.201022571284        -0.306459517609       
1.70058036848         0.557183640885        -0.446355512477       0.197988273254        -0.303507799119       
1.71023906627         0.548233939934        -0.442034002676       0.194851000743        -0.300330903944       
1.71989776406         0.539153930394        -0.437510607198       0.19166931391         -0.29702431359        
1.72955646185         0.530047737799        -0.432849272706       0.188486243645        -0.293630214986       
1.73921515964         0.520834304814        -0.428029733062       0.185252314963        -0.290139352945       
1.74887385744         0.511651836694        -0.423119545405       0.182037721468        -0.286593327535       
1.75853255523         0.502492551066        -0.418129435448       0.178834697696        -0.283000311322       
1.76819125302         0.493364009035        -0.413064273478       0.175644948722        -0.279364093475       
1.77784995081         0.484271596232        -0.407931247258       0.17246973618         -0.275689143778       
1.7875086486          0.475212578149        -0.40279923097        0.169303068306        -0.272021563027       
1.79716734639         0.466244925334        -0.397522435857       0.166182611093        -0.268264586805       
1.80682604418         0.457329743689        -0.392262960734       0.163077631767        -0.26452565035        
1.81648474197         0.448484831624        -0.386973355537       0.159999726584        -0.260773623154       
1.82614343976         0.439696744172        -0.381662963909       0.15694034417         -0.257014048484       
1.83580213755         0.431012593748        -0.376342823039       0.153923726406        -0.25325508283        
1.84546083534         0.422398741184        -0.371009921841       0.150931050862        -0.249494005477       
1.85511953314         0.413866185132        -0.36567249851        0.147967010858        -0.245737055261       
1.86477823093         0.405420465153        -0.360337515744       0.145033569305        -0.241988061868       
1.87443692872         0.397065294634        -0.35500527269        0.142132117989        -0.238248029339       
1.88409562651         0.388791498334        -0.349662644916       0.139256179946        -0.234508834127       
1.8937543243          0.380651824782        -0.344396518404       0.136435997429        -0.230819353322       
1.90341302209         0.372570882616        -0.339108709514       0.133628484052        -0.227122999344       
1.91307171988         0.364581099592        -0.333862166486       0.130851934396        -0.223459590125       
1.92273041767         0.356680918176        -0.328637568342       0.128103764154        -0.219816993298       
1.93238911546         0.348866402566        -0.323442922368       0.125381341654        -0.216200489214       
1.94204781325         0.341146862614        -0.318274193935       0.122690352231        -0.212607315902       
1.95170651105         0.33351461844         -0.313133260947       0.120024641466        -0.209039220458       
1.96136520884         0.32597148007         -0.30802373594        0.117385026208        -0.205497708726       
1.97102390663         0.318511009017        -0.302942025358       0.114768500143        -0.201980830585       
1.98068260442         0.311152506787        -0.297901326149       0.112184435591        -0.198496899126       
1.99034130221         0.30384844183         -0.292850384867       0.109608136096        -0.19501652549        
2                     0.296650225344        -0.287827884549       0.107066320626        -0.191561690778       
2.01                  0.289316118117        -0.282668762165       0.104473613691        -0.188017243813       
2.21661373849         0.16222531413         -0.185099597122       0.0586717949013       -0.121856698963       
2.42322747698         0.0819036306653       -0.109649143112       0.0294753344243       -0.0716397876872      
2.62984121547         0.0364805654593       -0.0593372329243      0.012831057414        -0.0385693140708      
2.83645495396         0.0139651548873       -0.0288362542176      0.00463686188011      -0.0186851988433      
3.04306869245         0.00427113896657      -0.0124288953679      0.00119205734713      -0.00804533510173     
3.24968243094         0.0008547830328       -0.0046250614822      7.44651546633e-05     -0.0029980932386      
3.45629616943         -1.58701620794e-05    -0.00141534330925     -0.000130014313063    -0.000921580119954    
3.66290990792         -9.43601042273e-05    -0.000316356130178    -8.42000575504e-05    -0.000207864148895    
3.86952364641         -3.09583247678e-05    -3.18425006999e-05    -2.29830623135e-05    -2.13683903309e-05    
4.0761373849          -4.02788419122e-08    5.55534344388e-08     -3.24519280625e-08    4.48135292677e-08     
4.0861373849          3.09985536912e-09     1.02042194244e-07     2.27133776885e-10     8.05246665819e-08     
4.08635960712         3.12088590266e-09     1.04178071233e-07     2.38330795457e-10     8.2163396842e-08      
4.08658182934         3.14154602145e-09     1.06347935481e-07     2.49449571637e-10     8.38286641205e-08     
4.08680405157         3.16184341541e-09     1.08550359706e-07     2.60489905538e-10     8.55193745095e-08     
4.08702627379         3.18178523937e-09     1.10784018198e-07     2.71451618516e-10     8.72345122139e-08     
4.08724849601         3.20137819482e-09     1.13047673523e-07     2.82334559371e-10     8.89731291683e-08     
4.08747071823         3.22062857073e-09     1.15340163457e-07     2.93138592728e-10     9.07343351342e-08     
4.08769294046         3.23954223823e-09     1.17660390568e-07     3.03863569539e-10     9.25172897789e-08     
4.08791516268         3.25812475986e-09     1.20007320669e-07     3.14509365631e-10     9.43212012504e-08     
4.0881373849          3.27638143764e-09     1.22379994085e-07     3.2507592247e-10      9.61453342138e-08     
4.0981373849          3.82015321055e-09     2.46391364343e-07     7.21191053942e-10     1.91945853156e-07     
4.27884036916         -7.67956254818e-10    1.35239232035e-06     8.20484905941e-11     1.10847708507e-06     
4.45954335343         -3.78832028447e-10    7.42301172583e-07     -1.0659437553e-10     6.39714813467e-07     
4.64024633769         2.61825866116e-11     2.58106144166e-07     -6.86045267152e-12    2.33060127044e-07     
4.82094932195         2.48963620902e-11     6.54286684179e-08     4.81507020442e-12     6.17849178549e-08     
5.00165230621         8.41040544759e-13     1.13708562469e-08     4.72810351949e-13     1.12186130252e-08     
5.18235529048         -7.63099440526e-13    8.28457292265e-10     -1.45571624089e-13    8.53950314992e-10     
5.36305827474         1.46743660949e-10     3.89765255778e-13     1.58352919973e-10     -2.95328172098e-13    
5.543761259           2.50925753648e-10     1.29517973807e-12     2.82381398391e-10     -1.86881092853e-12    
5.72446424326         1.40313223901e-10     1.18697896445e-12     1.64365457031e-10     -1.78656618934e-12    
5.90516722753         5.48056158491e-11     6.88816082801e-13     6.67538655929e-11     -9.85844287067e-13    
6.08587021179         1.73737346409e-11     3.04148993945e-13     2.19857988887e-11     -4.03167773835e-13    
6.26657319605         4.73317077296e-12     1.1024664371e-13      6.21919139309e-12     -1.34349960285e-13    
6.44727618031         1.13992972085e-12     3.4138344462e-14      1.55459830116e-12     -3.82501255002e-14    
6.62797916458         2.46634287202e-13     9.2478732436e-15      3.48983496597e-13     -9.54245986249e-15    
6.80868214884         4.84541815043e-14     2.22719167445e-15     7.11232006836e-14     -2.12170027722e-15    
6.9893851331          8.69503178159e-15     4.81566407584e-16     1.32378943526e-14     -4.25292899945e-16    
7.17008811736         1.44430539027e-15     9.50184894527e-17     2.28057819315e-15     -7.80142764547e-17    
7.35079110163         2.3228630378e-16      1.79363649315e-17     3.80409470043e-16     -1.37297207942e-17    
7.53149408589         6.29426150716e-17     5.64674612178e-18     1.06917574302e-16     -4.04154227589e-18    
7.71219707015         6.96942359108e-17     7.20118178516e-18     1.22807568807e-16     -4.83412710827e-18    
7.89290005441         1.6509466289e-17      1.94992966397e-18     3.01825687175e-17     -1.23058718592e-18    
8.07360303868         1.7929694453e-17      2.40486205315e-18     3.4016164032e-17      -1.42989682886e-18    
8.25430602294         1.93169923854e-17     2.92549249907e-18     3.80414708165e-17     -1.64212696549e-18    
8.4350090072          2.06635527349e-17     3.51578370013e-18     4.22537698535e-17     -1.86650505386e-18    
8.61571199146         2.19622845906e-17     4.17955067155e-18     4.66488184402e-17     -2.10224635156e-18    
8.79641497572         2.320674414e-17       4.92046058722e-18     5.12221159584e-17     -2.34924049984e-18    
8.97711795999         2.43910719535e-17     5.74203408606e-18     5.59694541646e-17     -2.60606681376e-18    
9.15782094425         2.55099363914e-17     6.6476476946e-18      6.08872988194e-17     -2.87189870962e-18    
9.33852392851         2.65584826187e-17     7.64053708573e-18     6.59722404195e-17     -3.14591136301e-18    
9.51922691278         2.75322867203e-17     8.72380094929e-18     7.12210781605e-17     -3.42728610279e-18    
9.69992989704         2.84273144359e-17     9.90040529514e-18     7.6630816281e-17      -3.71521394285e-18    
9.8806328813          2.92398840614e-17     1.11731880464e-17     8.21986541232e-17     -4.00889839251e-18    
10.0613358656         2.9966633099e-17      1.25448638099e-17     8.79219762352e-17     -4.30755766423e-18    
10.2420388498         3.06044882733e-17     1.4018028735e-17      9.37983458823e-17     -4.61042637842e-18    
10.4227418341         3.11506385656e-17     1.55951653922e-17     9.98255132302e-17     -4.91675684952e-18    
10.6034448184         3.16025109535e-17     1.7278647616e-17      1.06001568078e-16     -5.22598400857e-18    
10.7841478026         3.195774857e-17       1.90707452741e-17     1.123239115e-16       -5.53774536589e-18    
10.9648507869         3.22141910317e-17     2.09736289285e-17     1.18790673e-16        -5.85090757854e-18    
11.1455537711         3.23698567065e-17     2.29893743692e-17     1.25400147534e-16     -6.16480114449e-18    
11.3262567554         3.24229267186e-17     2.51199670016e-17     1.32150684005e-16     -6.4787764121e-18     
11.5069597397         3.23717305096e-17     2.73673060786e-17     1.3904072115e-16      -6.79220351274e-18    
11.6876627239         3.22147327928e-17     2.97332087693e-17     1.46068788033e-16     -7.10447218636e-18    
11.8683657082         3.19505217577e-17     3.22194140618e-17     1.53233499982e-16     -7.4149915213e-18     
12.0490686924         3.15777983956e-17     3.48275864973e-17     1.60533553596e-16     -7.72318962561e-18    
12.2297716767         3.10953668303e-17     3.75593197391e-17     1.67967721679e-16     -8.02851324483e-18    
12.410474661          3.05021255534e-17     4.04161399762e-17     1.75534848377e-16     -8.33042733852e-18    
12.5911776452         2.97970594719e-17     4.3399509167e-17      1.8323384459e-16      -8.6284146258e-18     
12.7718806295         2.89792326865e-17     4.65108281269e-17     1.91063683699e-16     -8.92197510845e-18    
12.9525836138         2.8047781928e-17      4.97514394642e-17     1.9902339761e-16      -9.21062557885e-18    
13.133286598          2.70019105867e-17     5.31226303715e-17     2.07112073128e-16     -9.49389911845e-18    
13.3139895823         2.5840883277e-17      5.66256352764e-17     2.15328848673e-16     -9.77134459178e-18    
13.4946925666         2.4564020884e-17      6.02616383584e-17     2.23672911395e-16     -1.004252614e-17      
13.6753955508         2.31706960474e-17     6.40317759383e-17     2.32143494814e-16     -1.03070226773e-17    
13.8560985351         2.16603290387e-17     6.79371387446e-17     2.40739877372e-16     -1.05644273923e-17    
14.0368015193         2.00323839963e-17     7.19787740642e-17     2.49461383123e-16     -1.08143472577e-17    
14.2175045036         1.8286365483e-17      7.61576877827e-17     2.58307390408e-16     -1.10564025483e-17    
14.3982074879         1.64218153374e-17     8.04748463186e-17     2.67277449384e-16     -1.12902698179e-17    
14.5789104721         1.44383097907e-17     8.49311784591e-17     2.76370638505e-16     -1.15160037227e-17    
14.7596134564         1.23354568251e-17     8.95275771001e-17     2.85586307002e-16     -1.17328350806e-17    
14.9403164407         1.01128937521e-17     9.42649008975e-17     2.94924016177e-16     -1.19404327574e-17    
15.1210194249         7.77028498967e-18     9.9143975833e-17      3.04383285166e-16     -1.2138476677e-17     
15.3017224092         5.30732002167e-18     1.041655967e-16       3.13963646086e-16     -1.23266574145e-17    
15.4824253934         2.72371152278e-18     1.09330528514e-16     3.23664650254e-16     -1.25046758028e-17    
15.6631283777         1.91936342048e-20     1.14639507847e-16     3.33485869189e-16     -1.26722425523e-17    
15.843831362          -2.80647962275e-18    1.20093244104e-16     3.43426894304e-16     -1.28290778845e-17    
16.0245343462         -5.75353580742e-18    1.25692420719e-16     3.53487336173e-16     -1.29749111779e-17    
16.2052373305         -8.82218540548e-18    1.3143769631e-16      3.63666823666e-16     -1.31094806274e-17    
16.3859403148         -1.20126230696e-17    1.37329705755e-16     3.73965003044e-16     -1.3232532916e-17     
16.566643299          -1.53250287639e-17    1.43369061234e-16     3.84381537067e-16     -1.3343822899e-17     
16.7473462833         -1.87595688201e-17    1.49556353205e-16     3.94916104132e-16     -1.34431133003e-17    
16.9280492675         -2.23163969135e-17    1.55892151337e-16     4.05568397451e-16     -1.35301744201e-17    
17.1087522518         -2.59956549639e-17    1.62377005398e-16     4.16338124263e-16     -1.36047838542e-17    
17.2894552361         -2.97974739694e-17    1.69011446095e-16     4.27225005101e-16     -1.36667262239e-17    
17.4701582203         -3.37219747778e-17    1.7579598588e-16      4.38228773088e-16     -1.37157929171e-17    
17.6508612046         -3.77692687996e-17    1.82731119709e-16     4.4934917328e-16      -1.37517818388e-17    
17.8315641889         -4.19394586698e-17    1.89817325769e-16     4.60585962045e-16     -1.37744971726e-17    
18.0122671731         -4.62326388597e-17    1.9705506617e-16      4.71938906479e-16     -1.37837491501e-17    
18.1929701574         -5.06488962447e-17    2.04444787605e-16     4.83407783854e-16     -1.37793538313e-17    
18.3736731416         -5.51883106313e-17    2.11986921969e-16     4.94992381102e-16     -1.37611328922e-17    
18.5543761259         -5.98509552451e-17    2.19681886967e-16     5.06692494319e-16     -1.37289134219e-17    
18.7350791102         -6.46368971848e-17    2.27530086674e-16     5.18507928314e-16     -1.36825277274e-17    
18.9157820944         -6.9546197843e-17     2.35531912083e-16     5.30438496169e-16     -1.36218131461e-17    
19.0964850787         -7.45789132983e-17    2.43687741621e-16     5.42484018829e-16     -1.35466118659e-17    
19.2771880629         -7.97350946782e-17    2.51997941642e-16     5.54644324723e-16     -1.34567707528e-17    
19.4578910472         -8.50147884982e-17    2.60462866898e-16     5.66919249391e-16     -1.33521411848e-17    
19.6385940315         -9.04180369764e-17    2.6908286099e-16      5.79308635148e-16     -1.32325788929e-17    
19.8192970157         -9.59448783259e-17    2.77858256794e-16     5.91812330759e-16     -1.30979438079e-17    
20                    0                     0                     0                     0                     
