0.0779191396          0                     0                     0                     0                     
0.087577837391        0.800574755424        0.2260516455          0.161054196842        0.180078589897        
0.0972365351819       4.03203931768         0.936816871144        0.937333775967        0.783076586254        
0.106895232973        8.92973801598         1.60733482579         2.31116976497         1.44486908576         
0.116553930764        14.3731728886         1.84090145285         4.04235240959         1.85900933806         
0.126212628555        19.620428648          1.48046451685         5.89789194634         1.88703690697         
0.135871326346        24.240418253          0.491269681247        7.68364428591         1.48482514297         
0.145530024137        27.9566632629         -1.07560315958        9.21960698641         0.672639930331        
0.155188721928        30.5680470117         -3.02319622764        10.3371646736         -0.430744393379       
0.164847419719        32.0786058532         -5.02025398548        10.9828976614         -1.61542083264        
0.17450611751         32.6991349469         -6.83759908519        11.2368169022         -2.72573558069        
0.184164815301        32.6631783008         -8.36976836524        11.2050351602         -3.68541828505        
0.193823513091        32.1729222711         -9.59877607139        10.9824987994         -4.47480107118        
0.203482210882        31.3818181399         -10.5500992097        10.6401684253         -5.10353763095        
0.213140908673        30.3883360569         -11.2560127871        10.2214441303         -5.58809284091        
0.222799606464        29.280721639          -11.7480039703        9.76470783438         -5.94478625443        
0.232458304255        28.1165555726         -12.0677420825        9.29551291169         -6.19640542558        
0.242117002046        26.9364021806         -12.2516388142        8.83057451596         -6.36420839225        
0.251775699837        25.7622366905         -12.3316315059        8.37702735196         -6.4672070325         
0.261434397628        24.6053575509         -12.3290688148        7.93714607039         -6.51820150373        
0.271093095419        23.4746468488         -12.2588437809        7.51254077597         -6.525970058          
0.28075179321         22.3780116529         -12.1303015278        7.10518205006         -6.49591311416        
0.290410491001        21.3235735481         -11.9549956823        6.71820222697         -6.4349075336         
0.300069188792        20.3165701323         -11.742160813         6.35347855395         -6.34845653885        
0.309727886583        19.3605675685         -11.5017877948        6.01230010118         -6.24266126377        
0.319386584374        18.4562519332         -11.2425427961        5.69462137427         -6.1229164801         
0.329045282165        17.6022678107         -10.9726722923        5.39922888671         -5.99445104393        
0.338703979956        16.7958528595         -10.6972820108        5.12432307345         -5.86053354756        
0.348362677747        16.0338896883         -10.4209238038        4.86787929974         -5.72406380642        
0.358021375538        15.3118436061         -10.1454408982        4.62739091311         -5.5863885327         
0.367680073329        14.6263041986         -9.86960250131        4.40090463504         -5.44724777064        
0.37733877112         13.9785489618         -9.59941235206        4.18893272119         -5.30979146661        
0.386997468911        13.3646471845         -9.3346157881         3.98939554113         -5.17413241012        
0.396656166702        12.7807848598         -9.07452116744        3.80036550877         -5.03997029178        
0.406314864492        12.2262883279         -8.81916431086        3.62166308788         -4.90738311696        
0.415973562283        11.6995783172         -8.56924276775        3.45257086991         -4.77686202297        
0.425632260074        11.1987110744         -8.32378446354        3.29237301358         -4.64789729596        
0.435290957865        10.723305092          -8.08352306513        3.14096229525         -4.52093331303        
0.444949655656        10.2716220535         -7.8480693497         2.99776642179         -4.39582893067        
0.454608353447        9.84334460328         -7.61805053846        2.86274571449         -4.27301011596        
0.464267051238        9.436978661           -7.39352150323        2.73538137379         -4.15256949928        
0.473925749029        9.05163328951         -7.17468674698        2.61536345432         -4.03468241007        
0.48358444682         8.6862529255          -6.96186602336        2.50236566129         -3.91959722077        
0.493243144611        8.339575562           -6.75496711141        2.39595243522         -3.80732080228        
0.502901842402        8.01120033266         -6.55448251982        2.29597705748         -3.69819095174        
0.512560540193        7.69902316827         -6.36086025576        2.20151586245         -3.59257530576        
0.522219237984        7.40274981314         -6.17209165061        2.11273958496         -3.48923361794        
0.531877935775        7.12213481311         -5.99105248949        2.02924877211         -3.38997651704        
0.541536633566        6.85479117951         -5.81598680676        1.95024354685         -3.29381594601        
0.551195331357        6.60062451302         -5.64725040868        1.87567172701         -3.20098794947        
0.560854029148        6.35859310512         -5.48453399301        1.80510362151         -3.1113394523         
0.570512726939        6.12764497548         -5.32766735849        1.73815128633         -3.02481558826        
0.58017142473         5.90780161819         -5.17685283384        1.67478751428         -2.9415366113         
0.589830122521        5.69766639573         -5.03147226141        1.61445867298         -2.86118136311        
0.599488820312        5.49675607179         -4.89154633809        1.55697992215         -2.78377647695        
0.609147518103        5.30440556477         -4.75684519334        1.50210703075         -2.70921931212        
0.618806215893        5.12045550023         -4.62668550199        1.44973912168         -2.63708717292        
0.628464913684        4.94391132114         -4.50135285365        1.39951358694         -2.56759964741        
0.638123611475        4.77459044948         -4.38048441586        1.35140597594         -2.50052716841        
0.647782309266        4.61196614664         -4.2635209325         1.30521537895         -2.43557717686        
0.657441007057        4.45596272611         -4.15081145798        1.26095549372         -2.37293241013        
0.667099704848        4.3062298878          -4.04179518045        1.21853595437         -2.31227511113        
0.676758402639        4.16144724295         -3.9358850841         1.17732750769         -2.25336599886        
0.68641710043         4.02242735158         -3.83347241435        1.13775763592         -2.1963558193         
0.696075798221        3.88875070762         -3.73433944757        1.09970343961         -2.14111317747        
0.705734496012        3.76021325294         -3.63846043757        1.06307545516         -2.08763215129        
0.715393193803        3.63623141748         -3.54535117882        1.02767626552         -2.03564167692        
0.725051891594        3.51681982734         -3.45512234752        0.993563780657        -1.98521835124        
0.734710589385        3.40175513263         -3.36734193723        0.960647633054        -1.93610020053        
0.744369287176        3.29096741196         -3.28222675141        0.928933483124        -1.88842791092        
0.754027984967        3.18395853264         -3.19938565273        0.898243819016        -1.84197980738        
0.763686682758        3.0807804721          -3.11878351272        0.868639320391        -1.79673229009        
0.773345380549        2.98136248549         -3.04038730287        0.840111187793        -1.75267295845        
0.78300407834         2.88549165621         -2.9641067155         0.812597543877        -1.70975387329        
0.792662776131        2.79338074774         -2.88997427626        0.786266587434        -1.66798996026        
0.802321473922        2.70381977447         -2.81739426097        0.760468815933        -1.62705810374        
0.811980171713        2.61781242796         -2.74691956954        0.735816516564        -1.58726566716        
0.821638869504        2.53487984081         -2.67825076042        0.712082119121        -1.54844763295        
0.831297567294        2.45486730662         -2.61130943153        0.689211004996        -1.51056334587        
0.840956265085        2.3777415271          -2.54615550844        0.667208138528        -1.47365158961        
0.850614962876        2.30318516811         -2.48252242129        0.645972248307        -1.43756188982        
0.860273660667        2.23134202784         -2.42059998419        0.625557365284        -1.40240558233        
0.869932358458        2.1619575092          -2.36021666736        0.605893524076        -1.36809073743        
0.879591056249        2.09505269546         -2.30139909794        0.58698227881         -1.33462657536        
0.88924975404         2.03036815312         -2.24397238887        0.56873804173         -1.30192306003        
0.898908451831        1.96797917062         -2.18815714054        0.551210542058        -1.27011847212        
0.908567149622        1.90780587427         -2.13341357376        0.534432064245        -1.23886923541        
0.918225847413        1.84962431424         -2.08038144152        0.51823014601         -1.20859303243        
0.927884545204        1.79323991563         -2.02863106983        0.502562908051        -1.17902866478        
0.937543242995        1.7382756187          -1.977967116          0.487246816918        -1.1500727936         
0.947201940786        1.68570776745         -1.92887826146        0.472789972821        -1.12199019146        
0.956860638577        1.63422677481         -1.88063749182        0.458573240645        -1.09438310375        
0.966519336368        1.58409351925         -1.83331321544        0.444751257188        -1.0672828074         
0.976178034159        1.53485588924         -1.786516988          0.431192977344        -1.04046923399        
0.98583673195         1.48379580345         -1.7370016702         0.417116699921        -1.01204789013        
0.995495429741        1.43267910803         -1.68682225691        0.403020826322        -0.983215711824       
1.00515412753         1.38364815395         -1.63863018919        0.389484664389        -0.955521718987       
1.01481282532         1.3367587132          -1.59238507769        0.376557050404        -0.928937500397       
1.02447152311         1.2914855527          -1.54765698497        0.364019853858        -0.903230694861       
1.0341302209          1.24796312544         -1.50444413651        0.351962353935        -0.878395782133       
1.0437889187          1.20623967877         -1.46285592161        0.340413147184        -0.854483837658       
1.05344761649         1.16596393381         -1.42260296371        0.329246448325        -0.831330386656       
1.06310631428         1.12717633224         -1.38373227247        0.318474075977        -0.808964028363       
1.07276501207         1.08979389153         -1.34612459167        0.308081439047        -0.787316987901       
1.08242370986         1.05379786048         -1.30977127184        0.298052715326        -0.766382964678       
1.09208240765         1.01890794739         -1.27454943058        0.288292756432        -0.746097038291       
1.10174110544         0.985267130213        -1.24035228789        0.278875833887        -0.726392135982       
1.11139980323         0.952863085806        -1.20732372717        0.26979953945         -0.707348469219       
1.12105850102         0.921576557359        -1.17533171426        0.261017693982        -0.688898457964       
1.13071719881         0.891301560611        -1.14431518143        0.252489022537        -0.671006041964       
1.14037589661         0.862094770668        -1.11424833274        0.244252703726        -0.653654256065       
1.1500345944          0.833779767125        -1.08502896779        0.236222144988        -0.636786632296       
1.15969329219         0.806455079124        -1.0566916192         0.228462196173        -0.620420142106       
1.16935198998         0.780025457764        -1.0291775849         0.220935544072        -0.604522682809       
1.17901068777         0.754491609089        -1.00245739142        0.213647973547        -0.589076035732       
1.18866938556         0.729732347877        -0.976414931629       0.206564661917        -0.574013467523       
1.19832808335         0.705931405091        -0.951272560368       0.199740147097        -0.559465252202       
1.20798678114         0.682833902393        -0.926700892154       0.193108997257        -0.545239396004       
1.21764547893         0.660540399575        -0.902853511099       0.186695963047        -0.531425433798       
1.22730417672         0.638975228425        -0.879633485231       0.180486641795        -0.517967497428       
1.23696287451         0.61810443467         -0.85705637707        0.174446001547        -0.504875796672       
1.24662157231         0.598048199438        -0.835101289564       0.168691417849        -0.492134852876       
1.2562802701          0.578608311726        -0.813733294239       0.163082287576        -0.479728319128       
1.26593896789         0.559826188504        -0.792922977779       0.157662995159        -0.46763721027        
1.27559766568         0.541654794357        -0.772642818387       0.152417205854        -0.455848519519       
1.28525636347         0.524281411391        -0.753030149172       0.147441705545        -0.444437451733       
1.29491506126         0.507408438694        -0.733902022266       0.142597992625        -0.433305400521       
1.30457375905         0.491096580701        -0.715277809677       0.137920900118        -0.422460840638       
1.31423245684         0.475367486992        -0.697212177699       0.13341574181         -0.411937339958       
1.32389115463         0.460162800359        -0.679652666611       0.129061226142        -0.401704375518       
1.33354985242         0.445412449825        -0.662406884038       0.12483429336         -0.391655118109       
1.34320855022         0.43122225955         -0.645804295264       0.120775936072        -0.381979343605       
1.35286724801         0.417485746899        -0.629568156106       0.116853911708        -0.372509096882       
1.3625259458          0.404297572446        -0.61389828945        0.113108032545        -0.363366590944       
1.37218464359         0.391501546341        -0.598568132296       0.109466432592        -0.354416205532       
1.38184334138         0.379140831189        -0.583693954297       0.105955933204        -0.345730106          
1.39150203917         0.367211943879        -0.569258661833       0.102575052521        -0.337298023333       
1.40116073696         0.35566860854         -0.555225653307       0.0993019120502       -0.329097701263       
1.41081943475         0.344556857294        -0.541619309174       0.0961667047315       -0.321142478711       
1.42047813254         0.333686769488        -0.528309216159       0.0930749358112       -0.313360577413       
1.43013683033         0.323234889601        -0.515429964903       0.0901190901848       -0.305827674856       
1.43979552812         0.313128068635        -0.5029344202         0.0872604544683       -0.29851741994        
1.44945422592         0.303308795684        -0.490772496925       0.0844767370321       -0.291401763475       
1.45911292371         0.293812751076        -0.478958207792       0.0817837130376       -0.284487393154       
1.4687716215          0.284598191743        -0.467471318384       0.0791624467313       -0.277763679054       
1.47843031929         0.275640266335        -0.456295358701       0.0766084781125       -0.271221512214       
1.48808901708         0.26694656669         -0.445408749561       0.0741230705001       -0.26484695416        
1.49774771487         0.25851888613         -0.434826148592       0.071706507971        -0.25864912553        
1.50740641266         0.250333941495        -0.424519351954       0.0693529727675       -0.252611628082       
1.51706511045         0.242387633992        -0.414469242991       0.0670625581386       -0.246722489696       
1.52672380824         0.234671483178        -0.404697694177       0.0648291921424       -0.240995525008       
1.53638250603         0.227181574236        -0.395146585028       0.0626573514871       -0.235395487763       
1.54604120383         0.219919364931        -0.38585418482        0.0605469305862       -0.229944882063       
1.55569990162         0.212872472396        -0.376805797021       0.058494936509        -0.224636152973       
1.56535859941         0.20601728298         -0.367970756105       0.0564909187489       -0.219451081271       
1.5750172972          0.199352290707        -0.359333743256       0.0545372033046       -0.214380795182       
1.58467599499         0.192866157087        -0.35088179167        0.0526270097065       -0.20942111567        
1.59433469278         0.186595931048        -0.342639998319       0.0507819853161       -0.20458120877        
1.60399339057         0.180543681653        -0.334636235146       0.0489997784822       -0.199878342771       
1.61365208836         0.174666225148        -0.326799298755       0.0472690448516       -0.195271175298       
1.62331078615         0.168980640328        -0.319168503589       0.0455939058972       -0.190783164942       
1.63296948394         0.163469825669        -0.311712751699       0.0439703565156       -0.186395707746       
1.64262818173         0.158145846964        -0.304447895738       0.042405038877        -0.182118390617       
1.65228687953         0.153002959031        -0.297388892482       0.0408940646167       -0.177960618518       
1.66194557732         0.148030468375        -0.290519252877       0.0394336938626       -0.173912630282       
1.67160427511         0.143225963938        -0.283847836002       0.0380231636435       -0.169980488049       
1.6812629729          0.138601786151        -0.277388020726       0.0366676470332       -0.166171797095       
1.69092167069         0.134294246928        -0.271445074799       0.0354006515902       -0.162670171743       
1.70058036848         0.131111745861        -0.267665023563       0.0344345155353       -0.160462119784       
1.71023906627         0.127886553851        -0.263722511182       0.0334600183925       -0.15815500134        
1.71989776406         0.124660370624        -0.259693884848       0.0324894491083       -0.155794609638       
1.72955646185         0.121448396925        -0.255616561588       0.0315264822347       -0.153402900086       
1.73921515964         0.118258465176        -0.251508369312       0.0305719691203       -0.150991222903       
1.74887385744         0.115091918259        -0.247379447537       0.029625524996        -0.148565775228       
1.75853255523         0.111956364467        -0.243238703808       0.0286897139669       -0.146131771269       
1.76819125302         0.108848572521        -0.239093491367       0.0277618335397       -0.143693609139       
1.77784995081         0.10576715966         -0.234944135106       0.0268402914084       -0.141251776314       
1.7875086486          0.102707090364        -0.230773195125       0.0259223976461       -0.138798139451       
1.79716734639         0.0997038299126       -0.226619208345       0.0250253088864       -0.136351818216       
1.80682604418         0.0967392405013       -0.222480244838       0.0241394338084       -0.133912583059       
1.81648474197         0.093817028402        -0.21835636217        0.0232660696945       -0.131480598681       
1.82614343976         0.0909323411164       -0.214246355238       0.0224028534791       -0.129055518535       
1.83580213755         0.088091065297        -0.210158344193       0.0215521669232       -0.126642073248       
1.84546083534         0.0852905482405       -0.206082892475       0.0207125440026       -0.124234390763       
1.85511953314         0.0825335742597       -0.202033328091       0.0198855255927       -0.121840595058       
1.86477823093         0.0798309884869       -0.198008080295       0.0190764025523       -0.119459334878       
1.87443692872         0.0771522883535       -0.19400031647        0.0182696451179       -0.117087684648       
1.88409562651         0.0745313111789       -0.190021459059       0.017482126472        -0.114731360023       
1.8937543243          0.0719575927128       -0.186068477044       0.0167088553882       -0.112388861005       
1.90341302209         0.0694317155864       -0.182145409453       0.0159502088596       -0.110062587071       
1.91307171988         0.0669583990894       -0.178254136755       0.0152087426683       -0.107753676282       
1.92273041767         0.0645303191063       -0.174392064492       0.0144801454108       -0.105460665336       
1.93238911546         0.0621588504787       -0.170564772582       0.013770875413        -0.103186828451       
1.94204781325         0.0598333625976       -0.166773661792       0.0130756047498       -0.100933207899       
1.95170651105         0.0575492477664       -0.163002807966       0.0123920677292       -0.0986920894488      
1.96136520884         0.0553285620201       -0.159274409646       0.0117309589116       -0.0964742050242      
1.97102390663         0.0531699108393       -0.155589301759       0.0110921410308       -0.0942802005197      
1.98068260442         0.0510645884686       -0.151946801328       0.0104715007995       -0.0921102279315      
1.99034130221         0.0490125271742       -0.148352318712       0.00986835636421      -0.0899676755261      
2                     0.0470125751179       -0.144803168509       0.00928311409195      -0.0878509883953      
2.01                  0.0449955817765       -0.141178272896       0.00869463760395      -0.0856879097906      
2.24078619698         0.0119141705739       -0.0720580974379      -0.000596733461865    -0.0442038309175      
2.47157239396         -0.000974291546274    -0.0299519658888      -0.00331734423949     -0.0186135234661      
2.70235859094         -0.00300857295143     -0.00890976197507     -0.00258377051472     -0.0056351680361      
2.93314478792         -0.0012248387149      -0.00107495209311     -0.000889408725537    -0.000703331866728    
3.1639309849          -1.6435591512e-06     1.54127212082e-06     -1.24352080734e-06    1.17149490813e-06     
3.1739309849          -3.5474876317e-08     3.17733338779e-06     -1.33356726836e-08    2.39817837744e-06     
3.17415320712         -3.48090715072e-08    3.25805878569e-06     -1.28908189095e-08    2.45985497326e-06     
3.17437542934         -3.41425209131e-08    3.34019565292e-06     -1.24463777389e-08    2.52263710628e-06     
3.17459765157         -3.34754606257e-08    3.4236905469e-06      -1.20024759039e-08    2.58648395702e-06     
3.17481987379         -3.28081069244e-08    3.50849358091e-06     -1.15592288662e-08    2.65135742551e-06     
3.17504209601         -3.21406606918e-08    3.5945579628e-06      -1.11167435455e-08    2.71722178275e-06     
3.17526431823         -3.14733060793e-08    3.68183995137e-06     -1.06751173192e-08    2.78404362284e-06     
3.17548654046         -3.0806204891e-08     3.77029975128e-06     -1.02344346597e-08    2.85179249865e-06     
3.17570876268         -3.01395015422e-08    3.85990071867e-06     -9.7947700601e-09     2.92044034432e-06     
3.1759309849          -2.94733301139e-08    3.95060831013e-06     -9.35619226308e-09    2.9899607042e-06      
3.1859309849          -1.23408418275e-09    8.82451137128e-06     8.68084075327e-09     6.75081059037e-06     
3.36672742592         2.19672042822e-08     7.29688940038e-05     9.50143027278e-09     6.04064768303e-05     
3.54752386695         -8.20550222151e-09    5.35071023751e-05     -6.16908877546e-09    4.70079117072e-05     
3.72832030797         -1.43083454985e-09    2.3825003579e-05      -4.26345424774e-10    2.21129187755e-05     
3.90911674899         4.62163163617e-10     7.12482842519e-06     4.22256529932e-10     6.97136037803e-06     
4.08991319001         1.30948227982e-11     1.09837645908e-06     -2.63542017324e-11    1.13188549786e-06     
4.27070963104         4.07465359666e-08     1.33472481494e-11     4.42154348658e-08     1.38114639152e-11     
4.45150607206         3.24164180009e-07     3.31087576472e-10     3.70727294475e-07     2.1512943457e-10      
4.63230251308         3.07066974945e-07     6.50767572824e-10     3.70298631542e-07     -2.53975187761e-10    
4.8130989541          1.86633650854e-07     6.83838652859e-10     2.37222482468e-07     -6.30206563796e-10    
4.99389539513         8.95398224978e-08     5.10105081333e-10     1.19952092622e-07     -5.71872087121e-10    
5.17469183615         3.64207113364e-08     3.00893874866e-10     5.14382200534e-08     -3.51207625027e-10    
5.35548827717         1.298900632e-08       1.48162479556e-10     1.93519805144e-08     -1.68896998349e-10    
5.53628471819         4.13787273544e-09     6.28489681012e-11     6.50922064431e-09     -6.83214894398e-11    
5.71708115922         1.19098038236e-09     2.34312352088e-11     1.98054714989e-09     -2.38743378361e-11    
5.89787760024         3.12039497904e-10     7.78281372072e-12     5.493211468e-10       -7.38243263423e-12    
6.07867404126         7.48049022871e-11     2.32555046719e-12     1.39651478119e-10     -2.04374151407e-12    
6.25947048228         1.646863967e-11       6.29598773789e-13     3.26682499588e-11     -5.12582507486e-13    
6.44026692331         3.3384759309e-12      1.55276922901e-13     7.05297397336e-12     -1.1680988734e-13     
6.62106336433         6.2440704658e-13      3.50354669514e-14     1.40869817206e-12     -2.43571681967e-14    
6.80185980535         1.07929367434e-13     7.2582151646e-15      2.60814683981e-13     -4.66915749062e-15    
6.98265624637         1.7240774653e-14      1.38295137675e-15     4.47832917207e-14     -8.22734864639e-16    
7.1634526874          2.58432383548e-15     2.46460734615e-16     7.24500501401e-15     -1.35551610865e-16    
7.34424912842         3.46467517805e-16     3.92155451322e-17     1.05328025161e-15     -1.99437746726e-17    
7.52504556944         8.47381924625e-17     1.13807744612e-17     2.80892459861e-16     -5.3594144298e-18     
7.70584201046         8.46704208087e-17     1.35119894251e-17     3.0803211538e-16      -5.89008786517e-18    
7.88663845149         1.80541233353e-17     3.43426031075e-18     7.26478106382e-17     -1.38522377728e-18    
8.06743489251         1.75618949509e-17     4.00298858e-18        7.89038471298e-17     -1.49324943302e-18    
8.24823133353         1.68154528133e-17     4.62910461517e-18     8.53454769951e-17     -1.59594933624e-18    
8.42902777455         1.5805639721e-17      5.31471322938e-18     9.19674377005e-17     -1.69204618299e-18    
8.60982421558         1.45240432662e-17     6.06182111521e-18     9.87642726572e-17     -1.78219347292e-18    
8.7906206566          1.29629260789e-17     6.87234066893e-18     1.05729414725e-16     -1.86377503843e-18    
8.97141709762         1.11151632318e-17     7.74809393076e-18     1.128588659e-16       -1.93541306117e-18    
9.15221353865         8.97418604993e-18     8.69081656606e-18     1.20148405581e-16     -1.99598904532e-18    
9.33300997967         6.53393163778e-18     9.70216183036e-18     1.27594044227e-16     -2.04442445789e-18    
9.51380642069         3.7887975089e-18      1.07837044756e-17     1.35192044636e-16     -2.07968042158e-18    
9.69460286171         7.3360076834e-19      1.19369445654e-17     1.42938917597e-16     -2.10075714019e-18    
9.87539930274         -2.63645864351e-18    1.31633111779e-17     1.50831417718e-16     -2.10669311968e-18    
10.0561957438         -6.32583108246e-18    1.44641659781e-17     1.58866558029e-16     -2.09656423595e-18    
10.2369921848         -1.03386470959e-17    1.58408066518e-17     1.67041776732e-16     -2.06948269074e-18    
10.4177886258         -1.46787444269e-17    1.72944701935e-17     1.75354335754e-16     -2.02612410792e-18    
10.5985850668         -1.93496924336e-17    1.88263360457e-17     1.83800201941e-16     -1.96454947619e-18    
10.7793815078         -2.43548141955e-17    2.04375290898e-17     1.9237756432e-16      -1.88370747316e-18    
10.9601779489         -2.96972065485e-17    2.21291224893e-17     2.01084269785e-16     -1.78284371018e-18    
11.1409743899         -3.53797582634e-17    2.39021403888e-17     2.09918241577e-16     -1.66123407591e-18    
11.3217708309         -4.14051665571e-17    2.57575604731e-17     2.18877509088e-16     -1.51818354318e-18    
11.5025672719         -4.77759521083e-17    2.76963163905e-17     2.27960209999e-16     -1.3530249938e-18     
11.683363713          -5.44944727265e-17    2.97193000456e-17     2.37164586556e-16     -1.16511806739e-18    
11.864160154          -6.15629358096e-17    3.18273637673e-17     2.46488980313e-16     -9.53848039278e-19    
12.044956595          -6.89834097097e-17    3.40213223583e-17     2.55931826623e-16     -7.18624730974e-19    
12.225753036          -7.67578341142e-17    3.63019550307e-17     2.65491649372e-16     -4.58881455583e-19    
12.4065494771         -8.48880295372e-17    3.86700072336e-17     2.75167056241e-16     -1.74073999927e-19    
12.5873459181         -9.33757060063e-17    4.11261923798e-17     2.84956734805e-16     1.36320355733e-19     
12.7681423591         -1.02222471023e-16    4.36711934746e-17     2.94859450065e-16     4.7280377993e-19      
12.9489388001         -1.1142983686e-16     4.63056646546e-17     3.04874045049e-16     8.35858794203e-19     
13.1297352411         -1.20999227268e-16    4.90302326393e-17     3.14999450274e-16     1.22594913963e-18     
13.3105316822         -1.30931983627e-16    5.18454981018e-17     3.25234737076e-16     1.64352060628e-18     
13.4913281232         -1.4122937062e-16     5.47520369635e-17     3.35579334606e-16     2.0883729115e-18      
13.6721245642         -1.51892581442e-16    5.77504016152e-17     3.46030881525e-16     2.56077529759e-18     
13.8529210052         -1.62922742608e-16    6.08411220718e-17     3.56588802291e-16     3.06183270794e-18     
14.0337174463         -1.74320918392e-16    6.40247070618e-17     3.67252359914e-16     3.59192707755e-18     
14.2145138873         -1.86088114914e-16    6.73016450572e-17     3.7802077637e-16      4.15142602656e-18     
14.3953103283         -1.98225283928e-16    7.06724052469e-17     3.88893291185e-16     4.74068348674e-18     
14.5761067693         -2.10733326319e-16    7.41374384558e-17     3.99869172351e-16     5.36004029864e-18     
14.7569032103         -2.23613095339e-16    7.7697178015e-17      4.10947718806e-16     6.00982478083e-18     
14.9376996514         -2.36865399612e-16    8.13520405839e-17     4.22128260455e-16     6.69035327231e-18     
15.1184960924         -2.50491005912e-16    8.51024269287e-17     4.33410157312e-16     7.40193064922e-18     
15.2992925334         -2.64490641744e-16    8.89487226577e-17     4.447927983e-16       8.14485081731e-18     
15.4800889744         -2.78864997746e-16    9.28912989194e-17     4.56275599934e-16     8.91939718086e-18     
15.6608854155         -2.93614729911e-16    9.69305130616e-17     4.67858004983e-16     9.72584308959e-18     
15.8416818565         -3.08740461661e-16    1.01066709257e-16     4.79539481158e-16     1.05644522643e-17     
16.0224782975         -3.24242785777e-16    1.05300219095e-16     4.9131951985e-16      1.14354792025e-17     
16.2032747385         -3.40122266193e-16    1.09631362144e-16     5.03197634917e-16     1.23391695647e-17     
16.3840711795         -3.56379439674e-16    1.14060446482e-16     5.15173361544e-16     1.32757605426e-17     
16.5648676206         -3.73014817373e-16    1.18587769205e-16     5.27246255162e-16     1.42454812102e-17     
16.7456640616         -3.9002888629e-16     1.23213616901e-16     5.39415890429e-16     1.5248552858e-17      
16.9264605026         -4.07422110639e-16    1.2793826611e-16      5.51681860275e-16     1.62851893116e-17     
17.1072569436         -4.25194933112e-16    1.32761983752e-16     5.64043775005e-16     1.73555972364e-17     
17.2880533847         -4.43347776076e-16    1.3768502754e-16      5.7650126147e-16      1.84599764266e-17     
17.4688498257         -4.61881042684e-16    1.42707646366e-16     5.89053962285e-16     1.95985200821e-17     
17.6496462667         -4.80795117919e-16    1.47830080676e-16     6.01701535122e-16     2.07714150719e-17     
17.8304427077         -5.00090369572e-16    1.53052562818e-16     6.14443652058e-16     2.1978842186e-17      
18.0112391488         -5.19767149155e-16    1.58375317381e-16     6.27279999002e-16     2.32209763754e-17     
18.1920355898         -5.39825792768e-16    1.63798561508e-16     6.4021027521e-16      2.44979869811e-17     
18.3728320308         -5.60266621897e-16    1.69322505206e-16     6.53234192916e-16     2.58100379532e-17     
18.5536284718         -5.8108994418e-16     1.74947351632e-16     6.66351477149e-16     2.71572880596e-17     
18.7344249128         -6.02296054117e-16    1.80673297365e-16     6.79561865841e-16     2.85398910857e-17     
18.9152213539         -6.23885233735e-16    1.86500532675e-16     6.92865110521e-16     2.99579960253e-17     
19.0960177949         -6.45857753228e-16    1.92429241764e-16     7.06260978351e-16     3.14117472625e-17     
19.2768142359         -6.6821387154e-16     1.98459603015e-16     7.19749257984e-16     3.29012847459e-17     
19.4576106769         -6.90953836931e-16    2.04591789208e-16     7.33329781759e-16     3.44267441554e-17     
19.638407118          -7.14077887503e-16    2.10825967745e-16     7.4700264618e-16      3.59880894488e-17     
19.819203559          -7.37586251689e-16    2.17162300853e-16     7.60766891478e-16     3.75849134274e-17     
20                    0                     0                     0                     0                     
