0.0779191396          0                     0                     0                     0                     
0.087577837391        1.36447201567         0.443205885761        0.227516425668        0.199346285196        
0.0972365351819       6.6691690208          1.92852931752         1.21644927881         0.871584070656        
0.106895232973        14.4638011232         3.6450516786          2.85932622565         1.65355392726         
0.116553930764        22.9114525096         4.93475344961         4.85309141088         2.24096596301         
0.126212628555        30.8682247561         5.53872061541         6.93573783559         2.50591690826         
0.135871326346        37.7973254479         5.4436639012          8.93555042209         2.43344299134         
0.145530024137        43.5169404473         4.71058463809         10.7509791941         2.04457154561         
0.155188721928        47.9899812822         3.42366509668         12.3086685088         1.37275482053         
0.164847419719        51.2306829466         1.67399606242         13.5443174342         0.456247613358        
0.17450611751         53.2500707128         -0.360811323437       14.3921515484         -0.617943923164       
0.184164815301        54.1506481735         -2.42961841474        14.8417714502         -1.7191758657         
0.193823513091        54.1580635452         -4.35314963219        14.9590191864         -2.74770635634        
0.203482210882        53.4961123006         -6.03236466862        14.82410001           -3.64722721481        
0.213140908673        52.363414699          -7.4400976466         14.5138201356         -4.40112264437        
0.222799606464        50.9134709812         -8.58643848915        14.086888543          -5.01382635765        
0.232458304255        49.2582876941         -9.49170232953        13.5862924335         -5.49568361263        
0.242117002046        47.4859351085         -10.1837206098        13.0461834068         -5.8615524764         
0.251775699837        45.6668401749         -10.6937745718        12.4934192246         -6.1291007055         
0.261434397628        43.8407687688         -11.0689176841        11.9415827158         -6.3226747793         
0.271093095419        42.0248633743         -11.3303257553        11.3944320197         -6.4542937484         
0.28075179321         40.2384395898         -11.4914496913        10.8573347012         -6.53141686964        
0.290410491001        38.4950067728         -11.5636007117        10.3349630277         -6.56016188494        
0.300069188792        36.8119330653         -11.560117349         9.83410314685         -6.54757957377        
0.309727886583        35.2000510602         -11.4950051381        9.35921255771         -6.50141801506        
0.319386584374        33.6648452067         -11.3870398758        8.91263921627         -6.43120429114        
0.329045282165        32.2057825687         -11.2479795445        8.49349923789         -6.34413961994        
0.338703979956        30.8179858379         -11.0882594242        8.09939179418         -6.24599516757        
0.348362677747        29.5002996273         -10.9139906893        7.72852899326         -6.14026280472        
0.358021375538        28.2439148183         -10.7297591838        7.3773224612          -6.02957089327        
0.367680073329        27.046817379          -10.53842228          7.04422478055         -5.91553238399        
0.37733877112         25.9038433897         -10.3408121693        6.72695129359         -5.79862364044        
0.386997468911        24.8131012164         -10.1375022356        6.42464827634         -5.67916016517        
0.396656166702        23.7718921431         -9.92920350779        6.13636256742         -5.55748407557        
0.406314864492        22.7779023578         -9.71541105505        5.86134750073         -5.43329961924        
0.415973562283        21.8319776377         -9.49859853337        5.60016879837         -5.3078291789         
0.425632260074        20.9274283076         -9.27391900904        5.35053361574         -5.17889764141        
0.435290957865        20.0698245062         -9.04862011016        5.11504236433         -5.04979651495        
0.444949655656        19.2561948946         -8.82303838409        4.89282327783         -4.92071902918        
0.454608353447        18.4836983743         -8.59796372067        4.68296273195         -4.79214285583        
0.464267051238        17.7506938021         -8.37440161574        4.48512154909         -4.66459627002        
0.473925749029        17.0555250359         -8.15392350303        4.29880819719         -4.53891109988        
0.48358444682         16.3961974788         -7.93732439395        4.12340733182         -4.41553093401        
0.493243144611        15.7705178996         -7.72429996084        3.95831229993         -4.29425202058        
0.502901842402        15.176200123          -7.51765581441        3.80257492017         -4.17665731148        
0.512560540193        14.6129497697         -7.31680428567        3.65629097061         -4.06236873844        
0.522219237984        14.075082653          -7.12078701489        3.51731335584         -3.95095753568        
0.531877935775        13.5654801479         -6.93210103126        3.38666939666         -3.84371182822        
0.541536633566        13.0793698849         -6.74921233116        3.26276911373         -3.73982564304        
0.551195331357        12.6162722921         -6.57293593753        3.14540025821         -3.63972031213        
0.560854029148        12.1742515197         -6.40271216563        3.03389803411         -3.54311412677        
0.570512726939        11.7517123601         -6.23857183015        2.92774707726         -3.45001363891        
0.58017142473         11.3480360389         -6.08040159792        2.82662735131         -3.3603633763         
0.589830122521        10.9615687553         -5.92778619455        2.73004462892         -3.27392410826        
0.599488820312        10.5912210189         -5.78046711908        2.63763579635         -3.19055576667        
0.609147518103        10.2365240842         -5.63845184766        2.54922118455         -3.11025702065        
0.618806215893        9.89549494921         -5.50069353303        2.464282326           -3.03244544474        
0.628464913684        9.56831890682         -5.36792840978        2.3827185771          -2.95752371911        
0.638123611475        9.25382244306         -5.23927533548        2.30428307467         -2.88498411525        
0.647782309266        8.95159504117         -5.11455689352        2.22886331634         -2.81473213594        
0.657441007057        8.66070779616         -4.9932665872         2.15616361766         -2.74652596443        
0.667099704848        8.38089481966         -4.87581120832        2.08618937043         -2.6804455983         
0.676758402639        8.1118597992          -4.76199519911        2.01891409552         -2.61645027226        
0.68641710043         7.85246977842         -4.65131499031        1.95390370393         -2.55428507427        
0.696075798221        7.60235337324         -4.5435302145         1.89111509934         -2.49380380563        
0.705734496012        7.361465797           -4.43871408626        1.83055357475         -2.43505147621        
0.715393193803        7.12913557885         -4.33793157003        1.77205728246         -2.37858988089        
0.725051891594        6.9050005864          -4.23659843254        1.71556614899         -2.32191474571        
0.734710589385        6.6888729281          -4.13919335818        1.66102916748         -2.26746799152        
0.744369287176        6.48054068573         -4.04411623989        1.60842330535         -2.21436707843        
0.754027984967        6.27948862583         -3.95119256442        1.55762709613         -2.16250993724        
0.763686682758        6.08542176893         -3.8603542215         1.50857489377         -2.11185429332        
0.773345380549        5.89829824956         -3.77158765814        1.46127875329         -2.06239162783        
0.78300407834         5.71768327371         -3.68480897454        1.41563416035         -2.01407002429        
0.792662776131        5.54321333335         -3.59982085118        1.37156590833         -1.96677409567        
0.802321473922        5.3752065545          -3.51697537722        1.32916758928         -1.9206946468         
0.811980171713        5.21249869108         -3.4354390251         1.28807968573         -1.87541597711        
0.821638869504        5.05552391461         -3.35546418468        1.24851693565         -1.83106141924        
0.831297567294        4.90441129587         -3.27743600157        1.2105597693          -1.78778783167        
0.840956265085        4.75857747687         -3.20133281192        1.17400894225         -1.74559202976        
0.850614962876        4.61757799975         -3.12669275102        1.138744564           -1.7042238634         
0.860273660667        4.48165357955         -3.0539892679         1.10485395214         -1.66393967289        
0.869932358458        4.35037396652         -2.98288295897        1.07221039517         -1.62455509575        
0.879591056249        4.22348500911         -2.91341603541        1.04074407331         -1.58609419755        
0.88924975404         4.10093372001         -2.84561127204        1.01044423138         -1.54856327358        
0.898908451831        3.98243854729         -2.77941533           0.981232140467        -1.51193694124        
0.908567149622        3.867734871           -2.71459796592        0.953048097448        -1.47608470862        
0.918225847413        3.75678326024         -2.65140009388        0.925860898897        -1.44114171471        
0.927884545204        3.64922479583         -2.58958701434        0.899578831066        -1.40697833607        
0.937543242995        3.5448874361          -2.52913422493        0.874146910039        -1.37358083075        
0.947201940786        3.44384465321         -2.47008870941        0.849600765624        -1.34097063743        
0.956860638577        3.34544170932         -2.41211662974        0.825740044274        -1.30897111756        
0.966519336368        3.24944514104         -2.35512078159        0.802514911058        -1.27753016809        
0.976178034159        3.15497513678         -2.29848242243        0.779687497709        -1.2463092092         
0.98583673195         3.05665852881         -2.2383041612         0.755950406482        -1.21319294989        
0.995495429741        2.95777478202         -2.17697191343        0.732055242048        -1.17948487342        
1.00515412753         2.86324049762         -2.11798797996        0.709279268361        -1.14708596805        
1.01481282532         2.772714121           -2.06149163865        0.687510612707        -1.11601915341        
1.02447152311         2.68569197313         -2.00703259923        0.66660174955         -1.08608961625        
1.0341302209          2.60194808752         -1.95450052167        0.646485072812        -1.05723014478        
1.0437889187          2.52157177503         -1.90403758871        0.627198510636        -1.02951535357        
1.05344761649         2.44374035164         -1.85505679235        0.608502587508        -1.00263307196        
1.06310631428         2.36884072015         -1.80779477692        0.590509508977        -0.976705532679       
1.07276501207         2.29651496787         -1.76206533541        0.573120723885        -0.951631411675       
1.08242370986         2.22674475638         -1.71787766153        0.55633076839         -0.92741535158        
1.09208240765         2.15949899375         -1.67518040368        0.540144409398        -0.904025229809       
1.10174110544         2.09420159779         -1.63368081575        0.524373491228        -0.881311591152       
1.11139980323         2.03128004795         -1.59357426149        0.509167517508        -0.85937019222        
1.12105850102         1.97043163561         -1.55481135293        0.494423284531        -0.838176451888       
1.13071719881         1.91160228679         -1.51709580792        0.480160693563        -0.817565143279       
1.14037589661         1.85463021836         -1.48055647978        0.466308100758        -0.79761002337        
1.1500345944          1.7995261799          -1.44512983016        0.452875098136        -0.77827488928        
1.15969329219         1.74619569402         -1.41076341752        0.439844327642        -0.759528181719       
1.16935198998         1.69454090844         -1.37737286851        0.42718902558         -0.741326603385       
1.17901068777         1.64450469836         -1.34494165601        0.414893115956        -0.723657607065       
1.18866938556         1.59591168449         -1.31332329841        0.402921423866        -0.706441567709       
1.19832808335         1.54914817195         -1.2828165589         0.391371007911        -0.689840055907       
1.20798678114         1.50360552859         -1.25296695091        0.380089026105        -0.67360593501        
1.21764547893         1.4595333167          -1.22398681843        0.369140308404        -0.657853739043       
1.22730417672         1.41682225989         -1.19574630375        0.358503379302        -0.642511007049       
1.23696287451         1.37554528321         -1.16836274826        0.34819820025         -0.627641896618       
1.24662157231         1.33530763731         -1.14148924464        0.338122435112        -0.613058008672       
1.2562802701          1.29641829795         -1.11534924814        0.328364221423        -0.598877686447       
1.26593896789         1.25857565233         -1.08976191442        0.318823062396        -0.585020177714       
1.27559766568         1.22204888955         -1.06481274087        0.309606995479        -0.57151484597        
1.28525636347         1.18664463003         -1.04054369433        0.300667810016        -0.558379636692       
1.29491506126         1.1523111498          -1.01677091575        0.291979767657        -0.545519679145       
1.30457375905         1.11910102126         -0.993590398783       0.283585777595        -0.532973926165       
1.31423245684         1.08698458539         -0.971053107365       0.275463951128        -0.520775232121       
1.32389115463         1.05587183603         -0.94908286855        0.267589327274        -0.508886485243       
1.33354985242         1.02570700969         -0.927643105958       0.259947740695        -0.497288120333       
1.34320855022         0.99649685074         -0.906727527845       0.252546575735        -0.485976124248       
1.35286724801         0.968142409127        -0.886266423724       0.24535919062         -0.4749127832         
1.3625259458          0.940792660216        -0.866457705761       0.238437016649        -0.464204743633       
1.37218464359         0.914155697302        -0.84691444522        0.231672362673        -0.453642635896       
1.38184334138         0.888397150528        -0.827916149133       0.225145124406        -0.443377789398       
1.39150203917         0.863447883857        -0.809386590704       0.218823024987        -0.433368046799       
1.40116073696         0.839308332221        -0.791312461061       0.21271500695         -0.423605892989       
1.41081943475         0.815893273358        -0.773664139518       0.206789800519        -0.414076340642       
1.42047813254         0.79321371889         -0.756437357467       0.201058437283        -0.40477583473        
1.43013683033         0.771257268011        -0.739648014765       0.19551635687         -0.39571361908        
1.43979552812         0.749990732613        -0.723277319466       0.19015279607         -0.386877929501       
1.44945422592         0.729369692153        -0.707292845252       0.184959663234        -0.378253565907       
1.45911292371         0.709395281797        -0.691706875098       0.179935295502        -0.369845673741       
1.4687716215          0.690105478683        -0.676455216403       0.175102911746        -0.361617728817       
1.47843031929         0.671334652161        -0.661695817627       0.170387269112        -0.353660224223       
1.48808901708         0.653143334639        -0.647237588874       0.165829806389        -0.345865646866       
1.49774771487         0.635551304958        -0.633170505495       0.161431619982        -0.338283139331       
1.50740641266         0.618476764119        -0.619450542209       0.157166208108        -0.330890044405       
1.51706511045         0.601918011084        -0.606072097618       0.153034697163        -0.323683017786       
1.52672380824         0.585875938842        -0.59305385415        0.149036473785        -0.316671094186       
1.53638250603         0.570296828456        -0.580351398511       0.14515626026         -0.309831590541       
1.54604120383         0.555217423849        -0.567994156141       0.141407332928        -0.303178573655       
1.55569990162         0.540619894059        -0.555979533128       0.137786195572        -0.296706565004       
1.56535859941         0.52641635617         -0.544282890878       0.134263001057        -0.290408579798       
1.5750172972          0.512593107319        -0.532871771681       0.130832291548        -0.284266122948       
1.58467599499         0.49918314307         -0.521778294452       0.127503841612        -0.278297044015       
1.59433469278         0.486153327221        -0.510966052488       0.124269477196        -0.272481154968       
1.60399339057         0.473529944176        -0.500491655529       0.12113246182         -0.266849423131       
1.61365208836         0.461228438997        -0.490250195156       0.118074598544        -0.261344816017       
1.62331078615         0.449290287285        -0.480304498449       0.115100073999        -0.256001501115       
1.63296948394         0.437658497764        -0.470610466843       0.112198493584        -0.250795758764       
1.64262818173         0.426343889367        -0.461170906142       0.109367273406        -0.245728903616       
1.65228687953         0.415335035194        -0.45197073858        0.106602568454        -0.24079687822        
1.66194557732         0.404653579202        -0.443007760727       0.103916633608        -0.235995833848       
1.67160427511         0.394320175761        -0.434322528494       0.101315756821        -0.23134440254        
1.6812629729          0.384328711991        -0.425925236741       0.0987963700411       -0.22684866761        
1.69092167069         0.375082910933        -0.418279577484       0.0964597326355       -0.222755427057       
1.70058036848         0.368864301139        -0.413942367624       0.0948962660578       -0.220426504142       
1.71023906627         0.3624836947          -0.409354337423       0.0932912875153       -0.217963979301       
1.71989776406         0.355948368505        -0.404575725595       0.091629574232        -0.215403615931       
1.72955646185         0.349371943227        -0.399693230249       0.089952688496        -0.212789114642       
1.73921515964         0.342765034836        -0.394718959159       0.0882607385854       -0.210127077333       
1.74887385744         0.336156156576        -0.389669018363       0.0865643361159       -0.207426155277       
1.75853255523         0.32955493202         -0.38462198108        0.0848658144712       -0.204725827357       
1.76819125302         0.322944985828        -0.379406697873       0.0831569431004       -0.201935865278       
1.77784995081         0.316365745083        -0.374218483877       0.0814534124921       -0.199162257952       
1.7875086486          0.309805405676        -0.368980507352       0.0797478784943       -0.196363482172       
1.79716734639         0.303273908975        -0.363706014741       0.078045116751        -0.19354643581        
1.80682604418         0.296787006322        -0.358404066231       0.0763511589123       -0.190715717542       
1.81648474197         0.290358137254        -0.353115169376       0.0746726242668       -0.187892527842       
1.82614343976         0.283942192987        -0.347724138972       0.0729839599635       -0.185016365951       
1.83580213755         0.277603734503        -0.342355710825       0.0713190011668       -0.182152535605       
1.84546083534         0.271325877812        -0.336975679918       0.0696681418265       -0.179283234752       
1.85511953314         0.265110390217        -0.331584262119       0.0680315748793       -0.17640870585        
1.86477823093         0.258962884775        -0.326186574746       0.0664116513486       -0.173531304299       
1.87443692872         0.252895531154        -0.320793854423       0.0648146349391       -0.170656836348       
1.88409562651         0.246904235603        -0.315401593098       0.0632368418715       -0.167783213119       
1.8937543243          0.240992814631        -0.310016616385       0.0616800865909       -0.164913921272       
1.90341302209         0.235161728455        -0.304644427162       0.0601452407905       -0.162051643346       
1.91307171988         0.229420079128        -0.299281563535       0.0586365351051       -0.159194764407       
1.92273041767         0.223771518511        -0.29394950305        0.0571540913569       -0.156353020868       
1.93238911546         0.218208283067        -0.288643819956       0.0556964118012       -0.153525106274       
1.94204781325         0.212736594783        -0.283374736365       0.0542650100628       -0.150717018186       
1.95170651105         0.207351488518        -0.278136615653       0.0528573468932       -0.147925829432       
1.96136520884         0.20204839706         -0.272922565248       0.0514733147125       -0.145147684852       
1.97102390663         0.196808336301        -0.267724876545       0.0501020313578       -0.142382966423       
1.98068260442         0.191670796123        -0.262572434323       0.0487618893472       -0.139641672873       
1.99034130221         0.186663824408        -0.257475033625       0.0474625798918       -0.136929116051       
2                     0.18173624345         -0.252433565311       0.0461845301875       -0.134246781498       
2.01                  0.176732766637        -0.247259690827       0.0448883015616       -0.131494383303       
2.22865857311         0.0889188180362       -0.149453171901       0.0219702620915       -0.0795511056874      
2.44731714623         0.0379736727965       -0.080593418536       0.00862514692876      -0.0430075420203      
2.66597571934         0.0129391386848       -0.0385139128305      0.00226062969635      -0.0206432233634      
2.88463429245         0.00286687183789      -0.0158668124548      -5.19042058183e-05    -0.0085624440348      
3.10329286556         -7.66757603428e-05    -0.0053519115673      -0.000486019972691    -0.00291770894376     
3.32195143868         -0.000397993869648    -0.00130529565453     -0.000310992663962    -0.000723029336491    
3.54061001179         -0.000140240347091    -0.000138820857639    -8.98300077604e-05    -7.94618543452e-05    
3.7592685849          -1.81107921259e-07    2.13190531794e-07     -1.23664481361e-07    1.5149719253e-07      
3.7692685849          1.72539134955e-09     4.05835693876e-07     4.74366335907e-07     -4.58196159802e-07    
3.76949080712         1.80340405763e-09     4.14941312383e-07     4.73355898195e-07     -4.51318503515e-07    
3.76971302934         1.88090952075e-09     4.24196947239e-07     4.72359352689e-07     -4.44334083803e-07    
3.76993525157         1.95790314875e-09     4.33596555537e-07     4.71375743261e-07     -4.37247286056e-07    
3.77015747379         2.03438095268e-09     4.43134515365e-07     4.70404224876e-07     -4.30062174302e-07    
3.77037969601         2.11033946661e-09     4.52805567606e-07     4.69444046184e-07     -4.22782536108e-07    
3.77060191823         2.18577541776e-09     4.62604757078e-07     4.68494535354e-07     -4.1541192621e-07     
3.77082414046         2.26068587675e-09     4.72527418786e-07     4.67555088741e-07     -4.07953680681e-07    
3.77104636268         2.33506851175e-09     4.82569203416e-07     4.66625161681e-07     -4.00410905218e-07    
3.7712685849          2.40892191533e-09     4.92726157804e-07     4.65704260976e-07     -3.92786427462e-07    
3.7812685849          5.19211888356e-09     1.02894455531e-06     4.29801393645e-07     6.6489434242e-09      
3.96147671173         3.71793615978e-10     6.53765217482e-06     1.2358651978e-07      4.5247317435e-06      
4.14168483857         -9.40820457397e-10    3.99441416062e-06     3.31280977456e-08     3.02874080544e-06     
4.3218929654          -2.75581834786e-11    1.52867143387e-06     7.95406568076e-09     1.24082204622e-06     
4.50210109224         5.65441926503e-11     4.18371002654e-07     1.59747393051e-09     3.61486818115e-07     
4.68230921907         2.05279708005e-12     7.42527712591e-08     2.23839998738e-10     6.82381177875e-08     
4.86251734591         -1.56976604016e-12    3.63494530328e-09     8.80348781397e-12     3.56980354762e-09     
5.04272547274         2.95889249898e-09     3.83067336445e-12     3.10756425601e-09     -1.18604489111e-10    
5.22293359958         3.67750633422e-09     9.5409070606e-12      4.04847709241e-09     -2.04127916746e-10    
5.40314172641         2.11167003632e-09     9.20012887804e-12     2.43307155297e-09     -1.50495486204e-10    
5.58334985324         8.9106418072e-10      5.88469259767e-12     1.07338187197e-09     -7.78879420939e-11    
5.76355798008         3.10435062804e-10     2.90498206266e-12     3.9065040163e-10      -3.22811592445e-11    
5.94376610691         9.36777602145e-11     1.18408130394e-12     1.23079346726e-10     -1.13406460831e-11    
6.12397423375         2.50965883769e-11     4.13454990945e-13     3.44141838885e-11     -3.48073609648e-12    
6.30418236058         6.0559129485e-12      1.26496720306e-13     8.66542880268e-12     -9.50501026147e-13    
6.48439048742         1.32842681951e-12     3.44202021963e-14     1.98340003597e-12     -2.33688623019e-13    
6.66459861425         2.66587666647e-13     8.41760774755e-15     4.15340007613e-13     -5.2157873711e-14     
6.84480674109         4.91359698633e-14     1.86329129696e-15     7.98973488417e-14     -1.06255209587e-14    
7.02501486792         8.34880758949e-15     3.75624549712e-16     1.41726309128e-14     -1.98533473526e-15    
7.20522299475         1.32120707199e-15     6.9807352206e-17      2.34238450754e-15     -3.44050890487e-16    
7.38543112159         2.45102153931e-16     1.5076723197e-17      4.54052585255e-16     -6.96558992145e-17    
7.56563924842         1.71540619147e-17     1.21938724961e-18     3.32237764631e-17     -5.30534458804e-18    
7.74584737526         1.84418676564e-17     1.50537664717e-18     3.73683783452e-17     -6.19285718253e-18    
7.92605550209         1.96609276538e-17     1.83297307098e-18     4.17117784441e-17     -7.15535032463e-18    
8.10626362893         2.08017976608e-17     2.20471299649e-18     4.62481497783e-17     -8.19301871984e-18    
8.28647175576         2.18558763959e-17     2.6230377236e-18      5.09720194734e-17     -9.30592893464e-18    
8.4666798826          2.28153242001e-17     3.09029315052e-18     5.58782531351e-17     -1.04940411583e-17    
8.64688800943         2.36729895671e-17     3.60873054053e-18     6.09620376671e-17     -1.17572276559e-17    
8.82709613626         2.44223429219e-17     4.18050804527e-18     6.62188634461e-17     -1.30952884095e-17    
9.0073042631          2.50574170203e-17     4.80769279438e-18     7.16445064231e-17     -1.45079643717e-17    
9.18751238993         2.55727533547e-17     5.49226339945e-18     7.72350105295e-17     -1.599494869e-17      
9.36772051677         2.59633539841e-17     6.23611275057e-18     8.29866706421e-17     -1.75558962098e-17    
9.5479286436          2.62246382481e-17     7.04105100934e-18     8.88960162771e-17     -1.91904315123e-17    
9.72813677044         2.63524038653e-17     7.90880872179e-18     9.49597961283e-17     -2.08981557087e-17    
9.90834489727         2.63427919623e-17     8.84103999153e-18     1.01174963542e-16     -2.26786521773e-17    
10.0885530241         2.61922556215e-17     9.83932566637e-18     1.07538663053e-16     -2.45314913994e-17    
10.2687611509         2.58975315786e-17     1.09051765024e-17     1.14048218316e-16     -2.645623503e-17      
10.4489692778         2.54556147353e-17     1.20400362779e-17     1.20701122967e-16     -2.8452439317e-17     
10.6291774046         2.48637351919e-17     1.32452848371e-17     1.27495060593e-16     -3.05196692466e-17    
10.8093855314         2.41193375321e-17     1.45222410477e-17     1.34427729907e-16     -3.26575864242e-17    
10.9895936583         2.32200621237e-17     1.58721656619e-17     1.41497019427e-16     -3.48656405359e-17    
11.1698017851         2.21637282243e-17     1.72962640748e-17     1.48700990004e-16     -3.71433906746e-17    
11.3500099119         2.09483187028e-17     1.87956889737e-17     1.56037801585e-16     -3.94904007433e-17    
11.5302180388         1.95719662097e-17     2.03715428773e-17     1.63505719379e-16     -4.19062405584e-17    
11.7104261656         1.80329406465e-17     2.20248805644e-17     1.71103108453e-16     -4.43904867423e-17    
11.8906342924         1.63296378017e-17     2.37567113924e-17     1.78828427555e-16     -4.6942723435e-17     
12.0708424193         1.44605690342e-17     2.55680015069e-17     1.86680223097e-16     -4.95625428521e-17    
12.2510505461         1.24243518989e-17     2.74596759457e-17     1.94657123466e-16     -5.22495457129e-17    
12.431258673          1.02197016205e-17     2.94326206401e-17     2.02757833716e-16     -5.50033415582e-17    
12.6114667998         7.84542333035e-18     3.14876843168e-17     2.10981130611e-16     -5.78235489738e-17    
12.7916749266         5.30040499273e-18     3.36256803034e-17     2.19325858026e-16     -6.07097957362e-17    
12.9718830535         2.58361095205e-18     3.58473882431e-17     2.27790922661e-16     -6.3661718891e-17     
13.1520911803         -3.0592395835e-19     3.81535557206e-17     2.3637529007e-16      -6.66789647759e-17    
13.3322993071         -3.36909979984e-18    4.05448998047e-17     2.4507798096e-16      -6.97611889967e-17    
13.512507434          -6.60675645274e-18    4.30221085104e-17     2.53898067752e-16     -7.29080563649e-17    
13.6927155608         -1.00196781244e-17    4.55858421857e-17     2.62834671391e-16     -7.61192408025e-17    
13.8729236876         -1.36085974797e-17    4.82367348249e-17     2.71886958363e-16     -7.93944252213e-17    
14.0531318145         -1.73741994297e-17    5.0975395315e-17      2.81054137932e-16     -8.273330138e-17      
14.2333399413         -2.13171246084e-17    5.3802408615e-17      2.90335459562e-16     -8.61355697245e-17    
14.4135480681         -2.54379725669e-17    5.67183368758e-17     2.99730210511e-16     -8.96009392139e-17    
14.593756195          -2.97373047106e-17    5.97237204997e-17     3.09237713596e-16     -9.31291271372e-17    
14.7739643218         -3.42156470009e-17    6.2819079146e-17      3.18857325099e-16     -9.67198589202e-17    
14.9541724486         -3.88734924443e-17    6.60049126844e-17     3.28588432825e-16     -1.00372867928e-16    
15.1343805755         -4.37113033851e-17    6.92817020979e-17     3.38430454278e-16     -1.04087895265e-16    
15.3145887023         -4.87295136212e-17    7.26499103404e-17     3.48382834961e-16     -1.07864689566e-16    
15.4947968291         -5.39285303565e-17    7.61099831494e-17     3.5844504679e-16      -1.11703006798e-16    
15.675004956          -5.93087360037e-17    7.96623498172e-17     3.68616586605e-16     -1.15602610049e-16    
15.8552130828         -6.4870489852e-17     8.33074239225e-17     3.78896974784e-16     -1.1956326933e-16     
16.0354212096         -7.0614129609e-17     8.70456040255e-17     3.89285753938e-16     -1.23584761367e-16    
16.2156293365         -7.65399728278e-17    9.08772743271e-17     3.99782487695e-16     -1.27666869408e-16    
16.3958374633         -8.26483182299e-17    9.48028052952e-17     4.10386759555e-16     -1.31809383025e-16    
16.5760455901         -8.89394469302e-17    9.88225542593e-17     4.21098171823e-16     -1.36012097919e-16    
16.756253717          -9.54136235746e-17    1.02936865976e-16     4.31916344599e-16     -1.40274815733e-16    
16.9364618438         -1.02071097395e-16    1.07146073167e-16     4.4284091484e-16      -1.44597343871e-16    
17.1166699706         -1.08912103188e-16    1.11450497028e-16     4.53871535472e-16     -1.48979495311e-16    
17.2968780975         -1.15936862229e-16    1.15850447715e-16     4.65007874559e-16     -1.53421088435e-16    
17.4770862243         -1.23145583116e-16    1.20346224808e-16     4.76249614521e-16     -1.57921946857e-16    
17.6572943512         -1.3053846256e-16     1.24938117747e-16     4.87596451397e-16     -1.62481899255e-16    
17.837502478          -1.38115686115e-16    1.29626406254e-16     4.99048094154e-16     -1.67100779209e-16    
18.0177106048         -1.45877428868e-16    1.34411360729e-16     5.10604264038e-16     -1.71778425048e-16    
18.1979187317         -1.5382385607e-16     1.3929324263e-16      5.22264693957e-16     -1.76514679693e-16    
18.3781268585         -1.61955123732e-16    1.44272304833e-16     5.34029127903e-16     -1.81309390513e-16    
18.5583349853         -1.70271379183e-16    1.4934879198e-16      5.45897320413e-16     -1.86162409179e-16    
18.7385431122         -1.78772761581e-16    1.54522940802e-16     5.57869036047e-16     -1.91073591529e-16    
18.918751239          -1.87459402404e-16    1.59794980438e-16     5.6994404891e-16      -1.96042797431e-16    
19.0989593658         -1.96331425896e-16    1.65165132727e-16     5.82122142192e-16     -2.01069890654e-16    
19.2791674927         -2.05388949494e-16    1.70633612498e-16     5.9440310774e-16      -2.06154738746e-16    
19.4593756195         -2.14632084219e-16    1.76200627837e-16     6.06786745645e-16     -2.11297212907e-16    
19.6395837463         -2.24060935051e-16    1.81866380352e-16     6.19272863865e-16     -2.16497187875e-16    
19.8197918732         -2.33675601272e-16    1.87631065417e-16     6.31861277857e-16     -2.21754541813e-16    
20                    0                     0                     0                     0                     
