0.0779191396          0                     0                     0                     0                     
0.0875961647147       0.602906531375        0.0704249291191       0.154461199322        0.0331414190938       
0.0972731898294       2.9527917291          -0.0364086167033      0.790265673258        0.00928915334075      
0.106950214944        6.0457624747          -0.911294091827       1.63364017699         -0.326450920189       
0.116627240059        8.66520986895         -2.30879050315        2.29736388187         -0.889561932604       
0.126304265173        10.4851403478         -3.73720768631        2.69515734147         -1.47729717339        
0.135981290288        11.5960398228         -4.96605074895        2.87866058177         -1.98965993021        
0.145658315403        12.1629009118         -5.93203454473        2.91354768959         -2.39670027473        
0.155335340518        12.3381515255         -6.64366880131        2.85305142041         -2.69983838187        
0.165012365632        12.2421086747         -7.13622298259        2.73507390516         -2.91204931884        
0.174689390747        11.9650388683         -7.44972482134        2.58577031465         -3.04938901022        
0.184366415862        11.5704676922         -7.62228008473        2.42154419062         -3.1274185861         
0.194043440976        11.1032501676         -7.6855060494         2.25275991333         -3.15916195866        
0.203720466091        10.5963111479         -7.66547833709        2.08630447505         -3.15547055838        
0.213397491206        10.0717528473         -7.58215130177        1.92610529178         -3.12466380638        
0.22307451632         9.54574738887         -7.45237016602        1.77475202658         -3.07387474348        
0.232751541435        9.02815311161         -7.29062348785        1.6330740196          -3.00918445454        
0.24242856655         8.52572587105         -7.1053673724         1.50160814442         -2.93423733054        
0.252105591664        8.04290203308         -6.90505057631        1.38017537033         -2.85267020962        
0.261782616779        7.58169180237         -6.6955595414         1.26820573211         -2.76696032874        
0.271459641894        7.14278672938         -6.48132506538        1.16500045681         -2.67897060443        
0.281136667008        6.726919895           -6.26514923909        1.07007274732         -2.58996472992        
0.290813692123        6.33291561733         -6.0487346703         0.982523797397        -2.50080779973        
0.300490717238        5.96185814713         -5.83450412438        0.902193947218        -2.41236631206        
0.310167742353        5.61351985765         -5.62413680316        0.828712520683        -2.32539332137        
0.319844767467        5.28622506028         -5.41814781649        0.761353429256        -2.24015925558        
0.329521792582        4.97917570732         -5.21775956045        0.699677847968        -2.15717652867        
0.339198817697        4.69141347184         -5.02370118154        0.643200939129        -2.07675782071        
0.348875842811        4.42119379137         -4.83569650729        0.591316755483        -1.99881310802        
0.358552867926        4.16797752436         -4.65465313936        0.543754044363        -1.9237243592         
0.368229893041        3.9305846852          -4.48023740404        0.500117494288        -1.85136596717        
0.377906918155        3.7077429746          -4.31283465168        0.459934375582        -1.78190707292        
0.38758394327         3.49845514373         -4.15198716184        0.422912512733        -1.71515128258        
0.397260968385        3.30190423766         -3.99757075744        0.388786969246        -1.65106611689        
0.406937993499        3.1170943293          -3.84936397007        0.357270484991        -1.58957875032        
0.416615018614        2.94350327619         -3.70730094696        0.328186006943        -1.53065279448        
0.426292043729        2.78009403406         -3.57111500532        0.30122330541         -1.47416574876        
0.435969068844        2.62603994285         -3.44061789794        0.276160993782        -1.42003462665        
0.445646093958        2.48041505037         -3.31514354481        0.252764368132        -1.36803949646        
0.455323119073        2.3434661981          -3.19452206842        0.231118940734        -1.31806336925        
0.465000144188        2.21441791245         -3.07873572881        0.211025512445        -1.27008602599        
0.474677169302        2.09284616853         -2.96749449292        0.192404748068        -1.22400169757        
0.484354194417        1.97834212993         -2.86075174853        0.175170883315        -1.1797889002         
0.494031219532        1.87032136434         -2.75815942944        0.159171649822        -1.13730821936        
0.503708244646        1.76841973027         -2.65971426061        0.144329477698        -1.09655026983        
0.513385269761        1.67234017901         -2.5651875131         0.130567307723        -1.05742316797        
0.523062294876        1.58133035369         -2.47361321235        0.117796509797        -1.0195258652         
0.53273931999         1.49584777088         -2.3871726244         0.105916614934        -0.983765338531       
0.542416345105        1.41482313533         -2.30349592233        0.0948743496808       -0.949151499421       
0.55209337022         1.3381994491          -2.22310165489        0.0846032611678       -0.915901285966       
0.561770395334        1.26573366155         -2.14586413012        0.0750559921471       -0.883969741284       
0.571447420449        1.19706411121         -2.07158429947        0.0661513176379       -0.853275925414       
0.581124445564        1.13186552825         -2.00021621345        0.0577852640202       -0.823807578481       
0.590801470679        1.0700374131          -1.93152077274        0.0499481881803       -0.795451743761       
0.600478495793        1.01146768976         -1.86532301008        0.0426479819258       -0.768126096527       
0.610155520908        0.955918919723        -1.80147519876        0.0358479549124       -0.741780193918       
0.619832546023        0.903362205575        -1.7401857978         0.0295098621286       -0.716497867758       
0.629509571137        0.853443061805        -1.68104189192        0.0235968054065       -0.692108954441       
0.639186596252        0.806070190108        -1.62403410396        0.0180749487683       -0.66860932108        
0.648863621367        0.761087874119        -1.56905426326        0.0129182283418       -0.645951773517       
0.658540646481        0.718476344591        -1.51618107835        0.00813068305425      -0.624165539217       
0.668217671596        0.67786651868         -1.46497832369        0.00362473389631      -0.603074496643       
0.677894696711        0.639353991663        -1.41564756322        -0.00055658621972     -0.582759548682       
0.687571721825        0.602751527838        -1.36805735643        -0.00446228430474     -0.56316292709        
0.69724874694         0.56785657407         -1.32207370379        -0.00813237221725     -0.544241014742       
0.706925772055        0.534702433391        -1.27759469962        -0.0115467503711      -0.525949200718       
0.716602797169        0.503314286656        -1.23457563978        -0.0146857473382      -0.508258117305       
0.726279822284        0.473495551206        -1.19307322849        -0.0176010159371      -0.491191733052       
0.735956847399        0.445071476688        -1.15296219412        -0.0203252884239      -0.474700385732       
0.745633872514        0.418205965199        -1.11423356006        -0.0228075238639      -0.458779534042       
0.755310897628        0.392600488427        -1.07677826695        -0.0251211533036      -0.443387233618       
0.764987922743        0.368247946199        -1.04056851786        -0.0272626420194      -0.428510105488       
0.774664947858        0.34509613435         -1.00554995268        -0.0292399724935      -0.414125331558       
0.784341972972        0.32306507936         -0.971698690472       -0.0310726469176      -0.400223197203       
0.794018998087        0.302035021003        -0.939015934422       -0.0327985239363      -0.386807724514       
0.803696023202        0.281986306323        -0.907171305112       -0.0343847558051      -0.373737374916       
0.813373048316        0.262983108975        -0.87641362389        -0.035829914332       -0.361113741485       
0.823050073431        0.244901712251        -0.846546690866       -0.0371543543508      -0.348861807499       
0.832727098546        0.227744323727        -0.817667793328       -0.0383542138532      -0.33701693585        
0.84240412366         0.211275950703        -0.789103570226       -0.039415918964       -0.325298590278       
0.852081148775        0.195913129777        -0.762542002822       -0.0404340703429      -0.31440465687        
0.86175817389         0.181186441058        -0.736256010758       -0.041318404039       -0.303624173941       
0.871435199005        0.16717802813         -0.710778277785       -0.04211483675        -0.293176095826       
0.881112224119        0.153828823474        -0.686013385393       -0.042834302074       -0.283025297723       
0.890789249234        0.141179895962        -0.6619984695         -0.0434615336684      -0.273180473314       
0.900466274349        0.129194224208        -0.638694112735       -0.0439986755055      -0.263626731537       
0.910143299463        0.117806655191        -0.616083447106       -0.0444632149767      -0.254357648468       
0.919820324578        0.107023639839        -0.594106419577       -0.0448445359633      -0.245350208344       
0.929497349693        0.0968001367444       -0.572789693811       -0.0451564821491      -0.236613670154       
0.939174374807        0.0870852187222       -0.552056730507       -0.0454074980272      -0.22811510244        
0.948851399922        0.077859222691        -0.531912656273       -0.0456029665641      -0.219860635534       
0.958528425037        0.0691360859862       -0.512273291827       -0.0457276533663      -0.211811200142       
0.968205450151        0.060884286999        -0.493101672206       -0.0457822498596      -0.203953032663       
0.977882475266        0.0530639011449       -0.474242727389       -0.0457580651386      -0.196221475844       
0.987559500381        0.045585610216        -0.454761566623       -0.0455567457669      -0.188228307813       
0.997236525495        0.0385157003389       -0.435625847635       -0.0452852845567      -0.180376310606       
1.00691355061         0.0319360175831       -0.417330924111       -0.0449820329664      -0.172870516947       
1.01659057572         0.0257956158495       -0.399693278503       -0.0446433481013      -0.165631899901       
1.02626760084         0.0200659490129       -0.382783900422       -0.0442770234652      -0.15869185187        
1.03594462595         0.0147226623871       -0.366500481301       -0.0438803481479      -0.152008089827       
1.04562165107         0.00974001420138      -0.3508662486         -0.0434627986411      -0.145590283628       
1.05529867618         0.00509967214495      -0.335794687657       -0.043019666662       -0.139402376133       
1.0649757013          0.000797441282609     -0.321277516039       -0.04254887389        -0.133441185817       
1.07465272641         -0.00319190199087     -0.307301822195       -0.0420558590751      -0.127701679773       
1.08432975153         -0.00688990903256     -0.293839802057       -0.0415433632802      -0.122171724723       
1.09400677664         -0.0103085780357      -0.280875822986       -0.0410131624982      -0.116845516655       
1.10368380176         -0.0134567277907      -0.268376494268       -0.0404618981516      -0.111708905192       
1.11336082687         -0.0163552147282      -0.256351775295       -0.0398966565663      -0.106765677182       
1.12303785199         -0.0190157629071      -0.244747779704       -0.0393146862364      -0.101994672787       
1.1327148771          -0.0214427707464      -0.233578959088       -0.0387175900393      -0.0974011984987      
1.14239190222         -0.0236600568015      -0.22282096366        -0.038109385508       -0.0929751109385      
1.15206892733         -0.0256690802645      -0.212449648968       -0.0374870894088      -0.0887067896838      
1.16174595245         -0.0274845342685      -0.202459366792       -0.0368537750975      -0.0845936292846      
1.17142297756         -0.0291148005011      -0.192836388165       -0.0362102344513      -0.0806305312845      
1.18110000267         -0.0305680630655      -0.18356965911        -0.0355567924553      -0.0768125414548      
1.19077702779         -0.0318581778827      -0.174640960927       -0.0348954620513      -0.0731321787385      
1.2004540529          -0.032990660915       -0.166047003802       -0.0342266945217      -0.0695882894618      
1.21013107802         -0.0339705317072      -0.157760564401       -0.0335485827678      -0.0661697149798      
1.21980810313         -0.0348102935345      -0.149790826088       -0.0328657849326      -0.0628800992908      
1.22948512825         -0.0355159400728      -0.142112752615       -0.0321765437596      -0.0597089969388      
1.23916215336         -0.036092835893       -0.134719168151       -0.0314813100068      -0.0566538636604      
1.24883917848         -0.0365490223565      -0.127605362805       -0.0307819402261      -0.0537127585442      
1.25851620359         -0.0368916303565      -0.120762712822       -0.0300791667447      -0.0508818720708      
1.26819322871         -0.0371231095195      -0.114171178688       -0.0293708332664      -0.0481532018404      
1.27787025382         -0.0372521013839      -0.107834650634       -0.0286598757255      -0.0455284306421      
1.28754727894         -0.0372808579799      -0.101740015078       -0.0279453128453      -0.0430020353805      
1.29722430405         -0.0372170389843      -0.0958753800249      -0.0272275973586      -0.0405691204407      
1.30690132917         -0.0370635231426      -0.0902405282448      -0.0265072628737      -0.0382296851375      
1.31657835428         -0.0368252711492      -0.0848241737708      -0.0257842822522      -0.0359791271126      
1.32625537939         -0.0365044123076      -0.079627842322       -0.0250584167589      -0.0338181459156      
1.33593240451         -0.0361115939438      -0.0746255354598      -0.0243320779948      -0.0317360329275      
1.34560942962         -0.035644463352       -0.0698306690984      -0.0236035301441      -0.0297383599486      
1.35528645474         -0.0351052357021      -0.0652275854725      -0.0228716763695      -0.0278185533465      
1.36496347985         -0.0345030305114      -0.0608180439328      -0.0221398333317      -0.025977553109       
1.37464050497         -0.0338363914572      -0.0565920152538      -0.0214056131387      -0.0242111872394      
1.38431753008         -0.0331098560827      -0.0525459117533      -0.0206697894755      -0.0225179979341      
1.3939945552          -0.0323270051116      -0.0486756475447      -0.0199329118284      -0.020896374897       
1.40367158031         -0.0314886751359      -0.0449759232783      -0.0191939619973      -0.0193441418246      
1.41334860543         -0.0306010458916      -0.0414469575817      -0.0184550062873      -0.0178614368383      
1.42302563054         -0.0296631671255      -0.0380809128522      -0.0177139634437      -0.0164450078904      
1.43270265566         -0.0286811786235      -0.0348783618726      -0.016973079522       -0.0150952429541      
1.44237968077         -0.0276546702747      -0.0318341379833      -0.0162307524036      -0.0138100053549      
1.45205670589         -0.0265892351523      -0.0289492608639      -0.0154888503818      -0.0125897871991      
1.461733731           -0.025485431793       -0.026218245684       -0.0147462699962      -0.0114323189622      
1.47141075612         -0.024347966998       -0.0236417727586      -0.0140044168256      -0.0103380408782      
1.48108778123         -0.0231796977786      -0.0212185740731      -0.0132636205606      -0.00930648919395     
1.49076480634         -0.021985734218       -0.0189484639125      -0.0125253300459      -0.00833768424232     
1.50044183146         -0.0207694766703      -0.0168299374051      -0.0117900021183      -0.00743110764187     
1.51011885657         -0.0195371790544      -0.0148633353951      -0.0110597486536      -0.00658709520467     
1.51979588169         -0.0182935738138      -0.0130475790816      -0.0103356000931      -0.00580528838499     
1.5294729068          -0.0170477315898      -0.011383209234       -0.00962099579757     -0.00508616980448     
1.53914993192         -0.0158052008551      -0.00986703716674     -0.00891734114913     -0.00442859433003     
1.54882695703         -0.0145762823113      -0.00849821771667     -0.00822858005202     -0.00383245398214     
1.55850398215         -0.0133689736276      -0.00727236791212     -0.00755741722293     -0.00329618529063     
1.56818100726         -0.0121936116562      -0.00618480204101     -0.00690785676713     -0.00281810031296     
1.57785803238         -0.0110585444719      -0.00522833951763     -0.00628293376079     -0.00239545775047     
1.58753505749         -0.00997257428439     -0.00439478378202     -0.00568610639135     -0.00202508201293     
1.59721208261         -0.00894343316997     -0.00367466537752     -0.00512051601046     -0.00170324153378     
1.60688910772         -0.00797402511024     -0.00305626169888     -0.00458684818123     -0.00142515206872     
1.61656613284         -0.00706949875239     -0.00252931405453     -0.00408736692397     -0.00118667601308     
1.62624315795         -0.00623146188053     -0.0020828154745      -0.00362261494833     -0.000983270937399    
1.63592018306         -0.00545933833545     -0.00170615986567     -0.00319212048774     -0.000810515449865    
1.64559720818         -0.00475313177261     -0.00139002546344     -0.00279595667556     -0.000664508737375    
1.65527423329         -0.00410988521062     -0.00112556031611     -0.0024326175613      -0.000541496890341    
1.66495125841         -0.00352691066774     -0.000905127715475    -0.00210085713205     -0.000438222814037    
1.67462828352         -0.00300156906093     -0.000722189074134    -0.00179952349953     -0.000351883497109    
1.68430530864         -0.0025302373755      -0.000570918286407    -0.00152691498709     -0.000279954563631    
1.69398233375         -0.00211748063812     -0.000448071178922    -0.00128630911806     -0.000221118499465    
1.70365935887         -0.00175608406674     -0.000348363971337    -0.0010739005469      -0.00017300940404     
1.71333638398         -0.00143164614629     -0.00026600404754     -0.000881379084327    -0.00013294380648     
1.7230134091          -0.00114297726745     -0.000198552149191    -0.000708411321297    -9.98540920926e-05    
1.73269043421         -0.000888587591312    -0.000143826560259    -0.000554474697462    -7.27739944007e-05    
1.74236745933         -0.000666989492307    -9.99274463523e-05    -0.000419036088683    -5.08544627331e-05    
1.75204448444         -0.000476804428489    -6.51986647047e-05    -0.000301618312175    -3.33486234609e-05    
1.76172150956         -0.000316928667476    -3.82108587763e-05    -0.000201903959222    -1.9606421151e-05     
1.77139853467         -0.000186704461728    -1.77266392768e-05    -0.00011985068254     -9.06006881456e-06    
1.78107555979         -8.63499057074e-05    -2.67640546886e-06    -5.59788445062e-05    -1.21439227531e-06    
1.7907525849          -1.83727268608e-05    7.86593339946e-06     -1.2314843507e-05     4.36358291596e-06     
1.8007525849          2.39471935854e-06     2.49798235994e-05     9.41514998709e-07     1.49933060102e-05     
1.80097480712         2.41760702421e-06     2.59410713829e-05     9.50856609868e-07     1.5613996272e-05      
1.80119702934         2.44019308379e-06     2.69216909615e-05     9.60078712345e-07     1.62478730788e-05     
1.80141925157         2.46248120418e-06     2.79210601909e-05     9.69182676947e-07     1.68945276377e-05     
1.80164147379         2.48447493837e-06     2.89386081272e-05     9.78169837915e-07     1.75535845681e-05     
1.80186369601         2.50617762517e-06     2.99738073719e-05     9.87041450355e-07     1.82246971452e-05     
1.80208591823         2.52759242821e-06     3.10261667449e-05     9.95798704926e-07     1.89075425344e-05     
1.80230814046         2.54872237789e-06     3.20952243771e-05     1.00444274383e-06     1.96018173287e-05     
1.80253036268         2.56957038671e-06     3.31805447957e-05     1.01297466647e-06     2.03072356101e-05     
1.8027525849          2.59013926184e-06     3.42817164145e-05     1.02139553409e-06     2.10235272762e-05     
1.8127525849          3.26251985948e-06     9.59340719566e-05     1.29907125432e-06     6.16972561338e-05     
1.82166912848         3.52622709807e-06     0.000163551004681     1.41154438383e-06     0.000107124051219     
1.83058567205         3.55795110175e-06     0.000237704605942     1.43009816023e-06     0.000157669485754     
1.83950221563         3.41783287866e-06     0.000315542986784     1.37875044276e-06     0.000211448568303     
1.8484187592          3.1528239679e-06      0.00039516584528      1.27634716345e-06     0.000267184177727     
1.85733530278         2.80019989246e-06     0.000475212049112     1.13790401377e-06     0.000323942461103     
1.86625184636         2.38976749805e-06     0.000554662115773     9.75462870233e-07     0.000381006316234     
1.87516838993         1.94540763575e-06     0.000632733806815     7.98696379273e-07     0.000437809867526     
1.88408493351         1.48618006662e-06     0.000708817529534     6.15343753129e-07     0.000493897482343     
1.89300147709         1.02719513649e-06     0.00078243389777      4.31556437367e-07     0.000548897154077     
1.90191802066         5.80297881309e-07     0.000853206321215     2.52170343813e-07     0.000602503639632     
1.91083456424         1.54621507111e-07     0.000920839097011     8.09268729204e-08     0.000654464608712     
1.91975110781         -2.42970998e-07       0.000985103016236     -7.93504395121e-08    0.000704571721007     
1.92866765139         -6.07499358531e-07    0.00104582346842      -2.26600470297e-07    0.00075265347288      
1.93758419497         -9.35556704372e-07    0.00110287124596      -3.59400248516e-07    0.000798569341781     
1.94650073854         -1.22504879758e-06    0.00115615565403      -4.76860082766e-07    0.000842205514926     
1.95541728212         -1.4749645971e-06     0.00120561818699      -5.78531049912e-07    0.000883470982001     
1.9643338257          -1.68518281399e-06    0.00125122820942      -6.64326990759e-07    0.0009222949874       
1.97325036927         -1.85631163574e-06    0.00129297892698      -7.34459758034e-07    0.000958624415858     
1.98216691285         -1.98954853516e-06    0.00133088363736      -7.8938250732e-07     0.000992421340257     
1.99108345642         -2.08655542327e-06    0.00136497332779      -8.29739180442e-07    0.00102366169465      
2                     -2.14935882648e-06    0.00139529426655      -8.56324025912e-07    0.00105233369499      
2.01                  -2.18196056094e-06    0.00142488962169      -8.70883209736e-07    0.00108143323317      
2.19171717172         1.16969674542e-07     0.00131349747114      4.32148223929e-08     0.00111064626969      
2.37343434343         4.07741561754e-07     0.000623879495199     1.64081726522e-07     0.000584526172545     
2.55515151515         -1.38877037097e-07    7.90390677944e-05     -5.57150702831e-08    8.20655875102e-05     
2.73686868687         0.000134822809658     1.05026637916e-06     0.000155905265616     -1.10371075048e-06    
2.91858585859         0.000398281245304     7.10328594313e-06     0.00050747622644      -9.57329356017e-06    
3.1003030303          0.000525623231494     1.69570572879e-05     0.000735464658567     -2.10594441956e-05    
3.28202020202         0.000502514608898     2.58828283198e-05     0.000771354892537     -2.83643627897e-05    
3.46373737374         0.000392369836234     2.98728251853e-05     0.000660945797778     -2.87523514336e-05    
3.64545454545         0.000262865013724     2.80951068888e-05     0.000486563440072     -2.38509004213e-05    
3.82717171717         0.000154986904206     2.24291540287e-05     0.000315964030862     -1.69252981921e-05    
4.00888888889         8.16281216999e-05     1.55856458364e-05     0.000183854454917     -1.05225720373e-05    
4.19060606061         3.87636317882e-05     9.58514419916e-06     9.68611698724e-05     -5.82597198366e-06    
4.37232323232         1.66982240138e-05     5.2782251735e-06      4.65299334948e-05     -2.90638871031e-06    
4.55404040404         6.54996985873e-06     2.62456933787e-06     2.04854535602e-05     -1.31556649333e-06    
4.73575757576         2.34465861019e-06     1.18589316475e-06     8.29733461958e-06     -5.43433897992e-07    
4.91747474747         7.66542656609e-07     4.89263339234e-07     3.10072188918e-06     -2.05745503695e-07    
5.09919191919         2.28748753264e-07     1.85004430078e-07     1.07147007924e-06     -7.16619436391e-08    
5.28090909091         6.21717885714e-08     6.43074324723e-08     3.42962188203e-07     -2.30120730806e-08    
5.46262626263         1.53214771374e-08     2.05980836384e-08     1.01830446851e-07     -6.82690612855e-09    
5.64434343434         3.39563598378e-09     6.09166264579e-09     2.80784922912e-08     -1.87420279107e-09    
5.82606060606         6.66488585218e-10     1.66608764082e-09     7.1969172082e-09      -4.7678734757e-10     
6.00777777778         1.12234766995e-10     4.21994600829e-10     1.7160881019e-09      -1.12521747409e-10    
6.18949494949         1.49489258843e-11     9.90979738307e-11     3.80927966467e-10     -2.46580242204e-11    
6.37121212121         1.10800893201e-12     2.15973403595e-11     7.87597250564e-11     -5.02207552425e-12    
6.55292929293         -1.54532086793e-13    4.37208605819e-12     1.51753125662e-11     -9.51222431386e-13    
6.73464646465         -9.1502155624e-14     8.22750126704e-13     2.72613503294e-12     -1.67646969555e-13    
6.91636363636         -2.56041719604e-14    1.43836117673e-13     4.56189772329e-13     -2.74717924438e-14    
7.09808080808         -5.5852183099e-15     2.35555590114e-14     7.1685872215e-14      -4.21985807517e-15    
7.2797979798          -1.05906661492e-15    3.6564944071e-15      1.07014087499e-14     -6.14736979214e-16    
7.46151515152         -1.55012094333e-16    4.60614431525e-16     1.29909880273e-15     -7.27042329543e-17    
7.64323232323         -4.17750350057e-17    1.10352640245e-16     3.00494881287e-16     -1.63578188544e-17    
7.82494949495         -5.07114628945e-17    1.217964995e-16       3.20771728016e-16     -1.69577053293e-17    
8.00666666667         -6.03218476677e-17    1.33904882939e-16     3.41636793923e-16     -1.75119454199e-17    
8.18838383838         -7.06112367001e-17    1.46685443698e-16     3.63087103705e-16     -1.80174719026e-17    
8.3701010101          -8.15841949646e-17    1.60145333319e-16     3.85119939921e-16     -1.84713932281e-17    
8.55181818182         -9.32448576575e-17    1.7429124095e-16      4.07732831646e-16     -1.88709824808e-17    
8.73353535354         -1.05596976364e-16    1.89129429107e-16     4.30923577898e-16     -1.92136669518e-17    
8.91525252525         -1.1864395964e-16     2.04665766328e-16     4.54690555422e-16     -1.94974344407e-17    
9.09696969697         -1.32388908758e-16    2.20905756988e-16     4.79030502921e-16     -1.97205735724e-17    
9.27868686869         -1.46834649249e-16    2.37854568552e-16     5.03941752557e-16     -1.9880023773e-17     
9.4604040404          -1.61983758805e-16    2.55517056501e-16     5.29422781141e-16     -1.99737368601e-17    
9.64212121212         -1.77838591987e-16    2.73897787146e-16     5.55472083483e-16     -1.99997755355e-17    
9.82383838384         -1.9440130216e-16     2.9300105852e-16      5.82088244775e-16     -1.99563063653e-17    
10.0055555556         -2.11673860993e-16    3.12830919539e-16     6.09269946096e-16     -1.98415932342e-17    
10.1872727273         -2.2965807583e-16     3.33391187581e-16     6.37015960546e-16     -1.96539912454e-17    
10.368989899          -2.48355605185e-16    3.54685464624e-16     6.65325147308e-16     -1.93919410381e-17    
10.5507070707         -2.67767972591e-16    3.76717152091e-16     6.94196445364e-16     -1.90539634935e-17    
10.7324242424         -2.87896578991e-16    3.99489464494e-16     7.23628867428e-16     -1.86386548041e-17    
10.9141414141         -3.08742713857e-16    4.23005442007e-16     7.53621494241e-16     -1.81446818811e-17    
11.0958585859         -3.30307565159e-16    4.47267962051e-16     7.84173469297e-16     -1.75707780747e-17    
11.2775757576         -3.52592228338e-16    4.7227974998e-16      8.15283993994e-16     -1.6915739187e-17     
11.4592929293         -3.75597714383e-16    4.98043388948e-16     8.46952323181e-16     -1.61784197553e-17    
11.641010101          -3.99324957114e-16    5.24561329024e-16     8.79177761087e-16     -1.53577295865e-17    
11.8227272727         -4.23774819758e-16    5.51835895629e-16     9.11959657596e-16     -1.44526305248e-17    
12.0044444444         -4.48948100893e-16    5.79869297341e-16     9.45297404835e-16     -1.34621334353e-17    
12.1861616162         -4.74845539833e-16    6.08663633127e-16     9.79190434055e-16     -1.23852953885e-17    
12.3678787879         -5.01467821503e-16    6.38220899048e-16     1.01363821277e-15     -1.12212170301e-17    
12.5495959596         -5.2881558087e-16     6.68542994489e-16     1.04864024217e-15     -9.96904012422e-18    
12.7313131313         -5.56889406963e-16    6.99631727933e-16     1.08419605469e-15     -8.6279452559e-18     
12.913030303          -5.85689846535e-16    7.31488822342e-16     1.12030521184e-15     -7.19714968258e-18    
13.0947474747         -6.15217407392e-16    7.6411592015e-16      1.15696730222e-15     -5.67590532337e-18    
13.2764646465         -6.45472561434e-16    7.97514587923e-16     1.19418193969e-15     -4.06349687649e-18    
13.4581818182         -6.76455747427e-16    8.31686320695e-16     1.23194876172e-15     -2.35924005558e-18    
13.6398989899         -7.08167373534e-16    8.66632546012e-16     1.27026742788e-15     -5.62479936692e-19    
13.8216161616         -7.40607819636e-16    9.02354627706e-16     1.30913761859e-15     1.3274105919e-18      
14.0033333333         -7.73777439449e-16    9.38853869422e-16     1.34855903394e-15     3.3110322843e-18      
14.1850505051         -8.07676562468e-16    9.76131517909e-16     1.38853139289e-15     5.38896090253e-18     
14.3667676768         -8.42305495751e-16    1.0141887661e-15      1.42905443274e-15     7.56174849918e-18     
14.5484848485         -8.77664525554e-16    1.05302675601e-15     1.47012790943e-15     9.82992462291e-18     
14.7302020202         -9.13753918832e-16    1.0926465814e-15      1.51175159943e-15     1.2193997452e-17      
14.9119191919         -9.50573924629e-16    1.13304929036e-15     1.55392530705e-15     1.46544548606e-17     
15.0936363636         -9.88124775341e-16    1.17423588764e-15     1.59664890245e-15     1.72117654229e-17     
15.2753535354         -1.0264066879e-15     1.21620733687e-15     1.63992234477e-15     1.9865955251e-17      
15.4570707071         -1.06541986483e-15    1.25896456271e-15     1.68374473209e-15     2.26175922495e-17     
15.6387878788         -1.10516449529e-15    1.30250845276e-15     1.72811610831e-15     2.54673590897e-17     
15.8205050505         -1.14564075595e-15    1.3468398594e-15      1.77303635857e-15     2.84156561644e-17     
16.0022222222         -1.18684881185e-15    1.3919596016e-15      1.8185053427e-15      3.14628687832e-17     
16.1839393939         -1.22878881722e-15    1.43786846646e-15     1.86452291867e-15     3.46093678784e-17     
16.3656565657         -1.27146091617e-15    1.48456721083e-15     1.91108894799e-15     3.78555106713e-17     
16.5473737374         -1.31486524337e-15    1.5320565627e-15      1.9582032974e-15      4.12016413031e-17     
16.7290909091         -1.35900192471e-15    1.58033722264e-15     2.00586583936e-15     4.464809143e-17       
16.9108080808         -1.40387107782e-15    1.62940986502e-15     2.05407645223e-15     4.81951807874e-17     
17.0925252525         -1.44947281266e-15    1.67927513927e-15     2.10283502011e-15     5.18432177235e-17     
17.2742424242         -1.49580723201e-15    1.72993367102e-15     2.1521414327e-15      5.55924997041e-17     
17.455959596          -1.54287443191e-15    1.78138606319e-15     2.20199558504e-15     5.94433137917e-17     
17.6376767677         -1.59067450209e-15    1.83363289702e-15     2.2523973773e-15      6.33959370988e-17     
17.8193939394         -1.63920752643e-15    1.88667473306e-15     2.30334671454e-15     6.74506372186e-17     
18.0011111111         -1.68847358324e-15    1.94051211205e-15     2.35484350644e-15     7.16076726325e-17     
18.1828282828         -1.7384727457e-15     1.99514555583e-15     2.40688766707e-15     7.58672930975e-17     
18.3645454545         -1.78920508212e-15    2.05057556816e-15     2.45947911471e-15     8.02297400143e-17     
18.5462626263         -1.84067065627e-15    2.10680263548e-15     2.51261777158e-15     8.46952467762e-17     
18.727979798          -1.89286952765e-15    2.1638272277e-15      2.56630356366e-15     8.92640391012e-17     
18.9096969697         -1.94580175177e-15    2.22164979884e-15     2.6205364205e-15      9.39363353475e-17     
19.0914141414         -1.99946738038e-15    2.28027078776e-15     2.67531627502e-15     9.87123468134e-17     
19.2731313131         -2.05386646171e-15    2.33969061877e-15     2.73064306337e-15     1.03592278023e-16     
19.4548484848         -2.10899904066e-15    2.39990970223e-15     2.78651672472e-15     1.08576326999e-16     
19.6365656566         -2.16486515905e-15    2.46092843512e-15     2.84293720114e-15     1.13664685518e-16     
19.8182828283         -2.22146485575e-15    2.52274720161e-15     2.89990443745e-15     1.18857539361e-16     
20                    0                     0                     0                     0                     
