0.0779191396          0                     0                     0                     0                     
0.0876272986019       0.578040197254        -0.0243324214196      0.123912560537        -0.00507551567028     
0.0973354576039       2.6681676714          -0.565673321888       0.581363932394        -0.174057890299       
0.107043616606        5.06884372597         -1.82302209678        1.07025559208         -0.587601238633       
0.116751775608        6.96870483274         -3.26884766861        1.39892996626         -1.07478144635        
0.12645993461         8.25076586963         -4.56207107624        1.56636632114         -1.51730177801        
0.136168093612        9.00823283003         -5.59025291798        1.61583513151         -1.87332346975        
0.145876252614        9.36733901324         -6.3471445461         1.58845913049         -2.13819296374        
0.155584411615        9.4408446145          -6.86582386455        1.51508223654         -2.32175135947        
0.165292570617        9.31720454023         -7.18966875177        1.41692981345         -2.438119498          
0.175000729619        9.06240248685         -7.36104272376        1.30756948859         -2.50144303608        
0.184708888621        8.72309040053         -7.41511306624        1.19526639228         -2.5236661777         
0.194417047623        8.3332591868          -7.38206768689        1.0852537229          -2.51523058882        
0.204125206625        7.91732585791         -7.28333467948        0.98046051035         -2.48349619692        
0.213833365627        7.49217749424         -7.13753493973        0.882570785978        -2.43495242346        
0.223541524629        7.06900274237         -6.95896599907        0.792244230807        -2.37462258139        
0.233249683631        6.65516498022         -6.75824175135        0.709561051311        -2.30628024022        
0.242957842633        6.25530466014         -6.54346180769        0.634242402519        -2.23280596766        
0.252666001635        5.87279915772         -6.32078713919        0.566003648832        -2.1564071579         
0.262374160637        5.50869514506         -6.09474572899        0.504195536284        -2.07870252885        
0.272082319639        5.16360985156         -5.86855717196        0.448231603302        -2.00084230586        
0.281790478641        4.83801280779         -5.64472864563        0.39764858636         -1.92373064303        
0.291498637643        4.53170925101         -5.4248287048         0.352000498412        -1.8479418327         
0.301206796645        4.24389810094         -5.21020104767        0.310725714607        -1.77396240045        
0.310914955646        3.97380777774         -5.00159059099        0.273464479975        -1.70205394333        
0.320623114648        3.72090357211         -4.79981598282        0.239815743281        -1.63251345729        
0.33033127365         3.48402166773         -4.60529757086        0.209371685996        -1.56548275651        
0.340039432652        3.26166342858         -4.4178005791         0.181678716412        -1.50093047019        
0.349747591654        3.05382331231         -4.23750877743        0.15665012746         -1.43887095625        
0.359455750656        2.85966182441         -4.06440975092        0.134065645324        -1.3793088951         
0.369163909658        2.67804371962         -3.89853327059        0.113637697265        -1.32226213709        
0.37887206866         2.50817564777         -3.7396316107         0.0951597228461       -1.26764979017        
0.388580227662        2.34924425799         -3.58763377365        0.0784210527895       -1.21544517361        
0.398288386664        2.20037805672         -3.44222097501        0.0632303475148       -1.1655377427         
0.407996545666        2.06100092867         -3.30320833173        0.0494545912079       -1.11786134295        
0.417704704668        1.93037505343         -3.17025405311        0.0369424838433       -1.0722970698         
0.42741286367         1.80788804333         -3.04313110665        0.0255648474319       -1.02876571031        
0.437121022672        1.69302201976         -2.9215004964         0.0152249429023       -0.987150561          
0.446829181674        1.58538249519         -2.80525387267        0.00587252169986      -0.947407699541       
0.456537340675        1.48399509142         -2.69399205819        -0.00272766372633     -0.909411788017       
0.466245499677        1.38878634267         -2.58734584291        -0.0105551378628      -0.873025453068       
0.475953658679        1.29954702428         -2.48515361192        -0.0176165146218      -0.838179082723       
0.485661817681        1.21592429964         -2.38735559238        -0.0239566193518      -0.804855178878       
0.495369976683        1.13726047176         -2.29362744192        -0.0297174619964      -0.772947875344       
0.505078135685        1.06346612763         -2.20393098737        -0.0348868456347      -0.74243311828        
0.514786294687        0.994113789612        -2.11805275352        -0.0395468495255      -0.713240893527       
0.524494453689        0.928873983025        -2.03586439543        -0.0437608090302      -0.685324467978       
0.534202612691        0.867552347615        -1.95699092515        -0.0475227448775      -0.6585519702         
0.543910771693        0.809780254371        -1.88145502531        -0.050922775579       -0.632935352594       
0.553618930695        0.755363202803        -1.8091143296         -0.0539966253523      -0.608423384657       
0.563327089697        0.703969116113        -1.73951299191        -0.0567798119316      -0.584862723803       
0.573035248699        0.655596654378        -1.67267510446        -0.0592553783155      -0.562250221932       
0.582743407701        0.610069475098        -1.60847688228        -0.0614550939932      -0.540548807722       
0.592451566703        0.567271870946        -1.54694594968        -0.0633709743048      -0.519761411996       
0.602159725705        0.526909604922        -1.48772558551        -0.065065075234       -0.499770074425       
0.611867884706        0.48888298557         -1.43078832015        -0.0665360785049      -0.480562434514       
0.621576043708        0.45308830617         -1.37615511615        -0.067808522401       -0.462143883235       
0.63128420271         0.419356070759        -1.32360972063        -0.0688962180714      -0.444440705641       
0.640992361712        0.387393391527        -1.27305309946        -0.0698583041479      -0.427421402305       
0.650700520714        0.35732137942         -1.2243299274         -0.0706503265116      -0.411028551887       
0.660408679716        0.329035770518        -1.17745978192        -0.0712842652615      -0.395267442995       
0.670116838718        0.302391855399        -1.13233036715        -0.0717787461166      -0.380100863614       
0.67982499772         0.277326807627        -1.08890358886        -0.0721342399697      -0.365514564481       
0.689533156722        0.253683853169        -1.04704009856        -0.0723822462897      -0.351461326956       
0.699241315724        0.231402534001        -1.00675096841        -0.0725303350037      -0.337943502691       
0.708949474726        0.210330635124        -0.967907166748       -0.0726040569106      -0.32491956048        
0.718657633728        0.190540469134        -0.930485554496       -0.0725728268562      -0.312378196748       
0.72836579273         0.171901377112        -0.894361505384       -0.0724582778385      -0.300276911172       
0.738073951732        0.154384999579        -0.859527361891       -0.0722589404276      -0.288613067012       
0.747782110734        0.137909081759        -0.825953663132       -0.071989101336       -0.277375402908       
0.757490269735        0.122413773963        -0.793513715895       -0.0716445603905      -0.26652157079        
0.767198428737        0.107802633306        -0.762244894999       -0.0712549501004      -0.256065341492       
0.776906587739        0.0940899774207       -0.732060071516       -0.0708041008537      -0.245974639357       
0.786614746741        0.0812441209951       -0.702857620323       -0.0702887138127      -0.236215091425       
0.796322905743        0.0691902132257       -0.674691127494       -0.0697215808968      -0.226804345835       
0.806031064745        0.0579024421618       -0.647520813235       -0.0691088154333      -0.217729484941       
0.815739223747        0.047336692534        -0.621311842144       -0.0684483893443      -0.208977993701       
0.825447382749        0.0373867238908       -0.595896039592       -0.0677647694105      -0.200494171008       
0.835155541751        0.0281365340711       -0.57138467107        -0.0670294396525      -0.192313360171       
0.844863700753        0.019502645772        -0.547679097506       -0.0662547749039      -0.184402806145       
0.854571859755        0.0114385583636       -0.524805329811       -0.0654553225115      -0.176771366823       
0.864280018757        0.00393472831946      -0.502675819974       -0.0646219397964      -0.169389100303       
0.873988177759        -0.00303432113588     -0.481281278591       -0.0637577914449      -0.162252528156       
0.883696336761        -0.00949559315384     -0.460594175007       -0.0628643847529      -0.155352413827       
0.893404495763        -0.0154786514041      -0.44060663924        -0.0619484367476      -0.148686139746       
0.903112654765        -0.0209701955404      -0.421265356529       -0.0609933167428      -0.14223469601        
0.912820813766        -0.0260785336071      -0.402539370743       -0.0600327385894      -0.13598903631        
0.922528972768        -0.0307428279836      -0.384447168195       -0.0590423683616      -0.129953983613       
0.93223713177         -0.0350069265738      -0.366936048893       -0.058028863267       -0.124112185823       
0.941945290772        -0.0388901451501      -0.349999511256       -0.056995554881       -0.118461206838       
0.951653449774        -0.0424046713623      -0.333583526818       -0.0559372282927      -0.112982753516       
0.961361608776        -0.0455673313411      -0.317686971956       -0.0548575324038      -0.107676334076       
0.971069767778        -0.0483869925818      -0.30225559846        -0.0537496928094      -0.102523633427       
0.98077792678         -0.0508411991078      -0.287096074488       -0.0525815932491      -0.0974587854872      
0.990486085782        -0.0528339695789      -0.271669026363       -0.0512514559328      -0.0922983871237      
1.00019424478         -0.054543403447       -0.256932097389       -0.0499359347517      -0.0873673588048      
1.00990240379         -0.0559856428478      -0.24284409506        -0.0486333764529      -0.0826518850547      
1.01961056279         -0.0571760625096      -0.229373278456       -0.0473431437132      -0.0781412260707      
1.02931872179         -0.0581285391677      -0.2164845064         -0.0460633694936      -0.0738236707759      
1.03902688079         -0.0588720283853      -0.204201464227       -0.0448051351151      -0.0697075115951      
1.04873503979         -0.0593777112686      -0.192344644888       -0.0435351490814      -0.0657315039784      
1.0584431988          -0.0596988793563      -0.1810478831         -0.0422862493614      -0.0619414348311      
1.0681513578          -0.0598304682672      -0.170228031699       -0.0410447232324      -0.0583090891152      
1.0778595168          -0.0597886272493      -0.159878519381       -0.0398138949481      -0.0548323805171      
1.0875676758          -0.0595787385111      -0.149973837342       -0.0385911282758      -0.0515027791275      
1.0972758348          -0.0592168322017      -0.140509329166       -0.037379944583       -0.0483188003548      
1.10698399381         -0.0587036531668      -0.131446518845       -0.0361749396271      -0.0452673638697      
1.11669215281         -0.0580547687623      -0.12278701257        -0.0349802140722      -0.0423491291412      
1.12640031181         -0.0572805606835      -0.114515253198       -0.0337960981697      -0.0395590621318      
1.13610847081         -0.0563760086861      -0.10661818797        -0.0326181478883      -0.0368925395575      
1.14581662981         -0.0553578830607      -0.0990740846478      -0.0314487525464      -0.0343425213222      
1.15552478881         -0.0542317155004      -0.0918829678278      -0.0302881942518      -0.031908955739       
1.16523294782         -0.0530039942854      -0.0850273405434      -0.0291360339163      -0.0295860090429      
1.17494110682         -0.051681445298       -0.0784999077749      -0.0279924097864      -0.0273713386884      
1.18464926582         -0.0502710945793      -0.0722925632569      -0.0268577784011      -0.0252622756529      
1.19435742482         -0.0487730595793      -0.0663906575458      -0.0257293726754      -0.023253867906       
1.20406558382         -0.0471983154203      -0.0607912305071      -0.024609740277       -0.0213452405444      
1.21377374283         -0.0455508118288      -0.0554871058185      -0.0234981532644      -0.0195340004799      
1.22348190183         -0.0438352979898      -0.0504688022495      -0.02239415626        -0.017817046967       
1.23319006083         -0.0420600954474      -0.045735072132       -0.0212994330865      -0.0161940933217      
1.24289821983         -0.0402274244732      -0.0412761960196      -0.020212569146       -0.0146619117266      
1.25260637883         -0.0383473017582      -0.0370919279862      -0.0191358448576      -0.0132205472169      
1.26231453784         -0.036423676278       -0.0331765548932      -0.0180687048413      -0.0118681897498      
1.27202269684         -0.0344647384465      -0.0295246720973      -0.0170125467516      -0.0106031571595      
1.28173085584         -0.0324784328599      -0.0261358821001      -0.015968607353       -0.00942550171711     
1.29143901484         -0.0304760860038      -0.0230078942299      -0.0149397032982      -0.00833470111432     
1.30114717384         -0.0284677468436      -0.020137048386       -0.0139278506962      -0.00732974929486     
1.31085533285         -0.0264637784402      -0.0175183938577      -0.0129351645745      -0.0064092505597      
1.32056349185         -0.0244785853398      -0.0151486415654      -0.0119655870614      -0.00557243531521     
1.33027165085         -0.0225266754293      -0.0130205643515      -0.0110231003405      -0.00481724426731     
1.33997980985         -0.0206205160718      -0.011124841723       -0.0101107317598      -0.00414087519428     
1.34968796885         -0.0187751635301      -0.00945090226768     -0.00923290878228     -0.00354016218705     
1.35939612786         -0.0170045681258      -0.00798558264976     -0.00839379500619     -0.00301104861667     
1.36910428686         -0.0153201055961      -0.00671324044965     -0.00759668038421     -0.00254858349308     
1.37881244586         -0.0137297620117      -0.0056161946976      -0.00684364065064     -0.0021470549178      
1.38852060486         -0.0122418973208      -0.00467735337231     -0.00613744645788     -0.00180093808758     
1.39822876386         -0.0108584856367      -0.00387800958034     -0.0054781870293      -0.00150402346421     
1.40793692287         -0.00958035700695     -0.00320078478357     -0.00486580982571     -0.00125050853622     
1.41764508187         -0.00840677392179     -0.00262959256166     -0.00429985106288     -0.00103497862085     
1.42735324087         -0.00733507181315     -0.00214972066382     -0.00377916060314     -0.000852429289615    
1.43706139987         -0.0063610046805      -0.00174791427159     -0.00330199434327     -0.000698306626076    
1.44676955887         -0.00547928905113     -0.00141248025629     -0.00286620408316     -0.000568552482372    
1.45647771787         -0.00468501177419     -0.00113351047534     -0.00246991391185     -0.000459712067711    
1.46618587688         -0.00397242079808     -0.00090228954673     -0.00211084997847     -0.000368712675391    
1.47589403588         -0.00333569787635     -0.000711348866449    -0.00178670245749     -0.000292896737885    
1.48560219488         -0.00276979064637     -0.00055445896012     -0.00149554654171     -0.000230037311257    
1.49531035388         -0.00226907107066     -0.000426160417997    -0.0012351126845      -0.000178157184746    
1.50501851288         -0.00182871138228     -0.000321914143444    -0.00100351295655     -0.000135603374926    
1.51472667189         -0.00144414880105     -0.000237851883134    -0.000798952956804    -0.00010095384136     
1.52443483089         -0.00111099020274     -0.000170664634555    -0.000619676231337    -7.29801962191e-05    
1.53414298989         -0.000825507384309    -0.000117583739345    -0.000464240095929    -5.06470550681e-05    
1.54385114889         -0.000584360743289    -7.62496355795e-05    -0.000331370437875    -3.30631373999e-05    
1.55355930789         -0.00038470194118     -4.46554075235e-05    -0.000220026039403    -1.94630368593e-05    
1.5632674669          -0.000224421950773    -2.10999257151e-05    -0.000129551398742    -9.19164490261e-06    
1.5729756259          -0.000102646195305    -4.14468050647e-06    -5.99823291069e-05    -1.68958141436e-06    
1.5826837849          -2.12573946881e-05    7.43542075974e-06     -1.29751789946e-05    3.52487826418e-06     
1.5926837849          3.40099111491e-06     2.65952311818e-05     3.99615522721e-05     -1.52612383907e-05    
1.59290600712         3.43141568107e-06     2.76958261081e-05     3.98993944729e-05     -1.4619820858e-05     
1.59312822934         3.46140519049e-06     2.88188442288e-05     3.98385181055e-05     -1.39640804124e-05    
1.59335045157         3.49094339412e-06     2.99633800384e-05     3.97785759905e-05     -1.32943960864e-05    
1.59357267379         3.52003217126e-06     3.11287249321e-05     3.97194500929e-05     -1.26111946529e-05    
1.59379489601         3.54868154058e-06     3.23142922921e-05     3.96611271429e-05     -1.19149012483e-05    
1.59401711823         3.57695802928e-06     3.35200706766e-05     3.96042274546e-05     -1.12060878238e-05    
1.59423934046         3.60473043801e-06     3.47442449666e-05     3.95471858218e-05     -1.0484672983e-05     
1.59446156268         3.63205121381e-06     3.59867065303e-05     3.94904957417e-05     -9.75116961898e-06    
1.5946837849          3.65909862589e-06     3.72487083659e-05     3.94359936838e-05     -9.00633865169e-06    
1.6046837849          4.50285851152e-06     0.000107666131157     3.72993356358e-05     3.3441645717e-05      
1.61387718525         4.77774564045e-06     0.000186777045542     3.55688965327e-05     8.22562695325e-05     
1.6230705856          4.71580173232e-06     0.000272845193881     3.39246550803e-05     0.000136322389983     
1.63226398595         4.41607390953e-06     0.000362288243118     3.23370715707e-05     0.000193454413072     
1.6414573863          3.95398333593e-06     0.000452839088696     3.08033251908e-05     0.000252238069945     
1.65065078666         3.38672071192e-06     0.00054287271598      2.93208801162e-05     0.000311638146053     
1.65984418701         2.75892812129e-06     0.000631256279524     2.78930295347e-05     0.000370904409547     
1.66903758736         2.10527191999e-06     0.000717262704547     2.65262598376e-05     0.000429526691294     
1.67823098771         1.45157761887e-06     0.00080021557867      2.52188555132e-05     0.000487025892529     
1.68742438806         8.17978563632e-07     0.000879988518483     2.39807155055e-05     0.000543256451924     
1.69661778841         2.19783980113e-07     0.000961878264201     2.29430745653e-05     0.000601471858946     
1.70581118876         -3.41087970305e-07    0.00104218280782      2.19838850366e-05     0.000659395407342     
1.71500458911         -8.56867245451e-07    0.00111864364396      2.10549804554e-05     0.000715560996545     
1.72419798947         -1.32094109926e-06    0.00119108411363      2.01607629176e-05     0.000769789312313     
1.73339138982         -1.7290931635e-06     0.00125933585606      1.93032317714e-05     0.000821906215305     
1.74258479017         -2.07903205526e-06    0.0013232609449       1.84832029815e-05     0.000871756589865     
1.75177819052         -2.37003521994e-06    0.00138275533392      1.77007534223e-05     0.000919206944654     
1.76097159087         -2.60266550686e-06    0.00143774673651      1.6955438143e-05      0.000964144257907     
1.77016499122         -2.77852268459e-06    0.00148819137331      1.62464257885e-05     0.00100647429803      
1.77935839157         -2.90003173622e-06    0.00153407153717      1.55725934764e-05     0.00104612057228      
1.78855179192         -2.97026861164e-06    0.00157539231583      1.49325965911e-05     0.00108302244924      
1.79774519227         -2.99280307761e-06    0.00161217884978      1.43249269321e-05     0.00111713369169      
1.80693859263         -2.97156487145e-06    0.00164447456239      1.37479601034e-05     0.00114842153138      
1.81613199298         -2.9107308967e-06     0.001672338594        1.31999943715e-05     0.00117686523373      
1.82532539333         -2.81462906221e-06    0.00169584398831      1.26792831797e-05     0.00120245513211      
1.83451879368         -2.68765325305e-06    0.00171507637832      1.21840635757e-05     0.00122519193746      
1.84371219403         -2.53419153337e-06    0.00173013212276      1.17125800569e-05     0.00124508566235      
1.85290559438         -2.35856951066e-06    0.00174111705909      1.1263103229e-05      0.00126215484892      
1.86209899473         -2.16499569558e-06    0.00174814550731      1.08339478631e-05     0.00127642610941      
1.87129239508         -1.95752054091e-06    0.00175133893922      1.04234863533e-05     0.00128793332268      
1.88048579543         -1.74000615227e-06    0.00175082504764      1.00301585945e-05     0.00129671702309      
1.88967919579         -1.5160955832e-06     0.00174673685009      9.65248211007e-06     0.00130282391593      
1.89887259614         -1.28919095475e-06    0.00173921187155      9.28905923573e-06     0.00130630640775      
1.90806599649         -1.06243885766e-06    0.00172839143229      8.938581863e-06       0.0013072220947       
1.91725939684         -8.38718579512e-07    0.00171441980055      8.59983529335e-06     0.00130563323204      
1.92645279719         -6.20633402146e-07    0.00169744372284      8.27170109497e-06     0.0013016064871       
1.93564619754         -4.10507051463e-07    0.00167761188081      7.95315822868e-06     0.00129521255379      
1.94483959789         -2.1038400265e-07     0.00165507413635      7.64328289565e-06     0.00128652560177      
1.95403299824         -2.20306076198e-08    0.00162998120396      7.34124813697e-06     0.0012756230795       
1.9632263986          1.53060771825e-07     0.00160248426737      7.04632242943e-06     0.00126258546253      
1.97241979895         3.1366420414e-07      0.00157273439498      6.75786712607e-06     0.00124749580525      
1.9816131993          4.58812733978e-07     0.00154088224962      6.47533394535e-06     0.00123043949348      
1.99080659965         5.87788589827e-07     0.00150707779776      6.19826167931e-06     0.00121150405042      
2                     7.00110926205e-07     0.00147146988518      5.9262720648e-06      0.00119077880938      
2.01                  8.03085895788e-07     0.0014308624746       5.63584240081e-06     0.00116630930925      
2.19171717172         1.54786155012e-07     0.000554609939332     1.37522069694e-06     0.000514975882756     
2.37343434343         1.21295861644e-06     5.25906011979e-09     1.30978799286e-06     -2.66895405367e-08    
2.55515151515         0.000445957535826     6.23373931679e-06     0.00053795733548      -2.4364755333e-05     
2.73686868687         0.000924267742684     2.69281268931e-05     0.00123922482103      -8.12206130382e-05    
2.91858585859         0.0011468710915       5.77134456239e-05     0.00170431827985      -0.000140347573793    
3.1003030303          0.00109802420813      8.58592478324e-05     0.00180684472755      -0.000174473073356    
3.28202020202         0.000879778546275     9.99498544846e-05     0.00160365962553      -0.000174210999373    
3.46373737374         0.000611986571512     9.6513177772e-05      0.00123758083841      -0.000147210516466    
3.64545454545         0.000377006841428     7.99296627744e-05     0.000847944081373     -0.000108383727996    
3.82717171717         0.000208167126089     5.79925973929e-05     0.00052260151877      -7.07816480609e-05    
4.00888888889         0.000103818532943     3.74002712775e-05     0.000292300225376     -4.15062189954e-05    
4.19060606061         4.7000128548e-05      2.16628707289e-05     0.000149309231209     -2.20446865009e-05    
4.37232323232         1.93729424637e-05     1.1355884563e-05      6.99770366695e-05     -1.06728813925e-05    
4.55404040404         7.28079982014e-06     5.41881109077e-06     3.01964463812e-05     -4.73214031316e-06    
4.73575757576         2.49461614139e-06     2.36430792326e-06     1.20297116907e-05     -1.92845842639e-06    
4.91747474747         7.77822038418e-07     9.46547412367e-07     4.43366971795e-06     -7.2438413563e-07     
5.09919191919         2.1979446348e-07      3.48683966215e-07     1.51426134828e-06     -2.51366093572e-07    
5.28090909091         5.58492671904e-08     1.18455247866e-07     4.79896480958e-07     -8.07245868188e-08    
5.46262626263         1.25737785779e-08     3.71804060849e-08     1.41278739572e-07     -2.4027243235e-08     
5.64434343434         2.43275753662e-09     1.07988925494e-08     3.86705308606e-08     -6.63631875873e-09    
5.82606060606         3.7439163022e-10      2.90609296034e-09     9.84881927759e-09     -1.70265612846e-09    
6.00777777778         3.3227386098e-11      7.25402372043e-10     2.33541020769e-09     -4.06127072801e-10    
6.18949494949         -4.3978051568e-12     1.68109368377e-10     5.15885090873e-10     -9.01248836064e-11    
6.37121212121         -3.21936193827e-12    3.6199048264e-11      1.06207855852e-10     -1.86185373372e-11    
6.55292929293         -1.0437373375e-12     7.24775930883e-12     2.03871633939e-11     -3.58265256311e-12    
6.73464646465         -2.60020096566e-13    1.35018823095e-12     3.65027632415e-12     -6.42456881155e-13    
6.91636363636         -5.51034395446e-14    2.33857959344e-13     6.09045992551e-13     -1.07273634852e-13    
7.09808080808         -1.04019112939e-14    3.79701674421e-14     9.54574641622e-14     -1.68139252071e-14    
7.2797979798          -1.80216212237e-15    5.84725786636e-15     1.42172834171e-14     -2.50274397419e-15    
7.46151515152         -2.47822019065e-16    7.31151720733e-16     1.72238181179e-15     -3.02846610857e-16    
7.64323232323         -6.37801955463e-17    1.73962133488e-16     3.97681143786e-16     -6.9807145608e-17     
7.82494949495         -7.47142937971e-17    1.90768442423e-16     4.2383074742e-16      -7.4238524123e-17     
8.00666666667         -8.63749253173e-17    2.08471476234e-16     4.50751799173e-16     -7.87528869857e-17    
8.18838383838         -9.87657875425e-17    2.27079500346e-16     4.78442339989e-16     -8.33467177259e-17    
8.3701010101          -1.1189019833e-16     2.4660022533e-16      5.06900603386e-16     -8.80166840776e-17    
8.55181818182         -1.25751139226e-16    2.67040851809e-16     5.36124996913e-16     -9.2759627202e-17     
8.73353535354         -1.40351293235e-16    2.88408111216e-16     5.66114086616e-16     -9.75725514345e-17    
8.91525252525         -1.5569307786e-16     3.10708302824e-16     5.9686658592e-16      -1.02452614572e-16    
9.09696969697         -1.71778674075e-16    3.33947327411e-16     6.28381356585e-16     -1.07397118703e-16    
9.27868686869         -1.88610051768e-16    3.58130717911e-16     6.60657547291e-16     -1.12403586586e-16    
9.4604040404          -2.0618899214e-16     3.83263667338e-16     6.93693737034e-16     -1.17470015106e-16    
9.64212121212         -2.24517107463e-16    4.09351054255e-16     7.27488996653e-16     -1.22593613862e-16    
9.82383838384         -2.43595858526e-16    4.36397466032e-16     7.62042627521e-16     -1.27772180884e-16    
10.0055555556         -2.63426570093e-16    4.64407220104e-16     7.97353937352e-16     -1.33003620285e-16    
10.1872727273         -2.84010444596e-16    4.93384383424e-16     8.33422288939e-16     -1.38285936012e-16    
10.368989899          -3.05348574307e-16    5.23332790273e-16     8.70247102163e-16     -1.43617225999e-16    
10.5507070707         -3.27441952162e-16    5.54256058606e-16     9.07827850885e-16     -1.48995676701e-16    
10.7324242424         -3.50291481412e-16    5.86157605039e-16     9.46164058887e-16     -1.54419557984e-16    
10.9141414141         -3.73897984233e-16    6.19040658634e-16     9.85255295747e-16     -1.59887218346e-16    
11.0958585859         -3.98262209421e-16    6.5290827357e-16      1.02510117293e-15     -1.65397080447e-16    
11.2775757576         -4.2338483929e-16     6.87763340811e-16     1.06570134018e-15     -1.70947636938e-16    
11.4592929293         -4.49266495841e-16    7.23608598863e-16     1.10705548217e-15     -1.76537446549e-16    
11.641010101          -4.75907746314e-16    7.6044664369e-16      1.14916331548e-15     -1.82165130435e-16    
11.8227272727         -5.03309108172e-16    7.98279937883e-16     1.19202458584e-15     -1.87829368756e-16    
12.0044444444         -5.31471053586e-16    8.37110819121e-16     1.23563906559e-15     -1.93528897472e-16    
12.1861616162         -5.60394013482e-16    8.76941508009e-16     1.2800065514e-15      -1.99262505348e-16    
12.3678787879         -5.90078381188e-16    9.17774115334e-16     1.32512686219e-15     -2.05029031137e-16    
12.5495959596         -6.2052451573e-16     9.59610648787e-16     1.3709998372e-15      -2.10827360952e-16    
12.7313131313         -6.51732744816e-16    1.0024530192e-15      1.41762533427e-15     -2.16656425789e-16    
12.913030303          -6.83703367534e-16    1.04630304635e-15     1.46500322829e-15     -2.22515199214e-16    
13.0947474747         -7.16436656799e-16    1.09116246431e-15     1.51313340969e-15     -2.28402695182e-16    
13.2764646465         -7.49932861574e-16    1.13703292649e-15     1.56201578322e-15     -2.34317965994e-16    
13.4581818182         -7.84192208886e-16    1.1839160103e-15      1.61165026663e-15     -2.40260100379e-16    
13.6398989899         -8.1921490566e-16     1.23181322144e-15     1.66203678967e-15     -2.46228221682e-16    
13.8216161616         -8.5500114039e-16     1.280725998e-15       1.71317529305e-15     -2.52221486168e-16    
14.0033333333         -8.91551084656e-16    1.33065571422e-15     1.7650657275e-15      -2.58239081422e-16    
14.1850505051         -9.28864894509e-16    1.38160368401e-15     1.81770805294e-15     -2.64280224845e-16    
14.3667676768         -9.66942711743e-16    1.43357116424e-15     1.87110223774e-15     -2.7034416223e-16     
14.5484848485         -1.00578466504e-15    1.48655935786e-15     1.92524825794e-15     -2.76430166426e-16    
14.7302020202         -1.04539087104e-15    1.54056941672e-15     1.98014609669e-15     -2.82537536079e-16    
14.9119191919         -1.08576143528e-15    1.59560244431e-15     2.03579574357e-15     -2.88665594437e-16    
15.0936363636         -1.12689645313e-15    1.65165949832e-15     2.09219719409e-15     -2.94813688226e-16    
15.2753535354         -1.16879601053e-15    1.70874159293e-15     2.14935044918e-15     -3.00981186589e-16    
15.4570707071         -1.21146018481e-15    1.76684970112e-15     2.20725551472e-15     -3.07167480081e-16    
15.6387878788         -1.25488904531e-15    1.82598475672e-15     2.26591240111e-15     -3.1337197972e-16     
15.8205050505         -1.29908265404e-15    1.88614765637e-15     2.3253211229e-15      -3.19594116087e-16    
16.0022222222         -1.34404106625e-15    1.94733926141e-15     2.38548169841e-15     -3.25833338476e-16    
16.1839393939         -1.38976433094e-15    2.00956039955e-15     2.44639414939e-15     -3.32089114089e-16    
16.3656565657         -1.43625249138e-15    2.07281186658e-15     2.50805850074e-15     -3.3836092727e-16     
16.5473737374         -1.48350558554e-15    2.13709442786e-15     2.57047478021e-15     -3.44648278785e-16    
16.7290909091         -1.53152364647e-15    2.20240881979e-15     2.63364301816e-15     -3.50950685132e-16    
16.9108080808         -1.58030670274e-15    2.26875575118e-15     2.69756324728e-15     -3.57267677892e-16    
17.0925252525         -1.62985477876e-15    2.33613590455e-15     2.76223550244e-15     -3.63598803109e-16    
17.2742424242         -1.6801678951e-15     2.40454993733e-15     2.8276598204e-15      -3.699436207e-16      
17.455959596          -1.73124606878e-15    2.47399848304e-15     2.8938362397e-15      -3.76301703904e-16    
17.6376767677         -1.78308931358e-15    2.54448215236e-15     2.96076480042e-15     -3.82672638743e-16    
17.8193939394         -1.83569764026e-15    2.61600153416e-15     3.0284455441e-15      -3.8905602352e-16     
18.0011111111         -1.88907105681e-15    2.68855719648e-15     3.09687851351e-15     -3.95451468341e-16    
18.1828282828         -1.94320956866e-15    2.76214968747e-15     3.16606375258e-15     -4.01858594653e-16    
18.3645454545         -1.9981131789e-15     2.83677953623e-15     3.23600130624e-15     -4.08277034813e-16    
18.5462626263         -2.05378188844e-15    2.91244725366e-15     3.30669122031e-15     -4.14706431668e-16    
18.727979798          -2.1102156962e-15     2.98915333326e-15     3.37813354142e-15     -4.21146438163e-16    
18.9096969697         -2.16741459926e-15    3.06689825182e-15     3.45032831689e-15     -4.27596716964e-16    
19.0914141414         -2.22537859302e-15    3.14568247018e-15     3.52327559464e-15     -4.34056940092e-16    
19.2731313131         -2.28410767132e-15    3.2255064339e-15      3.59697542315e-15     -4.40526788588e-16    
19.4548484848         -2.34360182658e-15    3.30637057384e-15     3.67142785134e-15     -4.47005952178e-16    
19.6365656566         -2.40386104991e-15    3.38827530685e-15     3.74663292856e-15     -4.53494128962e-16    
19.8182828283         -2.46488533124e-15    3.47122103627e-15     3.82259070451e-15     -4.59991025117e-16    
20                    0                     0                     0                     0                     
