0.0779191396          0                     0                     0                     0                     
0.0876191088244       0.529649685149        -0.140486061142       0.115463074257        -0.0391213778478      
0.0973190780489       2.17778846385         -1.03312966601        0.458696877801        -0.30638583058        
0.107019047273        3.89645481744         -2.41326510285        0.769168741407        -0.732951325184       
0.116719016498        5.22454186536         -3.77798662632        0.961152381114        -1.16233901124        
0.126418985722        6.10933125881         -4.90884895139        1.04743040167         -1.52273427356        
0.136118954947        6.61818071852         -5.75749999181        1.05860697132         -1.79621307471        
0.145818924171        6.8418340553          -6.34542719182        1.02221127392         -1.98785547868        
0.155518893396        6.86131976912         -6.71688896836        0.958340893854        -2.11072066521        
0.16521886262         6.73946668138         -6.9176741091         0.880284273893        -2.17887739184        
0.174918831844        6.5240898005          -6.98851563913        0.796710030304        -2.20507112093        
0.184618801069        6.24920032844         -6.96204978021        0.712869784295        -2.19967401065        
0.194318770293        5.94006289729         -6.86493412181        0.63203240873         -2.1712092964         
0.204018739518        5.61401874036         -6.71725958999        0.555974304013        -2.1261108522         
0.213718708742        5.28310944449         -6.53479329342        0.485569574491        -2.0694887732         
0.223418677967        4.95548546307         -6.32922840816        0.421121391958        -2.00514887113        
0.233118647191        4.63650715466         -6.10931353594        0.362569399116        -1.93595331708        
0.242818616416        4.32944089261         -5.88173373211        0.309613160622        -1.86409001913        
0.25251858564         4.03664979275         -5.65133462011        0.261963195133        -1.79115774531        
0.262218554864        3.75896690655         -5.4213868892         0.219167428235        -1.71823571358        
0.271918524089        3.49686514162         -5.19463863379        0.180796444294        -1.64623658297        
0.281618493313        3.25047856349         -4.9727959353         0.146483865154        -1.57573057298        
0.291318462538        3.019448838           -4.75712053455        0.115830106653        -1.50714392614        
0.301018431762        2.803091342           -4.54839817673        0.0884534490463       -1.44073498119        
0.310718400987        2.60105926215         -4.34749637856        0.0640443273093       -1.37679458633        
0.320418370211        2.41184547418         -4.15407130755        0.0421562698947       -1.31525130473        
0.330118339436        2.23556000048         -3.96834335527        0.0227128476275       -1.25614525562        
0.33981830866         2.07150803368         -3.79075263698        0.00547999178505      -1.19962952543        
0.349518277884        1.91853695039         -3.6204407157         -0.00983784210482     -1.14544658338        
0.359218247109        1.77609703584         -3.45804472997        -0.0234205049092      -1.09379144908        
0.368918216333        1.64345621152         -3.30303082317        -0.0354506437884      -1.04449940219        
0.378618185558        1.51988941042         -3.15511931559        -0.0460886776517      -0.997482710924       
0.388318154782        1.40472967398         -3.01407974034        -0.0555092884461      -0.952668837711       
0.398018124007        1.29747771711         -2.87962716983        -0.063814581937       -0.909964671745       
0.407718093231        1.19719294527         -2.75134449993        -0.0712038168353      -0.869241292923       
0.417418062456        1.10376410176         -2.62883544228        -0.0776914429406      -0.830369171966       
0.42711803168         1.01688817771         -2.51195217482        -0.0833057635565      -0.793296710505       
0.436818000904        0.935931499835        -2.40072620668        -0.0881886490524      -0.758035760268       
0.446517970129        0.860552841591        -2.29415989696        -0.0923695339359      -0.724267821549       
0.456217939353        0.790282568855        -2.19277011591        -0.09596471683        -0.692155095705       
0.465917908578        0.724771193721        -2.0960710285         -0.0990219375731      -0.661545406797       
0.475617877802        0.663673918737        -2.00378373322        -0.101607366612       -0.63234518676        
0.485317847027        0.606448104899        -1.91559310458        -0.10381478925        -0.604459600131       
0.495017816251        0.553227623116        -1.83132309102        -0.105590068605       -0.577823806967       
0.504717785476        0.503638159025        -1.75078793484        -0.106992693848       -0.552381233089       
0.5144177547          0.457374768558        -1.67386400188        -0.108079813078       -0.528091734102       
0.524117723924        0.414250547584        -1.60031133479        -0.108866901861       -0.504877733275       
0.533817693149        0.374039773317        -1.53003138715        -0.109397480802       -0.482707322804       
0.543517662373        0.336442283356        -1.46275817546        -0.109715338322       -0.461498278903       
0.553217631598        0.301443163434        -1.39833429577        -0.109804719855       -0.441194579671       
0.562917600822        0.268893580811        -1.33664432635        -0.109684362604       -0.421760409424       
0.572617570047        0.238541642339        -1.27761666965        -0.109380706886       -0.403173526781       
0.582317539271        0.210356159547        -1.221239489          -0.108906314071       -0.385427248341       
0.592017508496        0.183946858411        -1.16696375252        -0.108329299519       -0.368352159529       
0.60171747772         0.159443135199        -1.11506527044        -0.107605801386       -0.352029397856       
0.611417446944        0.136662269178        -1.06527576613        -0.106756289801       -0.33637662956        
0.621117416169        0.115548455572        -1.01757082424        -0.105786726645       -0.321383658142       
0.630817385393        0.0958893277405       -0.971842470328       -0.10473787318        -0.307016896367       
0.640517354618        0.0776364810479       -0.927941586812       -0.103603834578       -0.293228343982       
0.650217323842        0.0607436626316       -0.885793194252       -0.102379819928       -0.279994160687       
0.659917293067        0.0451155654927       -0.845397239958       -0.101087963296       -0.267313606147       
0.669617262291        0.0306423234339       -0.806514370487       -0.0997320727336      -0.255111524444       
0.679317231516        0.0172866448071       -0.769332296972       -0.0983208325981      -0.243444621532       
0.68901720074         0.00496975653862      -0.733536317306       -0.0968551309663      -0.232215295646       
0.698717169964        -0.00637135875819     -0.699182639929       -0.095347361944       -0.221440517419       
0.708417139189        -0.0167742510589      -0.666153127559       -0.0937896271163      -0.211081897703       
0.718117108413        -0.0263129349865      -0.634440326772       -0.0921984948791      -0.201137345589       
0.727817077638        -0.0350346449185      -0.603966588263       -0.0905748836786      -0.191581783458       
0.737517046862        -0.0429797704121      -0.574678323696       -0.0889203368311      -0.182398496151       
0.747217016087        -0.0501898739631      -0.546494895183       -0.0872328307346      -0.173561768139       
0.756916985311        -0.0567317299821      -0.519491813003       -0.0855393457279      -0.165095311537       
0.766616954536        -0.0626039310512      -0.49349014107        -0.0838124874774      -0.156941612814       
0.77631692376         -0.067872857462       -0.468506934407       -0.0820715033824      -0.149106722794       
0.786016892984        -0.0725716961563      -0.444485664314       -0.0803167411547      -0.141572500048       
0.795716862209        -0.0767206346098      -0.421397357128       -0.0785476870688      -0.134329657628       
0.805416831433        -0.0803581834715      -0.399207365074       -0.0767685345837      -0.127366985241       
0.815116800658        -0.0835100512066      -0.377876437287       -0.0749798465078      -0.120671940232       
0.824816769882        -0.0862028395923      -0.357368444911       -0.0731829084781      -0.114233393504       
0.834516739107        -0.0884585452751      -0.337652595412       -0.0713783955448      -0.108041298775       
0.844216708331        -0.0903015098083      -0.3187099239         -0.0695672194234      -0.102089379416       
0.853916677556        -0.0917576572235      -0.30051968328        -0.067754491753       -0.0963715825279      
0.86361664678         -0.0928432405587      -0.283032733291       -0.0659358184579      -0.0908718406047      
0.873316616004        -0.0935801422025      -0.266240009344       -0.0641149067483      -0.0855874429566      
0.883016585229        -0.0939842912667      -0.250109269831       -0.0622909178304      -0.0805082702547      
0.892716554453        -0.0940724150127      -0.234628411007       -0.0604649040924      -0.0756302365036      
0.902416523678        -0.0938605642437      -0.219764012144       -0.0586365218071      -0.0709428974744      
0.912116492902        -0.093362984837       -0.205510592216       -0.0568063775308      -0.0664444783749      
0.921816462127        -0.0925987224644      -0.191838612251       -0.0549757821032      -0.062125630798       
0.931516431351        -0.0915747753445      -0.178731077189       -0.0531427505371      -0.0579810009277      
0.941216400576        -0.0903005471797      -0.166172612457       -0.0513059596632      -0.05400561673        
0.9509163698          -0.0887961943687      -0.154157864061       -0.0494695761045      -0.0501979139539      
0.960616339024        -0.0870636844292      -0.142656733263       -0.0476283773067      -0.0465482782161      
0.970316308249        -0.0851053840082      -0.13164856919        -0.0457783092332      -0.0430499515768      
0.980016277473        -0.0828959244255      -0.121066013509       -0.0438998406876      -0.0396811494326      
0.989716246698        -0.080294706921       -0.110711976888       -0.0419165471475      -0.0363769442075      
0.999416215922        -0.07750864292        -0.100878260985       -0.0399333038693      -0.0332328666502      
1.00911618515         -0.0746336152378      -0.0916565865463      -0.0379936283505      -0.0302795982776      
1.01881615437         -0.0716550153232      -0.0829956885042      -0.0360836687859      -0.027500511616       
1.0285161236          -0.0685825985103      -0.0748755286208      -0.0342020971837      -0.0248893640142      
1.03821609282         -0.0654181737174      -0.06726981873        -0.0323441304365      -0.0224378588611      
1.04791606204         -0.0622010014954      -0.0601938159264      -0.0305237976223      -0.0201515030557      
1.05761603127         -0.0589148208571      -0.0536047045608      -0.0287272641226      -0.0180163620487      
1.06731600049         -0.0555833127965      -0.0475017946096      -0.026960743287       -0.0160327253727      
1.07701596972         -0.0522248025411      -0.0418765904972      -0.0252274873501      -0.0141981855619      
1.08671593894         -0.0488523538574      -0.0367158404156      -0.0235282571741      -0.0125088517401      
1.09641590817         -0.0454922691116      -0.0320140654613      -0.0218698746923      -0.0109635233143      
1.10611587739         -0.0421619173238      -0.0277565266822      -0.0202548316334      -0.00955795861276     
1.11581584662         -0.0388837457818      -0.0239286311283      -0.0186880284011      -0.00828808156489     
1.12551581584         -0.035681181476       -0.0205138610787      -0.0171749700688      -0.00714924547259     
1.13521578506         -0.0325797257952      -0.0174932739353      -0.0157223239667      -0.00613610488769     
1.14491575429         -0.0295970918008      -0.014840538951       -0.0143335062622      -0.00524084199502     
1.15461572351         -0.0267552730238      -0.0125300930414      -0.0130146208845      -0.00445597177871     
1.16431569274         -0.024068211806       -0.0105317299566      -0.0117687252196      -0.00377239312174     
1.17401566196         -0.0215487284705      -0.00881508571246     -0.0105991597679      -0.00318089819525     
1.18371563119         -0.0192017977936      -0.00734836169099     -0.00950635634768     -0.00267167038254     
1.19341560041         -0.0170302141402      -0.00610147548808     -0.00849046843894     -0.00223535442733     
1.20311556964         -0.0150322556312      -0.00504584510768     -0.00755013953919     -0.00186296814265     
1.21281553886         -0.0132043623438      -0.00415566214824     -0.00668366900822     -0.00154634007273     
1.22251550808         -0.0115393404105      -0.00340726064442     -0.00588794571677     -0.00127788163996     
1.23221547731         -0.0100296089786      -0.00278008347214     -0.00515997018921     -0.00105096280548     
1.24191544653         -0.00866612214915     -0.00225603917346     -0.00449617158742     -0.000859690885657    
1.25161541576         -0.00743930489094     -0.00181945288638     -0.00389282027075     -0.000698915071563    
1.26131538498         -0.0063398832341      -0.00145697320282     -0.00334635631121     -0.000564214685559    
1.27101535421         -0.00535833895358     -0.00115707345769     -0.0028530849883      -0.000451737927082    
1.28071532343         -0.00448551755414     -0.000909954612504    -0.0024094442934      -0.000358181621989    
1.29041529266         -0.00371315663043     -0.000707360581899    -0.00201227398931     -0.000280743348005    
1.30011526188         -0.00303261757878     -0.000542109112907    -0.00165812074734     -0.000216954153943    
1.3098152311          -0.00243664132352     -0.00040825666772     -0.0013441796843      -0.000164761219031    
1.31951520033         -0.00191831785545     -0.000300710719314    -0.00106774135519     -0.000122386620235    
1.32921516955         -0.00147129578977     -0.000215144975348    -0.000826308236564    -8.83056687508e-05    
1.33891513878         -0.00108990484509     -0.000147896646779    -0.000617670025626    -6.12156653624e-05    
1.348615108           -0.000769098158039    -9.58496608484e-05    -0.000439882422003    -3.9996845854e-05     
1.35831507723         -0.000504637247871    -5.63649394927e-05    -0.00029138604578     -2.36913578428e-05    
1.36801504645         -0.000293316288905    -2.72092481856e-05    -0.000171155550156    -1.14805217248e-05    
1.37771501568         -0.000133427417481    -6.48043579274e-06    -7.90018257146e-05    -2.65883185025e-06    
1.3874149849          -2.70032957972e-05    7.4227203519e-06      -1.69551921019e-05    3.37440058006e-06     
1.3974149849          5.45266514978e-06     3.11844860416e-05     3.73020057441e-06     2.15112181902e-05     
1.39763720712         5.49961701648e-06     3.2583242084e-05      3.74116509745e-06     2.23249781278e-05     
1.39785942934         5.54586511284e-06     3.40110911496e-05     3.75199683067e-06     2.31574293822e-05     
1.39808165157         5.59123066006e-06     3.54659297848e-05     3.76256610233e-06     2.40071894815e-05     
1.39830387379         5.63603300655e-06     3.69488374618e-05     3.77308018945e-06     2.48750341142e-05     
1.39852609601         5.67995623786e-06     3.84569163968e-05     3.78331961321e-06     2.57590458496e-05     
1.39874831823         5.7231583093e-06      3.99903525971e-05     3.79338390263e-06     2.66593902771e-05     
1.39897054046         5.76578178218e-06     4.15493969804e-05     3.80336093197e-06     2.75762627682e-05     
1.39919276268         5.80749034927e-06     4.31309050713e-05     3.81302293208e-06     2.85076031363e-05     
1.3994149849          5.84876742334e-06     4.47377418845e-05     3.82268232671e-06     2.94553321993e-05     
1.4094149849          7.08361258858e-06     0.000134455611487     4.08428365206e-06     8.35718849024e-05     
1.41878935022         7.40286684679e-06     0.000237161177636     4.0872848241e-06      0.000147197740856     
1.42816371554         7.17060703183e-06     0.000348560982556     3.92694294007e-06     0.000217643144454     
1.43753808086         6.56421437621e-06     0.000463757266848     3.65564301404e-06     0.00029188086501      
1.44691244618         5.71476565683e-06     0.000579594775127     3.31294695719e-06     0.00036790993522      
1.4562868115          4.72137433122e-06     0.000693951126157     2.92921387693e-06     0.000444338176366     
1.46566117681         3.65857442187e-06     0.000805314224932     2.52733245627e-06     0.000520132878496     
1.47503554213         2.5820697881e-06      0.000912524172336     2.12434033084e-06     0.000594466250145     
1.48440990745         1.53372073142e-06     0.00101489215974      1.73329203853e-06     0.000666801030906     
1.49378427277         5.43437612571e-07     0.00111182367091      1.36332603983e-06     0.000736652708901     
1.50315863809         -3.67686140641e-07    0.00120285741021      1.02084091232e-06     0.000803616415447     
1.51253300341         -1.18534184559e-06    0.00128749732261      7.10017401287e-07     0.000867256989032     
1.52190736873         -1.90197905017e-06    0.00136645145529      4.33835128309e-07     0.000927948544695     
1.53128173405         -2.51290853097e-06    0.00143879064565      1.92939008892e-07     0.000984961675586     
1.54065609937         -3.0178999668e-06     0.00150476689106      -1.24747111176e-08    0.00103836301937      
1.55003046469         -3.41922383776e-06    0.00156445350443      -1.83193323572e-07    0.00108810164136      
1.55940483            -3.72093341116e-06    0.00161784645596      -3.20628494529e-07    0.0011340745852       
1.56877919532         -3.92909469758e-06    0.0016652016715       -4.26696173866e-07    0.00117636287585      
1.57815356064         -4.05046588999e-06    0.00170662905117      -5.03626035232e-07    0.00121494951404      
1.58752792596         -4.09231072206e-06    0.00174216892052      -5.53835876908e-07    0.00124977009064      
1.59690229128         -4.06318769207e-06    0.00177224076277      -5.79991151949e-07    0.00128103511108      
1.6062766566          -3.97058560827e-06    0.001796726554        -5.84646639836e-07    0.00130857259509      
1.61565102192         -3.82329321932e-06    0.00181606908631      -5.70542318641e-07    0.00133261928398      
1.62502538724         -3.62940107874e-06    0.00183047644932      -5.40296713083e-07    0.00135324781277      
1.63439975256         -3.39645381815e-06    0.00183999972858      -4.96403566319e-07    0.00137041812907      
1.64377411788         -3.13243825724e-06    0.00184509136737      -4.41364727194e-07    0.00138439197129      
1.6531484832          -2.84423503628e-06    0.00184583976757      -3.77448863794e-07    0.00139516546798      
1.66252284851         -2.53854592221e-06    0.00184247437219      -3.06820406572e-07    0.0014028436594       
1.67189721383         -2.22189233065e-06    0.00183547834421      -2.31520438562e-07    0.00140773071538      
1.68127157915         -1.89972962733e-06    0.00182497149606      -1.53352274482e-07    0.00140986037827      
1.69064594447         -1.57850743554e-06    0.00181273893562      -7.40355364047e-08    0.0014105644373       
1.70002030979         -1.2704036096e-06     0.00181098949182      5.18191321957e-09     0.00141938395616      
1.70939467511         -9.64323880047e-07    0.00180431370478      8.40297237341e-08     0.0014243332602       
1.71876904043         -6.65118053771e-07    0.00179332667468      1.61098330728e-07     0.00142581945344      
1.72814340575         -3.76831715259e-07    0.00177835230703      2.35153258113e-07     0.00142402971237      
1.73751777107         -1.02952471548e-07    0.00175963172116      3.05111603904e-07     0.00141909114176      
1.74689213639         1.5353043886e-07      0.00173737519749      3.70037159064e-07     0.00141111068134      
1.7562665017          3.90100236816e-07     0.00171177949091      4.29137274337e-07     0.00140018840682      
1.76564086702         6.04697669198e-07     0.00168303493862      4.81760418224e-07     0.00138642297439      
1.77501523234         7.95707759135e-07     0.001651328811        5.27393191932e-07     0.00136991427061      
1.78438959766         9.61942586006e-07     0.00161684667155      5.6565560129e-07      0.0013507645127       
1.79376396298         1.10262567406e-06     0.00157977318662      5.96296581578e-07     0.00132907888713      
1.8031383283          1.21737362342e-06     0.00154029235778      6.1918851106e-07      0.0013049657296       
1.81251269362         1.3061737491e-06      0.00149858751731      6.34320378954e-07     0.00127853657058      
1.82188705894         1.36936243539e-06     0.00145484140193      6.41791121276e-07     0.00124990622479      
1.83126142426         1.40760066223e-06     0.0014092358747       6.41802025155e-07     0.00121919255034      
1.84063578958         1.421849949e-06       0.00136195179727      6.34649237741e-07     0.00118651635058      
1.8500101549          1.41334600323e-06     0.00131316892578      6.20715528932e-07     0.00115200131367      
1.85938452021         1.38357027436e-06     0.00126306557194      6.00461375917e-07     0.00111577372038      
1.86875888553         1.33422369129e-06     0.00121181857181      5.74416725094e-07     0.00107796242795      
1.87813325085         1.26719857457e-06     0.00115960306777      5.43172166493e-07     0.00103869866697      
1.88750761617         1.18454996059e-06     0.00110659233971      5.07369914077e-07     0.000998115892236     
1.89688198149         1.08846741785e-06     0.00105295780218      4.67694934277e-07     0.000956349789842     
1.90625634681         9.81245875237e-07     0.000998868765321     4.24865755579e-07     0.000913538035862     
1.91563071213         8.65257623123e-07     0.000944492492985     3.79625644748e-07     0.000869820354782     
1.92500507745         7.42923836829e-07     0.000889994149714     3.3273362751e-07      0.000825338459308     
1.93437944277         6.16686211572e-07     0.000835536775712     2.84955540966e-07     0.00078023601278      
1.94375380809         4.88978904441e-07     0.000781281443159     2.3705518159e-07      0.000734658787565     
1.9531281734          3.62200764731e-07     0.000727387269705     1.89785541656e-07     0.000688754656201     
1.96250253872         2.38687430381e-07     0.000674011664271     1.43880003954e-07     0.000642673842691     
1.97187690404         1.2068382177e-07      0.000621310552257     1.00043662201e-07     0.00059656914291      
1.98125126936         1.03165292926e-08     0.000569438686173     5.89446097718e-08     0.000550596238883     
1.99062563468         -9.04344531398e-08    0.000518550148942     2.12050260237e-08     0.000504914234993     
2                     -1.79763593897e-07    0.000468798869076     -1.2607605691e-08     0.000459686194924     
2.01                  -2.60663780495e-07    0.000417155120137     -4.3782160035e-08     0.00041212944113      
2.19171717172         0.000148076445035     1.25658850965e-06     0.000168846903204     -1.71345683101e-06    
2.37343434343         0.00100593015443      2.3539637345e-05      0.00129672648862      -3.9360972328e-05     
2.55515151515         0.00181461853503      8.34515599174e-05     0.00262481888154      -0.000121509839822    
2.73686868687         0.00221586729483      0.000170528453001     0.00358409945332      -0.000212469895391    
2.91858585859         0.00216517903609      0.000253819099757     0.00391045335832      -0.000273430165066    
3.1003030303          0.00179996839544      0.000302430091095     0.00362979658575      -0.000285763136434    
3.28202020202         0.00131074118071      0.000302734822562     0.00295490842038      -0.000253988808633    
3.46373737374         0.000849687284034     0.000261915004424     0.00214620698774      -0.000197365179076    
3.64545454545         0.000495219235594     0.00019948737492      0.00140620673588      -0.000136248206403    
3.82717171717         0.000261182540549     0.000135487152568     0.000837566863345     -8.45300934863e-05    
4.00888888889         0.000125183507072     8.28284963949e-05     0.000456074347618     -4.75396774158e-05    
4.19060606061         5.46672092626e-05     4.59015389265e-05     0.000228005100533     -2.43785607528e-05    
4.37232323232         2.17755065478e-05     2.31843936138e-05     0.000104999373876     -1.14518273294e-05    
4.55404040404         7.90886480789e-06     1.07181527731e-05     4.46559567343e-05     -4.94565243177e-06    
4.73575757576         2.61366306525e-06     4.55037873522e-06     1.75752145843e-05     -1.96914711984e-06    
4.91747474747         7.82354522549e-07     1.77883541986e-06     6.41136180146e-06     -7.24462834044e-07    
5.09919191919         2.10317134834e-07     6.41684885203e-07     2.17062414457e-06     -2.46746881978e-07    
5.28090909091         4.99604301474e-08     2.13980575024e-07     6.82750555672e-07     -7.79053780357e-08    
5.46262626263         1.01353027653e-08     6.60588965929e-08     1.99692981012e-07     -2.28288510269e-08    
5.64434343434         1.60465146292e-09     1.89028710265e-08     5.43505809538e-08     -6.21491330412e-09    
5.82606060606         1.29337490415e-10     5.01899482643e-09     1.37738148031e-08     -1.57320440962e-09    
6.00777777778         -3.16463848303e-11    1.23761385799e-09     3.25193246975e-09     -3.70547464359e-10    
6.18949494949         -1.99764683015e-11    2.83638807703e-10     7.15586687933e-10     -8.12597908715e-11    
6.37121212121         -6.64094049576e-12    6.0457128412e-11      1.46820780102e-10     -1.66000664505e-11    
6.55292929293         -1.73473382152e-12    1.19919553828e-11     2.8097881056e-11      -3.16047241461e-12    
6.73464646465         -3.88809468072e-13    2.21479552206e-12     5.01730724458e-12     -5.61041592845e-13    
6.91636363636         -7.72867295207e-14    3.80562522671e-13     8.3511722938e-13      -9.27777601617e-14    
7.09808080808         -1.39673928055e-14    6.13340756623e-14     1.30607332492e-13     -1.44081898656e-14    
7.2797979798          -2.34379857549e-15    9.38040586525e-15     1.94145983295e-14     -2.12570412066e-15    
7.46151515152         -3.14451378572e-16    1.16543710285e-15     2.34789303918e-15     -2.55032751427e-16    
7.64323232323         -7.93433612397e-17    2.75632307407e-16     5.41245499921e-16     -5.83024881673e-17    
7.82494949495         -9.14412407886e-17    3.00566678241e-16     5.76006214564e-16     -6.15099954776e-17    
8.00666666667         -1.04266976895e-16    3.26730388585e-16     6.11794175031e-16     -6.47465603299e-17    
8.18838383838         -1.17822693198e-16    3.5413246545e-16      6.48607681812e-16     -6.80092536681e-17    
8.3701010101          -1.32110253102e-16    3.8278131826e-16      6.86445182965e-16     -7.12953213214e-17    
8.55181818182         -1.47131292047e-16    4.12684790238e-16     7.25305260636e-16     -7.4602171935e-17     
8.73353535354         -1.6288724545e-16     4.4385020486e-16      7.65186618507e-16     -7.79273657577e-17    
8.91525252525         -1.79379372949e-16    4.76284407892e-16     8.0608807035e-16      -8.12686042385e-17    
9.09696969697         -1.96608779484e-16    5.09993805475e-16     8.48008529688e-16     -8.46237203839e-17    
9.27868686869         -2.14576433658e-16    5.44984398688e-16     8.909470005e-16       -8.79906698256e-17    
9.4604040404          -2.33283183762e-16    5.8126181494e-16      9.34902568868e-16     -9.13675225506e-17    
9.64212121212         -2.52729771793e-16    6.18831336524e-16     9.79874395488e-16     -9.47524552446e-17    
9.82383838384         -2.72916845728e-16    6.57697926619e-16     1.02586170896e-15     -9.81437442055e-17    
10.0055555556         -2.93844970295e-16    6.97866253007e-16     1.07286379978e-15     -1.01539758783e-16    
10.1872727273         -3.15514636444e-16    7.39340709715e-16     1.12088001496e-15     -1.04938955302e-16    
10.368989899          -3.37926269676e-16    7.82125436806e-16     1.16990975327e-15     -1.08339871441e-16    
10.5507070707         -3.61080237393e-16    8.26224338481e-16     1.21995246102e-15     -1.11741121013e-16    
10.7324242424         -3.84976855384e-16    8.71641099674e-16     1.27100762839e-15     -1.15141389139e-16    
10.9141414141         -4.09616393561e-16    9.18379201265e-16     1.32307478644e-15     -1.18539427764e-16    
11.0958585859         -4.34999081034e-16    9.66441934053e-16     1.37615350494e-15     -1.21934051502e-16    
11.2775757576         -4.6112511061e-16     1.0158324116e-15      1.43024339162e-15     -1.25324133775e-16    
11.4592929293         -4.87994642792e-16    1.06655358207e-15     1.48534409486e-15     -1.28708603231e-16    
11.641010101          -5.15607809322e-16    1.11860823907e-15     1.54145531891e-15     -1.3208644041e-16     
11.8227272727         -5.43964716339e-16    1.17199903176e-15     1.59857700612e-15     -1.35456698631e-16    
12.0044444444         -5.73065447191e-16    1.22672847408e-15     1.65670839882e-15     -1.3881926811e-16     
12.1861616162         -6.02910064936e-16    1.28279895333e-15     1.7158489259e-15      -1.42172465897e-16    
12.3678787879         -6.3349861458e-16     1.34021273809e-15     1.77599852082e-15     -1.45515451074e-16    
12.5495959596         -6.64831125071e-16    1.39897198557e-15     1.83715698338e-15     -1.48847421115e-16    
12.7313131313         -6.96907611081e-16    1.4590787484e-15      1.89932410673e-15     -1.52167609706e-16    
12.913030303          -7.29728074601e-16    1.52053498094e-15     1.96249969103e-15     -1.55475284723e-16    
13.0947474747         -7.63292506369e-16    1.58334254514e-15     2.02668354673e-15     -1.58769746326e-16    
13.2764646465         -7.97600887147e-16    1.647503216e-15       2.09187549539e-15     -1.62050325196e-16    
13.4581818182         -8.32653188866e-16    1.71301868657e-15     2.15807536956e-15     -1.65316380869e-16    
13.6398989899         -8.68449375654e-16    1.77989057274e-15     2.22528301233e-15     -1.68567300188e-16    
13.8216161616         -9.04989404755e-16    1.84812041759e-15     2.29349827685e-15     -1.7180249585e-16     
14.0033333333         -9.4227322736e-16     1.91770969547e-15     2.36272102568e-15     -1.75021405044e-16    
14.1850505051         -9.80300789342e-16    1.98865981586e-15     2.43295113023e-15     -1.78223488171e-16    
14.3667676768         -1.01907203193e-15    2.0609721269e-15      2.50418847021e-15     -1.81408227651e-16    
14.5484848485         -1.05858689231e-15    2.13464791873e-15     2.57643293305e-15     -1.84575126793e-16    
14.7302020202         -1.09884530414e-15    2.20968842664e-15     2.64968441342e-15     -1.87723708743e-16    
14.9119191919         -1.13984719807e-15    2.28609483394e-15     2.72394281274e-15     -1.90853515485e-16    
15.0936363636         -1.18159250215e-15    2.36386827473e-15     2.79920803873e-15     -1.93964106913e-16    
15.2753535354         -1.22408114222e-15    2.44300983643e-15     2.87548000499e-15     -1.97055059948e-16    
15.4570707071         -1.26731304229e-15    2.52352056222e-15     2.95275863066e-15     -2.00125967711e-16    
15.6387878788         -1.31128812482e-15    2.60540145328e-15     3.03104383997e-15     -2.03176438743e-16    
15.8205050505         -1.35600631101e-15    2.68865347087e-15     3.11033556199e-15     -2.06206096271e-16    
16.0022222222         -1.40146752107e-15    2.77327753839e-15     3.19063373027e-15     -2.09214577512e-16    
16.1839393939         -1.44767167445e-15    2.85927454321e-15     3.27193828256e-15     -2.12201533022e-16    
16.3656565657         -1.49461869001e-15    2.94664533842e-15     3.35424916055e-15     -2.15166626075e-16    
16.5473737374         -1.54230848624e-15    3.03539074453e-15     3.43756630961e-15     -2.18109532082e-16    
16.7290909091         -1.59074098143e-15    3.12551155099e-15     3.52188967855e-15     -2.21029938037e-16    
16.9108080808         -1.63991609376e-15    3.2170085177e-15      3.60721921942e-15     -2.23927541996e-16    
17.0925252525         -1.6898337415e-15     3.30988237638e-15     3.6935548873e-15      -2.26802052584e-16    
17.2742424242         -1.74049384309e-15    3.40413383187e-15     3.78089664009e-15     -2.29653188529e-16    
17.455959596          -1.79189631723e-15    3.4997635634e-15      3.86924443837e-15     -2.32480678214e-16    
17.6376767677         -1.84404108303e-15    3.59677222574e-15     3.95859824522e-15     -2.35284259264e-16    
17.8193939394         -1.89692806002e-15    3.69516045031e-15     4.04895802604e-15     -2.38063678146e-16    
18.0011111111         -1.95055716829e-15    3.79492884621e-15     4.14032374846e-15     -2.40818689789e-16    
18.1828282828         -2.00492832849e-15    3.89607800125e-15     4.23269538217e-15     -2.43549057233e-16    
18.3645454545         -2.06004146196e-15    3.99860848285e-15     4.32607289878e-15     -2.46254551282e-16    
18.5462626263         -2.11589649071e-15    4.10252083894e-15     4.42045627176e-15     -2.48934950186e-16    
18.727979798          -2.17249333748e-15    4.20781559883e-15     4.51584547628e-15     -2.51590039333e-16    
18.9096969697         -2.22983192583e-15    4.31449327394e-15     4.61224048912e-15     -2.54219610958e-16    
19.0914141414         -2.28791218011e-15    4.42255435864e-15     4.70964128859e-15     -2.56823463866e-16    
19.2731313131         -2.34673402549e-15    4.5319993309e-15      4.80804785441e-15     -2.59401403167e-16    
19.4548484848         -2.40629738805e-15    4.64282865303e-15     4.90746016767e-15     -2.61953240027e-16    
19.6365656566         -2.4666021947e-15     4.75504277226e-15     5.00787821071e-15     -2.64478791429e-16    
19.8182828283         -2.52764837329e-15    4.86864212144e-15     5.10930196707e-15     -2.66977879945e-16    
20                    0                     0                     0                     0                     
