0.0779191396          0                     0                     0                     0                     
0.087577837391        0.619100521068        0.192331314343        0.171524412708        0.0968795306366       
0.0972365351819       3.10671132565         0.639181826874        0.91662933058         0.331983250714        
0.106895232973        6.8011098177          0.647532975483        2.1016783559          0.362826838698        
0.116553930764        10.5180417209         -0.195809182064       3.32286959889         -0.0305671436797      
0.126212628555        13.3847382454         -1.59843818882        4.22409944584         -0.715955216766       
0.135871326346        15.251238274          -3.08214321951        4.74673267629         -1.45421533659        
0.145530024137        16.3039596382         -4.40113853569        4.9766304265          -2.11780375679        
0.155188721928        16.7553085884         -5.47479752763        5.00471314913         -2.66255811955        
0.164847419719        16.7867823043         -6.30074030552        4.903282617           -3.08487921732        
0.17450611751         16.5330055522         -6.90803155133        4.72303536501         -3.39772964275        
0.184164815301        16.0919782533         -7.33097472045        4.49836051146         -3.6176208339         
0.193823513091        15.5329782664         -7.60492339367        4.25208988167         -3.76189917407        
0.203482210882        14.9043958684         -7.76185228878        3.99864145644         -3.84656075401        
0.213140908673        14.2384516504         -7.82657163082        3.74651311909         -3.8840895991         
0.222799606464        13.5587484565         -7.81902389026        3.50138409441         -3.88457445638        
0.232458304255        12.881457433          -7.75492245907        3.26680725233         -3.85595524038        
0.242117002046        12.2183917086         -7.64826465042        3.04522504138         -3.8053248076         
0.251775699837        11.5787376484         -7.50869865363        2.83812348269         -3.73762093693        
0.261434397628        10.9644563254         -7.34846247383        2.64486020332         -3.65905174773        
0.271093095419        10.3773689303         -7.17136086039        2.46496816168         -3.57175530687        
0.28075179321         9.82014623451         -6.98367142279        2.29827523917         -3.47889523182        
0.290410491001        9.29245176981         -6.79003157179        2.1438649488          -3.38275060472        
0.300069188792        8.79336866802         -6.5932904635         2.0007538046          -3.28483573675        
0.309727886583        8.32185316734         -6.39522096395        1.86802180358         -3.18610963154        
0.319386584374        7.87680540223         -6.19767606195        1.74487123967         -3.08753374048        
0.329045282165        7.45739334091         -6.00175532972        1.63071595086         -2.98967776416        
0.338703979956        7.06243074552         -5.80844112078        1.5249731583          -2.8930728919         
0.348362677747        6.69126345534         -5.61893662537        1.42717502469         -2.79831368618        
0.358021375538        6.34180992396         -5.43384581481        1.33646404663         -2.70572199426        
0.367680073329        6.01296263427         -5.25337785413        1.25228675791         -2.61541494476        
0.37733877112         5.70349290763         -5.07766318654        1.17418886104         -2.52745899895        
0.386997468911        5.41298517921         -4.90804487042        1.10199540879         -2.44251571751        
0.396656166702        5.1393944745          -4.74343848676        1.03490759649         -2.36007806615        
0.406314864492        4.88195097959         -4.5846130464         0.972631465009        -2.2805194818         
0.415973562283        4.63957185198         -4.43141076286        0.914767560346        -2.20377995319        
0.425632260074        4.41103854411         -4.28386774019        0.860870861109        -2.12986908169        
0.435290957865        4.19556311977         -4.14185734237        0.810662395172        -2.05873952402        
0.444949655656        3.99216835617         -4.00517759804        0.763788746154        -1.99029227687        
0.454608353447        3.79983786004         -3.87376428731        0.719882283088        -1.92448601522        
0.464267051238        3.61757165777         -3.74690218356        0.678649021793        -1.86102936044        
0.473925749029        3.44559629792         -3.6248977086         0.640178990919        -1.8000480432         
0.48358444682         3.28282934258         -3.50768635508        0.604051963176        -1.74146442826        
0.493243144611        3.12851887379         -3.39477111331        0.57007314224         -1.6850319609         
0.502901842402        2.98229508809         -3.28607482996        0.538117110723        -1.63072968107        
0.512560540193        2.84359457736         -3.1814400015         0.508023685135        -1.57847451007        
0.522219237984        2.7118584678          -3.08038236452        0.479642831275        -1.52802255923        
0.531877935775        2.58698112847         -2.9832218322         0.452914738526        -1.47952789882        
0.541536633566        2.46842767653         -2.8893412616         0.427741578034        -1.43268313422        
0.551195331357        2.35556648583         -2.79874471053        0.403910350718        -1.38749291928        
0.560854029148        2.24855725745         -2.71121004686        0.381531072152        -1.34384614273        
0.570512726939        2.14689148773         -2.62673445114        0.360462147741        -1.30173898008        
0.58017142473         2.0502753716          -2.54536364522        0.340568743974        -1.26119106544        
0.589830122521        1.95842668748         -2.46684840705        0.321812526033        -1.2220734539         
0.599488820312        1.87105620071         -2.39102110948        0.304104073458        -1.18430330103        
0.609147518103        1.78799108909         -2.31792844543        0.287405535387        -1.14790379821        
0.618806215893        1.70876273494         -2.24721181069        0.2716038792          -1.11269680769        
0.628464913684        1.63342104042         -2.17896165823        0.256701627869        -1.07872192495        
0.638123611475        1.56166837379         -2.11311919157        0.242629063465        -1.04595805142        
0.647782309266        1.4932699793          -2.04967622935        0.229314825121        -1.01439406154        
0.657441007057        1.4277837637          -1.98820741808        0.216628236101        -0.983847931904       
0.667099704848        1.36545924726         -1.92890521824        0.204645177802        -0.954385667306       
0.676758402639        1.30594690088         -1.87161263109        0.193273166161        -0.92592117533        
0.68641710043         1.24917256862         -1.81623884764        0.182512893512        -0.898414508278       
0.696075798221        1.1949033424          -1.76266628107        0.172293108058        -0.871814334351       
0.705734496012        1.14318213681         -1.71103536666        0.162641544913        -0.846185888802       
0.715393193803        1.09354705078         -1.66098440597        0.153392459459        -0.821353301492       
0.725051891594        1.04608629829         -1.61262773256        0.144600850099        -0.797364581941       
0.734710589385        1.00062465166         -1.56582677222        0.136214252244        -0.7741551955         
0.744369287176        0.957094593738        -1.52049457341        0.128219494559        -0.751681420666       
0.754027984967        0.915397441908        -1.4765694694         0.120601851253        -0.72991523376        
0.763686682758        0.875428999126        -1.43397054223        0.113335789093        -0.708811555475       
0.773345380549        0.837079516419        -1.39275418378        0.106370193474        -0.688398629035       
0.78300407834         0.800323112832        -1.35272242803        0.09973227592         -0.668577458133       
0.792662776131        0.765050904048        -1.31383968854        0.0933905793182       -0.64933032906        
0.802321473922        0.731296559687        -1.27619198335        0.0873568585502       -0.630697810193       
0.811980171713        0.698876411042        -1.2396177315         0.0815819641065       -0.612599027097       
0.821638869504        0.667615629822        -1.20398420136        0.076014558479        -0.594984270612       
0.831297567294        0.63770907925         -1.16936869516        0.0707337361219       -0.577874104531       
0.840956265085        0.609117128207        -1.13572353972        0.0657277109146       -0.561241706122       
0.850614962876        0.581663563722        -1.10297323561        0.0609606041507       -0.545053942446       
0.860273660667        0.555388867833        -1.07120796497        0.0564379972818       -0.529354981701       
0.869932358458        0.530134509179        -1.04025484441        0.0521223903937       -0.51406057739        
0.879591056249        0.505978715574        -1.01021054453        0.0480415335955       -0.499216910078       
0.88924975404         0.482777163594        -0.981009065923       0.044149371389        -0.484792068546       
0.898908451831        0.460522239234        -0.95261957072        0.0404494592293       -0.470770206929       
0.908567149622        0.43920784547         -0.925082175185       0.0369543262415       -0.457169141402       
0.918225847413        0.41856475345         -0.898130302272       0.0335499423982       -0.443863807869       
0.927884545204        0.398803436367        -0.871947459235       0.030340330371        -0.430938675416       
0.937543242995        0.379780379132        -0.846436190285       0.0272723452612       -0.41834780708        
0.947201940786        0.361490847721        -0.82160020398        0.0243432566996       -0.406090830369       
0.956860638577        0.343771520476        -0.797273812045       0.0215108756245       -0.394092612294       
0.966519336368        0.326700007083        -0.773412259275       0.0188076059171       -0.382328131449       
0.976178034159        0.310171196147        -0.749832929834       0.0162281080595       -0.370701503209       
0.98583673195         0.293663559895        -0.725243947579       0.013748129771        -0.3585754671         
0.995495429741        0.277521775422        -0.70049803688        0.0113872415725       -0.346371979606       
1.00515412753         0.26217514338         -0.676714134296       0.00915666866923      -0.334644114927       
1.01481282532         0.247594422449        -0.65383115981        0.00705747394894      -0.323361301303       
1.02447152311         0.233707440549        -0.63176180614        0.0050769194644       -0.312480570194       
1.0341302209          0.220499266724        -0.610464267075       0.00321724392737      -0.301980629241       
1.0437889187          0.207919080703        -0.589936882438       0.00146185662382      -0.29186125136        
1.05344761649         0.195929445833        -0.570069351177       -0.000185524558679    -0.282067383535       
1.06310631428         0.184508441622        -0.550905350032       -0.00173757453828     -0.272620236089       
1.07276501207         0.173583834192        -0.532282579998       -0.00320616547164     -0.263443277543       
1.08242370986         0.163175399622        -0.514387403575       -0.00459417944169     -0.254626547453       
1.09208240765         0.153289774589        -0.497056212737       -0.00588377464595     -0.246085845945       
1.10174110544         0.143871010825        -0.480259896918       -0.00708783713495     -0.237809158177       
1.11139980323         0.134902368751        -0.464044446941       -0.00821675353178     -0.229818892229       
1.12105850102         0.126365979627        -0.448365122242       -0.00926976516682     -0.222092726466       
1.13071719881         0.118230858694        -0.433198436919       -0.0102550725253      -0.214618987544       
1.14037589661         0.110469653092        -0.418516129821       -0.0111805569648      -0.207384083777       
1.1500345944          0.103078986906        -0.404324919373       -0.0120445357487      -0.200391468609       
1.15969329219         0.096033613635        -0.390599879708       -0.0128537114037      -0.193628257172       
1.16935198998         0.0892875813097       -0.377290125225       -0.0136209579411      -0.187072605698       
1.17901068777         0.0828743955141       -0.364394123752       -0.0143326051141      -0.180720119451       
1.18866938556         0.0767771336963       -0.351888545796       -0.0149862861547      -0.174558813489       
1.19832808335         0.0709861375882       -0.339836781524       -0.0155955188712      -0.168621154228       
1.20798678114         0.0654707417535       -0.328117050922       -0.0161545063075      -0.162846443021       
1.21764547893         0.0602250449306       -0.316780803675       -0.0166714133673      -0.157260419613       
1.22730417672         0.0552508000361       -0.305801799446       -0.0171392340435      -0.151849867646       
1.23696287451         0.0505221093278       -0.295195816928       -0.017571061947       -0.14662294459        
1.24662157231         0.0460038885166       -0.284862959576       -0.0179681565051      -0.141530795584       
1.2562802701          0.0417260764776       -0.274878741493       -0.0183265793662      -0.136610659497       
1.26593896789         0.0376689432887       -0.26520297585        -0.0186482416649      -0.131841502423       
1.27559766568         0.033822475594        -0.255832588012       -0.0189353803683      -0.127222376762       
1.28525636347         0.0301805398477       -0.246767364248       -0.0191897720888      -0.122753101394       
1.29491506126         0.0267168633969       -0.237969149979       -0.0194166624192      -0.11841502144        
1.30457375905         0.0234403303783       -0.229441429549       -0.0196116978007      -0.11420959313        
1.31423245684         0.0203261550909       -0.221183173378       -0.0197851419123      -0.110137511201       
1.32389115463         0.0173807970457       -0.213177518007       -0.0199324262772      -0.106189374804       
1.33354985242         0.0145987463093       -0.205416768229       -0.0200528061956      -0.10236112482        
1.34320855022         0.011972426209        -0.197892790098       -0.0201482470687      -0.0986490710565      
1.35286724801         0.00949324144314      -0.190591365952       -0.0202192462612      -0.0950460344361      
1.3625259458          0.00715674888833      -0.183529978502       -0.0202691033508      -0.0915607556064      
1.37218464359         0.00494554847682      -0.176673533581       -0.0203008660806      -0.0881767256305      
1.38184334138         0.00287007330601      -0.170024044492       -0.0203099634398      -0.0848938068548      
1.39150203917         0.000921208060241     -0.163582043909       -0.0202990483423      -0.0817125798322      
1.40116073696         -0.000907620526363    -0.157337983468       -0.02026916333        -0.07862835831        
1.41081943475         -0.00262342651718     -0.151284753502       -0.0202221303629      -0.0756375971949      
1.42047813254         -0.00423472504097     -0.145414694887       -0.02015996067        -0.0727370718038      
1.43013683033         -0.00573589307563     -0.139724727014       -0.0200797530495      -0.0699245464097      
1.43979552812         -0.00713721584498     -0.13421095925        -0.0199847256825      -0.0671983744684      
1.44945422592         -0.00844375663943     -0.128864481309       -0.0198754908487      -0.0645541703046      
1.45911292371         -0.00965667257823     -0.123678783855       -0.0197513293388      -0.061988898956       
1.4687716215          -0.0107816100751      -0.118656279091       -0.0196147451993      -0.0595035020949      
1.47843031929         -0.0118168148842      -0.113781872251       -0.0194624786998      -0.057090442685       
1.48808901708         -0.0127727171874      -0.109055659522       -0.0192986372447      -0.0547500627892      
1.49774771487         -0.0136504790288      -0.104477395507       -0.0191235571977      -0.0524820620463      
1.50740641266         -0.0144505228169      -0.10004245646        -0.0189358135323      -0.0502842133158      
1.51706511045         -0.0151787903194      -0.0957408904857      -0.0187371936918      -0.0481516994871      
1.52672380824         -0.0158382630803      -0.0915755771042      -0.0185286413297      -0.0460858870554      
1.53638250603         -0.0164293215636      -0.087537115656       -0.0183088930414      -0.0440820684332      
1.54604120383         -0.0169575135458      -0.0836273279103      -0.0180803484318      -0.0421412644497      
1.55569990162         -0.0174242308513      -0.0798388207889      -0.0178424079427      -0.0402598153475      
1.56535859941         -0.0178279803114      -0.0761707152911      -0.0175936559758      -0.038437244238       
1.5750172972          -0.0181794052629      -0.0726093620202      -0.0173376959805      -0.036666785754       
1.58467599499         -0.0184748615156      -0.0691679770219      -0.0170732429284      -0.0349550657476      
1.59433469278         -0.0187177068483      -0.0658340432611      -0.0168005147555      -0.0332959024765      
1.60399339057         -0.0189120533791      -0.0626131329448      -0.01652173557        -0.0316921368392      
1.61365208836         -0.0190564459321      -0.0594911749364      -0.0162341910588      -0.0301366630463      
1.62331078615         -0.0191557475906      -0.056472876873       -0.0159404517044      -0.0286319671156      
1.63296948394         -0.0192095964893      -0.0535526359641      -0.0156393816034      -0.0271752299888      
1.64262818173         -0.0192210364954      -0.0507258400533      -0.0153319519854      -0.0257641440403      
1.65228687953         -0.0191935409232      -0.0480020237524      -0.0150197521494      -0.0244035944423      
1.66194557732         -0.0191263361632      -0.0453689283294      -0.0147015118192      -0.0230874133398      
1.67160427511         -0.0190235849567      -0.0428273135311      -0.0143788874566      -0.0218160826347      
1.6812629729          -0.0188863074404      -0.040378274024       -0.014052157254       -0.0205901334936      
1.69092167069         -0.0187375754309      -0.0380614189447      -0.0137371296126      -0.0194298743073      
1.70058036848         -0.0186951447553      -0.0360911262825      -0.0135175317069      -0.0184450127671      
1.71023906627         -0.0186008530885      -0.0341380020939      -0.0132757631792      -0.0174675014006      
1.71989776406         -0.0184587975851      -0.0322091722733      -0.0130149775678      -0.0165009544864      
1.72955646185         -0.0182718304515      -0.0303130488628      -0.0127371227987      -0.0155496381496      
1.73921515964         -0.0180415102879      -0.0284539798237      -0.0124431438495      -0.0146157626765      
1.74887385744         -0.0177687574117      -0.0266347020952      -0.0121335936486      -0.0137007175136      
1.75853255523         -0.0174553193904      -0.0248609544659      -0.0118094446558      -0.0128073972473      
1.76819125302         -0.0171017762429      -0.0231325418951      -0.0114708731113      -0.0119357217241      
1.77784995081         -0.0167092970672      -0.0214527967211      -0.0111184284936      -0.0110873752679      
1.7875086486          -0.0162791352242      -0.0198254932909      -0.0107527016706      -0.0102642850713      
1.79716734639         -0.0158119402214      -0.0182495344903      -0.0103738195228      -0.0094659085959      
1.80682604418         -0.015309687384       -0.0167307498464      -0.00998275154351     -0.0086952183811      
1.81648474197         -0.0147734902991      -0.0152704009919      -0.00957987609113     -0.00795287575844     
1.82614343976         -0.0142052491772      -0.0138711473434      -0.00916603195579     -0.00724025568615     
1.83580213755         -0.0136068247441      -0.0125354474604      -0.00874198300151     -0.00655864976579     
1.84546083534         -0.0129803144423      -0.0112663973329      -0.0083086439374      -0.00590966620237     
1.85511953314         -0.012328864917       -0.0100653484587      -0.00786736550648     -0.00529405229824     
1.86477823093         -0.0116552805751      -0.00893626287785     -0.00741943440005     -0.00471389282051     
1.87443692872         -0.0109634525229      -0.00788123453538     -0.0069666216979      -0.0041703378816      
1.88409562651         -0.0102576592856      -0.00690239225669     -0.00651088117942     -0.00366457022933     
1.8937543243          -0.00954316930492     -0.00600170943604     -0.00605470656379     -0.003197728559       
1.90341302209         -0.00882566844778     -0.00518021584848     -0.00560080557657     -0.00277048097618     
1.91307171988         -0.00811158006277     -0.00443813239404     -0.00515227689439     -0.00238311406429     
1.92273041767         -0.00740752200861     -0.00377459366696     -0.0047123472396      -0.00203537059601     
1.93238911546         -0.00672031421178     -0.00318749610694     -0.00428438513159     -0.00172637525572     
1.94204781325         -0.00605631483969     -0.00267326188969     -0.00387155416825     -0.0014544960619      
1.95170651105         -0.00542115726897     -0.00222718200181     -0.00347668258616     -0.00121751458021     
1.96136520884         -0.00481947170825     -0.00184366933933     -0.00310212601042     -0.00101274023086     
1.97102390663         -0.00425467980754     -0.00151653993292     -0.0027496401464      -0.000837149059247    
1.98068260442         -0.00372896381384     -0.0012394460418      -0.00242036545199     -0.000687602373452    
1.99034130221         -0.00324335610376     -0.00100614976534     -0.00211485665083     -0.000560983751113    
2                     -0.00279795114858     -0.000810776586638    -0.00183318986692     -0.000454335209048    
2.1368557849          1.27779361565e-06     2.11410595081e-05     6.0329393964e-07      1.37863111204e-05     
2.13707800712         1.29144524399e-06     2.18608211047e-05     6.09989538142e-07     1.42886068756e-05     
2.13730022934         1.30493681725e-06     2.25945487069e-05     6.16608703355e-07     1.48010744284e-05     
2.13752245157         1.31826963145e-06     2.33417603894e-05     6.23151997699e-07     1.53233752285e-05     
2.13774467379         1.33144506704e-06     2.41020237321e-05     6.29620031958e-07     1.5855204586e-05      
2.13796689601         1.34446453111e-06     2.48749422858e-05     6.36013435148e-07     1.63962828303e-05     
2.13818911823         1.35732938249e-06     2.56601473885e-05     6.42332816671e-07     1.69463498833e-05     
2.13841134046         1.3700409292e-06      2.64572957063e-05     6.48578764697e-07     1.75051634961e-05     
2.13863356268         1.38260044665e-06     2.72660636011e-05     6.54751854399e-07     1.8072495355e-05      
2.1388557849          1.3950091808e-06      2.80861451017e-05     6.60852649212e-07     1.86481296495e-05     
2.1488557849          1.81438992908e-06     7.35057316904e-05     8.68425381107e-07     5.08965294631e-05     
2.32917037293         -9.80973684518e-07    0.000923289706053     -4.67436406025e-07    0.000728179847479     
2.50948496096         -2.34272798751e-07    0.000875805685562     -1.1526915527e-07     0.000753856486929     
2.68979954899         2.59762980829e-07     0.000460334369635     1.25001284532e-07     0.000429890683512     
2.87011413703         -3.13980389119e-08    0.000119512075509     -1.49734690764e-08    0.000120844100625     
3.05042872506         5.28204489409e-06     1.73858448434e-08     5.78470768675e-06     8.39394522016e-09     
3.23074331309         8.29133682763e-05     7.30530446696e-07     9.86226561987e-05     5.4637943488e-08      
3.41105790112         0.000124980245926     2.13163911816e-06     0.000161131978384     -5.09288734892e-07    
3.59137248915         0.000118898813743     3.36242434675e-06     0.000165977708946     -1.11768529655e-06    
3.77168707718         8.85553545107e-05     3.78931251696e-06     0.000133874172598     -1.3013041048e-06     
3.95200166521         5.55983285595e-05     3.39031651465e-06     9.1127242519e-05      -1.09618551298e-06    
4.13231625324         3.0466223396e-05      2.5393469334e-06      5.4239425148e-05      -7.42307324566e-07    
4.31263084128         1.48536740767e-05     1.64221109932e-06     2.87995655975e-05     -4.26695039371e-07    
4.49294542931         6.51889657605e-06     9.35259074158e-07     1.38108798066e-05     -2.12201983069e-07    
4.67326001734         2.59465093871e-06     4.75394186236e-07     6.03153408293e-06     -9.35525543371e-08    
4.85357460537         9.41153369455e-07     2.17738148743e-07     2.41262678181e-06     -3.67222761684e-08    
5.0338891934          3.12080232596e-07     9.04944743867e-08     8.87694065006e-07     -1.29157828757e-08    
5.21420378143         9.47701000535e-08     3.43103514956e-08     3.01370191702e-07     -4.10152101399e-09    
5.39451836946         2.63732941076e-08     1.19160895541e-08     9.46342256595e-08     -1.17122915101e-09    
5.57483295749         6.72287782479e-09     3.80332154308e-09     2.7538584681e-08      -2.99823408181e-10    
5.75514754553         1.56710498713e-09     1.1185381657e-09      7.43780929475e-09     -6.82422655025e-11    
5.93546213356         3.32883829936e-10     3.03756168088e-10     1.86679530419e-09     -1.36185716021e-11    
6.11577672159         6.40408255269e-11     7.63048410596e-11     4.35835147349e-10     -2.28987117329e-12    
6.29609130962         1.10354973743e-11     1.77571338804e-11     9.47318156069e-11     -2.90202600224e-13    
6.47640589765         1.66752654165e-12     3.83283252145e-12     1.9183152633e-11      -1.42457769689e-14    
6.65672048568         2.10765105272e-13     7.68265506603e-13     3.62173037897e-12     6.12590961535e-15     
6.83703507371         1.93016894286e-14     1.43172353323e-13     6.3800902769e-13      2.69476225542e-15     
7.01734966175         3.22171386073e-16     2.48891879784e-14     1.05185022295e-13     7.19552962862e-16     
7.19766424978         -3.7600340721e-16     3.99545608053e-15     1.60608596709e-14     1.52836820094e-16     
7.37797883781         -1.3356461862e-16     7.08070553987e-16     2.71458880232e-15     3.32599176219e-17     
7.55829342584         -6.47151808189e-17    2.37492727876e-16     8.70507763777e-16     1.30942331002e-17     
7.73860801387         -1.99337840778e-17    5.74090025316e-17     2.01641519732e-16     3.60475125314e-18     
7.9189226019          -2.64579601154e-17    6.3894088814e-17      2.15498195678e-16     4.47151492528e-18     
8.09923718993         -3.35687326689e-17    7.07978175443e-17     2.29732279282e-16     5.43391191438e-18     
8.27955177796         -4.12729946977e-17    7.81265696491e-17     2.44339860396e-16     6.49497385991e-18     
8.459866366           -4.95770452831e-17    8.58863325544e-17     2.59317332327e-16     7.657565606e-18       
8.64018095403         -5.84866497217e-17    9.40827284882e-17     2.74661373345e-16     8.92439500644e-18     
8.82049554206         -6.80070927161e-17    1.02721040602e-16     2.90368937133e-16     1.02980222749e-17     
9.00081013009         -7.81432255403e-17    1.11806237066e-16     3.06437273982e-16     1.17808688607e-17     
9.18112471812         -8.88995079336e-17    1.21342993294e-16     3.22864299623e-16     1.33752258425e-17     
9.36143930615         -1.00280045378e-16    1.31335712434e-16     3.39646702325e-16     1.50811461167e-17     
9.54175389418         -1.12288622326e-16    1.41788544265e-16     3.56781190404e-16     1.69026411461e-17     
9.72206848222         -1.24928731859e-16    1.52705402634e-16     3.74266133268e-16     1.88416579663e-17     
9.90238307025         -1.38203602226e-16    1.64089981532e-16     3.9209962312e-16      2.09000412368e-17     
10.0826976583         -1.52116220596e-16    1.75945769947e-16     4.10279831833e-16     2.30795404073e-17     
10.2630122463         -1.66669354385e-16    1.88276065566e-16     4.28805036461e-16     2.53818154604e-17     
10.4433268343         -1.8186557041e-16     2.01083987442e-16     4.47673620092e-16     2.78084422833e-17     
10.6236414224         -1.97707252131e-16    2.14372487703e-16     4.66884067181e-16     3.03609176922e-17     
10.8039560104         -2.14196615187e-16    2.28144362374e-16     4.86434957433e-16     3.30406641298e-17     
10.9842705984         -2.31335721424e-16    2.42402261405e-16     5.06324959471e-16     3.58490340565e-17     
11.1645851865         -2.4912649157e-16     2.57148697948e-16     5.26552824708e-16     3.87873140542e-17     
11.3448997745         -2.67570716714e-16    2.72386056952e-16     5.47117381582e-16     4.18567286635e-17     
11.5252143625         -2.86670068701e-16    2.88116603146e-16     5.68017530215e-16     4.50584439706e-17     
11.7055289506         -3.06426109577e-16    3.04342488432e-16     5.89252237508e-16     4.83935709603e-17     
11.8858435386         -3.26840300167e-16    3.21065758757e-16     6.10820532689e-16     5.18631686534e-17     
12.0661581266         -3.47914007878e-16    3.382883605e-16       6.32721503313e-16     5.54682470401e-17     
12.2464727147         -3.69648513813e-16    3.56012146402e-16     6.54954291773e-16     5.92097698263e-17     
12.4267873027         -3.9204501926e-16     3.74238881098e-16     6.775180924e-16       6.3088657004e-17      
12.6071018907         -4.15104651613e-16    3.92970246253e-16     7.00412149426e-16     6.71057872578e-17     
12.7874164787         -4.38828469791e-16    4.12207845357e-16     7.23635756413e-16     7.12620002203e-17     
12.9677310668         -4.63217469198e-16    4.31953208193e-16     7.47188259004e-16     7.55580985853e-17     
13.1480456548         -4.8827258626e-16     4.52207795007e-16     7.7106906797e-16      7.99948500892e-17     
13.3283602428         -5.13994702601e-16    4.72973000398e-16     7.95277730165e-16     8.457298937e-17       
13.5086748309         -5.40384648865e-16    4.94250156956e-16     8.19813991632e-16     8.92924170719e-17     
13.6889894189         -5.67443208235e-16    5.16040538664e-16     8.44675924804e-16     9.41540276085e-17     
13.8693040069         -5.95171119674e-16    5.38345364074e-16     8.69863431286e-16     9.91589957106e-17     
14.049618595          -6.23569080901e-16    5.61165799289e-16     8.95376124207e-16     1.04307940337e-16     
14.229933183          -6.52637751148e-16    5.84502960751e-16     9.2121357472e-16      1.09601455077e-16     
14.410247771          -6.82377753688e-16    6.08357917855e-16     9.47375357591e-16     1.1504010943e-16      
14.5905623591         -7.12789678188e-16    6.32731695401e-16     9.7386106111e-16      1.20624450004e-16     
14.7708769471         -7.43874082869e-16    6.57625275896e-16     1.00067028993e-15     1.26355001654e-16     
14.9511915351         -7.75631496514e-16    6.83039601715e-16     1.02780266573e-15     1.32232268545e-16     
15.1315061232         -8.08062420323e-16    7.0897557713e-16      1.05525782703e-15     1.38256735161e-16     
15.3118207112         -8.41167329635e-16    7.35434070224e-16     1.08303542869e-15     1.44428867247e-16     
15.4921352992         -8.74946675527e-16    7.6241591468e-16      1.11113514125e-15     1.50749112713e-16     
15.6724498872         -9.09400886292e-16    7.89921911478e-16     1.1395566502e-15      1.5721790247e-16      
15.8527644753         -9.44530368819e-16    8.17952830484e-16     1.16829965523e-15     1.63835651232e-16     
16.0330790633         -9.80335509874e-16    8.4650941195e-16      1.19736386955e-15     1.7060275827e-16      
16.2133936513         -1.01681667729e-15    8.75592367931e-16     1.22674901922e-15     1.77519608119e-16     
16.3937082394         -1.05397422108e-15    9.05202383618e-16     1.25645484239e-15     1.84586571258e-16     
16.5740228274         -1.09180847447e-15    9.35340118597e-16     1.28648108878e-15     1.91804004743e-16     
16.7543374154         -1.13031975486e-15    9.66006208041e-16     1.31682751901e-15     1.99172252811e-16     
16.9346520035         -1.16950836474e-15    9.97201263833e-16     1.34749390409e-15     2.06691647452e-16     
17.1149665915         -1.2093745925e-15     1.02892587562e-15     1.37848002482e-15     2.14362508947e-16     
17.2952811795         -1.24991871326e-15    1.06118061185e-15     1.40978567135e-15     2.22185146385e-16     
17.4755957676         -1.29114098955e-15    1.09396602066e-15     1.44141064267e-15     2.30159858146e-16     
17.6559103556         -1.33304167205e-15    1.12728263086e-15     1.47335474619e-15     2.38286932363e-16     
17.8362249436         -1.37562100021e-15    1.1611309527e-15      1.50561779729e-15     2.4656664736e-16      
18.0165395317         -1.41887920286e-15    1.19551147875e-15     1.53819961893e-15     2.54999272066e-16     
18.1968541197         -1.46281649875e-15    1.23042468462e-15     1.57110004131e-15     2.63585066414e-16     
18.3771687077         -1.50743309712e-15    1.26587102971e-15     1.60431890148e-15     2.72324281709e-16     
18.5574832957         -1.55272919819e-15    1.30185095789e-15     1.637856043e-15       2.8121716099e-16      
18.7377978838         -1.5987049936e-15     1.33836489814e-15     1.67171131567e-15     2.90263939366e-16     
18.9181124718         -1.64536066687e-15    1.37541326522e-15     1.70588457522e-15     2.99464844343e-16     
19.0984270598         -1.69269639383e-15    1.41299646022e-15     1.74037568299e-15     3.08820096122e-16     
19.2787416479         -1.74071234296e-15    1.45111487111e-15     1.77518450573e-15     3.183299079e-16       
19.4590562359         -1.78940867582e-15    1.48976887331e-15     1.81031091532e-15     3.27994486145e-16     
19.6393708239         -1.83878554734e-15    1.5289588302e-15      1.84575478853e-15     3.37814030859e-16     
19.819685412          -1.88884310619e-15    1.56868509356e-15     1.88151600683e-15     3.47788735833e-16     
20                    0                     0                     0                     0                     
