0.0779191396          0                     0                     0                     0                     
0.087577837391        1.18568710143         0.326720710797        0.232270018884        0.200686610755        
0.0972365351819       5.83041084654         1.39589927726         1.26180445298         0.874079205673        
0.106895232973        12.7027610489         2.55504379086         2.99534868988         1.63977149324         
0.116553930764        20.1893856843         3.28690928024         5.11411420649         2.17630448316         
0.126212628555        27.2863874181         3.41394548156         7.34215304128         2.359786613           
0.135871326346        33.5040980794         2.91915170257         9.49246725031         2.16478928978         
0.145530024137        38.6398238695         1.85268463752         11.4362890981         1.60973117551         
0.155188721928        42.6288925615         0.28483014231         13.0777406206         0.729497854267        
0.164847419719        45.4154736011         -1.65523676477        14.3121542328         -0.402721223786       
0.17450611751         47.0315197033         -3.72618890828        15.0858363523         -1.64217221503        
0.184164815301        47.6413327138         -5.71395544133        15.4344038111         -2.85129300589        
0.193823513091        47.4704274345         -7.46860499307        15.4461982889         -3.93228337159        
0.203482210882        46.7371267472         -8.93674767445        15.2169450156         -4.84705778831        
0.213140908673        45.6177029922         -10.1173647966        14.8254792887         -5.59130117311        
0.222799606464        44.2455341752         -11.0238824475        14.3313858076         -6.1713521432         
0.232458304255        42.7344121481         -11.7071702268        13.7858432563         -6.61530824238        
0.242117002046        41.1432155417         -12.2070059474        13.2133994347         -6.94692439003        
0.251775699837        39.5152023514         -12.5561996683        12.6299155784         -7.18596550597        
0.261434397628        37.8769838228         -12.7759861213        12.0446231681         -7.34513839921        
0.271093095419        36.2550067736         -12.883007418         11.4679575843         -7.43427102633        
0.28075179321         34.674869475          -12.8961719392        10.9108176662         -7.46451963063        
0.290410491001        33.1496467118         -12.835047351         10.379087249          -7.44778097549        
0.300069188792        31.6883573885         -12.7188732621        9.87626169776         -7.3958732461         
0.309727886583        30.2929311602         -12.5643297932        9.40199203838         -7.31919485929        
0.319386584374        28.9604830583         -12.3823827409        8.95373339717         -7.22465607078        
0.329045282165        27.6890279655         -12.1816951732        8.52942345395         -7.11773334828        
0.338703979956        26.4733326685         -11.9652080552        8.1256628108          -7.00039800915        
0.348362677747        25.3096329942         -11.7343165369        7.74014184954         -6.87369683369        
0.358021375538        24.1998221001         -11.4917529801        7.37370404244         -6.73942372126        
0.367680073329        23.1398322037         -11.2358337333        7.02423921623         -6.59619388817        
0.37733877112         22.132781948          -10.9745948254        6.69365110428         -6.44887738443        
0.386997468911        21.1757524539         -10.7074382645        6.38082144204         -6.29716206908        
0.396656166702        20.2673078839         -10.4361463363        6.08541047103         -6.14215169384        
0.406314864492        19.4066502707         -10.1631289887        5.80734382383         -5.98534348865        
0.415973562283        18.5927376637         -9.89051115622        5.54640296853         -5.82804231144        
0.425632260074        17.8207973321         -9.61943855055        5.30069946033         -5.6710862874         
0.435290957865        17.0916039196         -9.35295866269        5.07068765368         -5.51630573672        
0.444949655656        16.4018071769         -9.09038471514        4.8550918467          -5.36335100813        
0.454608353447        15.7490167359         -8.83508559793        4.65277166712         -5.2143581519         
0.464267051238        15.1306166302         -8.58673949724        4.46272593277         -5.0691896376         
0.473925749029        14.5444624667         -8.34610723893        4.28393101894         -4.9283385607         
0.48358444682         13.9880734435         -8.1134491629         4.1153520904          -4.7920055834         
0.493243144611        13.4591417216         -7.88885037792        3.95611780166         -4.66030432255        
0.502901842402        12.9561147937         -7.6715625667         3.80545297418         -4.53283732261        
0.512560540193        12.4773662433         -7.46292048369        3.66278988699         -4.41023398475        
0.522219237984        12.0202376827         -7.26172659569        3.52703304778         -4.29200996138        
0.531877935775        11.5844785439         -7.06851772755        3.39786409759         -4.1784679548         
0.541536633566        11.1675669007         -6.8819481188         3.27449245248         -4.06881462948        
0.551195331357        10.7685881034         -6.70188664317        3.15645892727         -3.96299534499        
0.560854029148        10.3864472983         -6.52792521214        3.04340781859         -3.8607496124         
0.570512726939        10.0199695639         -6.35943915745        2.93496167948         -3.76172004673        
0.58017142473         9.66885920992         -6.19649170088        2.83097260595         -3.66593984134        
0.589830122521        9.33195851212         -6.03851232109        2.731107858           -3.57307064167        
0.599488820312        9.00859952587         -5.88523156181        2.6351503996          -3.48294664772        
0.609147518103        8.6984724974          -5.73657536598        2.54301412378         -3.39552642908        
0.618806215893        8.4000203872          -5.59172774603        2.45425809149         -3.31031888225        
0.628464913684        8.11364499005         -5.45090864922        2.36901578274         -3.22744929706        
0.638123611475        7.83858967303         -5.31387595544        2.28709336217         -3.14678263077        
0.647782309266        7.57430392914         -5.18046971354        2.2083450377          -3.06822419179        
0.657441007057        7.32026742689         -5.0504767494         2.13260337578         -2.99164316571        
0.667099704848        7.0764473248          -4.9240079209         2.05995389998         -2.91709319009        
0.676758402639        6.84138173338         -4.80010336648        1.98981816244         -2.84406413876        
0.68641710043         6.6157046509          -4.67888302584        1.92256847464         -2.77262612971        
0.696075798221        6.39911216143         -4.56092651754        1.85817479776         -2.70305056346        
0.705734496012        6.19144823213         -4.44621786245        1.79656589607         -2.6353432185         
0.715393193803        5.99178211376         -4.33438642031        1.73745573485         -2.56929625406        
0.725051891594        5.80017417883         -4.22553989757        1.68089209058         -2.50497093546        
0.734710589385        5.61575364185         -4.11951516861        1.62656734476         -2.4422901033         
0.744369287176        5.43872312553         -4.01631751743        1.57457263732         -2.3812444043         
0.754027984967        5.26851358612         -3.91587541422        1.52473814629         -2.32180241494        
0.763686682758        5.1047828739          -3.81813471579        1.47694903551         -2.26393142834        
0.773345380549        4.94734903273         -3.72311791345        1.43114052752         -2.20765244093        
0.78300407834         4.79588776345         -3.63075336996        1.38721158127         -2.15292720691        
0.792662776131        4.65003873598         -3.54072812779        1.34507099727         -2.09956177382        
0.802321473922        4.50991651684         -3.4535165581         1.3047166842          -2.04785204141        
0.811980171713        4.37474899913         -3.36865664888        1.26590224607         -1.99753030604        
0.821638869504        4.2445491515          -3.28622721612        1.22863329171         -1.94863154128        
0.831297567294        4.11901795719         -3.20606048555        1.19280839938         -1.90106474061        
0.840956265085        3.99806246935         -3.12819834447        1.15841353072         -1.85487143458        
0.850614962876        3.88125258676         -3.05255189721        1.12532460913         -1.80993604817        
0.860273660667        3.7686287118          -2.97928189427        1.09350336519         -1.76641919459        
0.869932358458        3.65969650082         -2.90807257276        1.06278846133         -1.72412636959        
0.879591056249        3.55434674022         -2.83893511693        1.03313700862         -1.6830641467         
0.88924975404         3.45245389847         -2.77174421477        1.00449630812         -1.64316578175        
0.898908451831        3.35377613524         -2.70646236881        0.976782628219        -1.60440428477        
0.908567149622        3.25812347449         -2.64299552643        0.949949177659        -1.56672913076        
0.918225847413        3.16534395801         -2.5812106359         0.923910748801        -1.53005631732        
0.927884545204        3.0753228247          -2.52097821034        0.898659610353        -1.4943133795         
0.937543242995        2.98793576916         -2.46233905807        0.874165921404        -1.45951619517        
0.947201940786        2.90254533238         -2.40500526607        0.850120221231        -1.42551906314        
0.956860638577        2.81943939579         -2.34891363769        0.826724681797        -1.39225811758        
0.966519336368        2.73802745016         -2.29376647964        0.803730060925        -1.35956844083        
0.976178034159        2.65806927276         -2.23918651824        0.781179792846        -1.32721504168        
0.98583673195         2.5744077022          -2.18104503078        0.757415232919        -1.2927648406         
0.995495429741        2.49021422014         -2.12182652237        0.7334265959          -1.25768167428        
1.00515412753         2.40940931461         -2.06489584254        0.710359857627        -1.22396078241        
1.01481282532         2.33180888766         -2.01016277774        0.688160055299        -1.19154864728        
1.02447152311         2.25703549971         -1.9572928639         0.666709626455        -1.16024694122        
1.0341302209          2.18499287872         -1.90622379003        0.646000835575        -1.13001596053        
1.0437889187          2.11558896017         -1.85691245152        0.625989881986        -1.10083030605        
1.05344761649         2.04846024377         -1.80903146224        0.60658762306         -1.07249642958        
1.06310631428         1.98372560209         -1.76269296451        0.587829158753        -1.04507806178        
1.07276501207         1.92111905753         -1.71771453992        0.569632779263        -1.0184682077         
1.08242370986         1.8607174836          -1.67412328434        0.552039204155        -0.992680877931       
1.09208240765         1.80233540299         -1.63185834458        0.53498096979         -0.96768096112        
1.10174110544         1.74581018608         -1.59072299456        0.518422672131        -0.94335018712        
1.11139980323         1.69097797881         -1.55045476488        0.50227850141         -0.919556758398       
1.12105850102         1.63822454331         -1.51142911145        0.486746589059        -0.896487570497       
1.13071719881         1.58729869557         -1.47347133285        0.471745751955        -0.874050343095       
1.14037589661         1.53807075297         -1.43656593146        0.457228612557        -0.852215099301       
1.1500345944          1.49059101402         -1.40075907719        0.443226734858        -0.831026252244       
1.15969329219         1.44470101361         -1.36595090675        0.429675766439        -0.810426467755       
1.16935198998         1.40034200451         -1.33208586569        0.416564848347        -0.790382313244       
1.17901068777         1.35743795082         -1.29913819118        0.403868408507        -0.770880141193       
1.18866938556         1.31589272461         -1.26696737707        0.39156801125         -0.751834575002       
1.19832808335         1.27597894417         -1.23590066323        0.379746821703        -0.733440334544       
1.20798678114         1.23719062377         -1.20545645851        0.368244839439        -0.715411868547       
1.21764547893         1.19978635378         -1.1759629342         0.357153833071        -0.697945733332       
1.22730417672         1.1636352916          -1.14713856619        0.346449685277        -0.680870470078       
1.23696287451         1.1287436885          -1.11919065233        0.336104298867        -0.664314194026       
1.24662157231         1.09493704366         -1.09184642475        0.326103893795        -0.64811098643        
1.2562802701          1.06229712391         -1.06529425099        0.316443714005        -0.632375664676       
1.26593896789         1.03075430555         -1.03944216033        0.307115516365        -0.6170535516         
1.27559766568         1.00027258689         -1.01429841873        0.298108932165        -0.602148429739       
1.28525636347         0.970854849416        -0.989874240558       0.289423655584        -0.587668685427       
1.29491506126         0.942397523731        -0.966061072198       0.281034624862        -0.573548846149       
1.30457375905         0.914786506639        -0.94282621784        0.272896541493        -0.559771761066       
1.31423245684         0.888195437826        -0.92037875479        0.265068869167        -0.546461813155       
1.32389115463         0.86250137275         -0.898372707637       0.25752741295         -0.53340789454        
1.33354985242         0.837662972616        -0.877056987912       0.250243983051        -0.520763895893       
1.34320855022         0.813586579244        -0.8563106416         0.243181372143        -0.508459048452       
1.35286724801         0.790283479851        -0.836097845276       0.236357731353        -0.496470021513       
1.3625259458          0.767786694915        -0.816502185064       0.229774952638        -0.484845876721       
1.37218464359         0.745928633452        -0.797401373375       0.223380083741        -0.473516986604       
1.38184334138         0.724900210692        -0.778825848025       0.217249025825        -0.462493557507       
1.39150203917         0.704485669882        -0.760792393858       0.211295597           -0.451790735217       
1.40116073696         0.684781902922        -0.743318002339       0.205568095287        -0.441419033536       
1.41081943475         0.665640544129        -0.726329492173       0.19999670713         -0.431338296368       
1.42047813254         0.647063885385        -0.709777099401       0.194585091532        -0.421517222563       
1.43013683033         0.62906419496         -0.693705136384       0.189340869864        -0.411982672827       
1.43979552812         0.611615031647        -0.678097572801       0.18425399443         -0.402725557754       
1.44945422592         0.594662206029        -0.662903237236       0.179305647017        -0.393714759774       
1.45911292371         0.578215506607        -0.648140291858       0.174498058117        -0.384961994092       
1.4687716215          0.562215655843        -0.633762967907       0.169810836866        -0.376440147911       
1.47843031929         0.546732017568        -0.619803157996       0.165277324823        -0.368165539023       
1.48808901708         0.531598792755        -0.606148098101       0.160822241543        -0.360078037047       
1.49774771487         0.516896790484        -0.592822091283       0.156482677088        -0.352190965385       
1.50740641266         0.502650134014        -0.57986539419        0.152276904579        -0.344522237949       
1.51706511045         0.488811868964        -0.56724925727        0.148184851028        -0.337055584938       
1.52672380824         0.475373337199        -0.554973066207       0.144201926973        -0.32979052681        
1.53638250603         0.46233483894         -0.54300469793        0.140332790369        -0.32270766597        
1.54604120383         0.449605342606        -0.531362523106       0.136534150544        -0.315821201668       
1.55569990162         0.437250430732        -0.5199968506         0.132841896273        -0.309097903054       
1.56535859941         0.425233270712        -0.508905674535       0.129241385606        -0.302537402058       
1.5750172972          0.413522161636        -0.498058383173       0.125721027247        -0.296121043836       
1.58467599499         0.402161688783        -0.487489923635       0.122301029909        -0.289868846211       
1.59433469278         0.391115659735        -0.47719306135        0.118970663649        -0.283775695059       
1.60399339057         0.380414977064        -0.467168058324       0.115733588762        -0.277842891812       
1.61365208836         0.369939295581        -0.457355863493       0.112556317227        -0.272037303831       
1.62331078615         0.359789988056        -0.447797823672       0.109471210096        -0.266381833757       
1.63296948394         0.349909265149        -0.438450392362       0.106460284796        -0.260851057328       
1.64262818173         0.340308422487        -0.42933396373        0.103527512649        -0.255456937343       
1.65228687953         0.330987422082        -0.420456495903       0.100674343197        -0.250204455458       
1.66194557732         0.321964765114        -0.411798982854       0.0979087511173       -0.245081054792       
1.67160427511         0.313215418159        -0.403376484443       0.0952221289264       -0.240096719155       
1.6812629729          0.304757037761        -0.395204422128       0.0926209995283       -0.235260576198       
1.69092167069         0.296919301894        -0.387713582177       0.0902064679822       -0.230828886529       
1.70058036848         0.291503565006        -0.383286448001       0.0885249851654       -0.228220419878       
1.71023906627         0.285952238995        -0.378597336906       0.0868041955505       -0.22545520356        
1.71989776406         0.280343998973        -0.373747123531       0.0850637029638       -0.222593154133       
1.72955646185         0.274724684079        -0.368786858664       0.0833208921058       -0.219664917954       
1.73921515964         0.269105467871        -0.363742962585       0.0815777254029       -0.216685721822       
1.74887385744         0.263502506841        -0.358629082932       0.0798405520241       -0.213664333114       
1.75853255523         0.257950504588        -0.353468945742       0.0781254298738       -0.210611785823       
1.76819125302         0.252430504229        -0.348277396326       0.0764219008535       -0.207540010239       
1.77784995081         0.246953939041        -0.343060593198       0.0747339779776       -0.204452480261       
1.7875086486          0.241536764616        -0.337822884473       0.0730662666725       -0.201351205457       
1.79716734639         0.236134446699        -0.33254893194        0.0714037354848       -0.198228750386       
1.80682604418         0.230767922919        -0.327256286689       0.0697469737834       -0.195099442129       
1.81648474197         0.225507219137        -0.321970798619       0.0681328130606       -0.19197174181        
1.82614343976         0.220280556017        -0.316674041635       0.0665263444169       -0.188836782422       
1.83580213755         0.215152702712        -0.311428140076       0.064959898457        -0.185731390806       
1.84546083534         0.210086811122        -0.306183435315       0.0634119949927       -0.18262587443        
1.85511953314         0.205069285818        -0.30094804343        0.0618771767601       -0.179525843232       
1.86477823093         0.200139309054        -0.29575484095        0.0603741442832       -0.176450339579       
1.87443692872         0.195273611338        -0.290580563627       0.058888930762        -0.173385694569       
1.88409562651         0.190445557694        -0.285429739353       0.0574112503926       -0.170335162831       
1.8937543243          0.185715473071        -0.280318362703       0.0559685156669       -0.167307437717       
1.90341302209         0.181042405624        -0.275244789254       0.0545414089032       -0.164300557061       
1.91307171988         0.17644117436         -0.270214028521       0.0531361378159       -0.161319126072       
1.92273041767         0.171895580662        -0.265222619484       0.0517444837165       -0.158361027176       
1.93238911546         0.167417159066        -0.260271196726       0.0503715509753       -0.155426636195       
1.94204781325         0.162997548503        -0.255360204417       0.0490130362966       -0.152516399824       
1.95170651105         0.158642958553        -0.250490534525       0.0476723472504       -0.149630787008       
1.96136520884         0.154347894739        -0.245661889506       0.0463462100432       -0.146769339325       
1.97102390663         0.150124579453        -0.24087723696        0.045039616637        -0.143933771875       
1.98068260442         0.145959559568        -0.236133376735       0.0437468494817       -0.141122319936       
1.99034130221         0.141864549137        -0.231427300379       0.0424746995349       -0.138333001562       
2                     0.137830422026        -0.226818532949       0.0412154687948       -0.135602675377       
2.01                  0.13372806289         -0.221999320161       0.0399344112055       -0.132744686279       
2.2379477407          0.0609593306692       -0.127316532152       0.0171180680641       -0.0764764006559      
2.4658954814          0.022156596786        -0.0642226643177      0.00514988462359      -0.0388064687147      
2.6938432221          0.00531187068735      -0.0278302545276      0.000285326393472     -0.0169477810252      
2.9217909628          -3.63213532481e-05    -0.00984739667348     -0.000875730036926    -0.00606097939548     
3.1497387035          -0.000738977297102    -0.00250821213143     -0.000641984524257    -0.00156812079528     
3.3776864442          -0.000276928453325    -0.000275487921226    -0.000198054027405    -0.000177618715293    
3.6056341849          -3.45476660117e-07    3.81038609199e-07     -2.59281717079e-07    2.94668868961e-07     
3.6156341849          -3.40381957058e-09    7.38722412047e-07     -5.17416890638e-09    5.71856057222e-07     
3.61585640712         -3.26542835907e-09    7.55833962298e-07     -5.09302919572e-09    5.84622664633e-07     
3.61607862934         -3.12734064675e-09    7.73231931962e-07     -5.01179785135e-09    5.97608764101e-07     
3.61630085157         -2.98958768331e-09    7.90904985428e-07     -4.93050266015e-09    6.10805832998e-07     
3.61652307379         -2.85219780763e-09    8.08842572895e-07     -4.84916906727e-09    6.24205942514e-07     
3.61674529601         -2.7151970104e-09     8.27034808586e-07     -4.76782058501e-09    6.37801666851e-07     
3.61696751823         -2.57860958742e-09    8.45472382873e-07     -4.68647923938e-09    6.51586017288e-07     
3.61718974046         -2.44245781418e-09    8.64146549414e-07     -4.60516541848e-09    6.65552429562e-07     
3.61741196268         -2.30676116499e-09    8.83049270804e-07     -4.52389733828e-09    6.79694864482e-07     
3.6176341849          -2.17153648688e-09    9.02173178298e-07     -4.442691181e-09      6.94007778303e-07     
3.6276341849          3.29195080548e-09     1.91650490045e-06     -9.96288247144e-10    1.45806214395e-06     
3.80755029276         3.14730130844e-09     1.30482399719e-05     3.12615037882e-09     1.05203020067e-05     
3.98746640062         -1.37963921093e-09    8.39372938027e-06     -5.7949386504e-10     7.16060944344e-06     
4.16738250847         -2.0018556103e-10     3.36160472888e-06     -2.04756814109e-10    3.02271615007e-06     
4.34729861633         6.56743052074e-11     9.52105992953e-07     9.72791612795e-12     9.00716628199e-07     
4.52721472419         6.39395461358e-12     1.68841790929e-07     6.70358538059e-12     1.67945238837e-07     
4.70713083205         -1.35773177096e-12    5.58550148075e-09     -1.45634079543e-13    5.84816203911e-09     
4.88704693991         1.09580427904e-08     9.05852827619e-12     1.20876233305e-08     -7.42157319617e-11    
5.06696304777         1.24808235661e-08     2.18234407172e-11     1.44338320798e-08     -1.78652876021e-10    
5.24687915562         7.30347801614e-09     2.21762589328e-11     8.84275587569e-09     -1.59979542898e-10    
5.42679526348         3.20432926274e-09     1.51060412265e-11     4.05846903876e-09     -9.50351728261e-11    
5.60671137134         1.16915059322e-09     7.95642150108e-12     1.54829436188e-09     -4.39334912558e-11    
5.7866274792          3.70760988431e-10     3.4604554455e-12      5.13265896857e-10     -1.69697386546e-11    
5.96654358706         1.04579059502e-10     1.28886010215e-12     1.51337333758e-10     -5.66455410319e-12    
6.14645969492         2.65992816082e-11     4.20441916995e-13     4.02438884788e-11     -1.67221187351e-12    
6.32637580277         6.15458087057e-12     1.21936904303e-13     9.73810855273e-12     -4.42433169728e-13    
6.50629191063         1.30326679555e-12     3.17718749745e-14     2.15745795749e-12     -1.05884810386e-13    
6.68620801849         2.53667754713e-13     7.49524946184e-15     4.39599023395e-13     -2.30854666345e-14    
6.86612412635         4.55109238543e-14     1.60961435543e-15     8.26189795658e-14     -4.60844268972e-15    
7.04604023421         7.58105162406e-15     3.17611341084e-16     1.44281730346e-14     -8.49262982337e-16    
7.22595634206         1.11931405317e-15     5.50660985627e-17     2.235391084e-15       -1.38089185363e-16    
7.40587244992         2.05066972218e-16     1.17598956105e-17     4.30206095697e-16     -2.77609495692e-17    
7.58578855778         1.84312476925e-17     1.22449445361e-18     4.06663911758e-17     -2.73027292338e-18    
7.76570466564         1.95056436401e-17     1.4935276661e-18      4.53239290504e-17     -3.1555604525e-18     
7.9456207735          2.04759531726e-17     1.79923482917e-18     5.01818440267e-17     -3.61235408718e-18    
8.12553688136         2.13325782427e-17     2.14368071076e-18     5.5234403948e-17      -4.10001483065e-18    
8.30545298921         2.20667556583e-17     2.52885018364e-18     6.04760872905e-17     -4.61807880686e-18    
8.48536909707         2.26704770667e-17     2.95664867139e-18     6.59017086497e-17     -5.16604824378e-18    
8.66528520493         2.3136416833e-17      3.42890327421e-18     7.1506416775e-17      -5.74340044453e-18    
8.84520131279         2.34578671255e-17     3.94736440688e-18     7.72856796113e-17     -6.34959523203e-18    
9.02511742065         2.36286795342e-17     4.51370781388e-18     8.32352701952e-17     -6.98408111016e-18    
9.20503352851         2.36432125891e-17     5.12953685407e-18     8.93512646276e-17     -7.64630034616e-18    
9.38494963636         2.34962845858e-17     5.79638496924e-18     9.56302025559e-17     -8.33576467422e-18    
9.56486574422         2.31831311761e-17     6.51571826856e-18     1.02068123844e-16     -9.05251359129e-18    
9.74478185208         2.26993672288e-17     7.28893817558e-18     1.08661630179e-16     -9.79541054576e-18    
9.92469795994         2.20409525122e-17     8.11738409583e-18     1.15407781542e-16     -1.05639087896e-17    
10.1046140678         2.12041607976e-17     9.00233607303e-18     1.22303739575e-16     -1.13574695521e-17    
10.2845301757         2.01855520206e-17     9.94501740871e-18     1.29346828937e-16     -1.21755634727e-17    
10.4644462835         1.89819471789e-17     1.0946597227e-17      1.36534534852e-16     -1.30176717168e-17    
10.6443623914         1.75904056762e-17     1.20081929705e-17     1.43864494553e-16     -1.3883286828e-17     
10.8242784992         1.60082048571e-17     1.31308728175e-17     1.51334487757e-16     -1.47719133599e-17    
11.0041946071         1.42328215021e-17     1.43156580142e-17     1.58942427326e-16     -1.56830683234e-17    
11.1841107149         1.22619150799e-17     1.55635251164e-17     1.66686350409e-16     -1.66162814827e-17    
11.3640268228         1.00933125735e-17     1.68754081401e-17     1.74564410194e-16     -1.75710955238e-17    
11.5439429307         7.72499472111e-18     1.82522006187e-17     1.82574868274e-16     -1.8547066119e-17     
11.7238590385         5.15508352416e-18     1.96947575677e-17     1.90716087679e-16     -1.95437619065e-17    
11.9037751464         2.38183089717e-18     2.12038973588e-17     1.98986526615e-16     -2.05607643986e-17    
12.0836912542         -5.96391657013e-19    2.27804035035e-17     2.07384733086e-16     -2.15976678347e-17    
12.2636073621         -3.78110244796e-18    2.44250263512e-17     2.15909340882e-16     -2.2654078988e-17     
12.44352347           -7.17371816575e-18    2.61384847021e-17     2.24559068705e-16     -2.37296169359e-17    
12.6234395778         -1.07755616978e-17    2.79214673404e-17     2.333327316e-16       -2.48239128027e-17    
12.8033556857         -1.45878692673e-17    2.9774634488e-17      2.42229373087e-16     -2.59367527868e-17    
12.9832717935         -1.86117969586e-17    3.16986191856e-17     2.51247389031e-16     -2.70680674918e-17    
13.1631879014         -2.28484266874e-17    3.3694028601e-17      2.60385775529e-16     -2.82171366052e-17    
13.3431040092         -2.72987716687e-17    3.5761445271e-17      2.69643614446e-16     -2.93836365109e-17    
13.5230201171         -3.19637814291e-17    3.79014282777e-17     2.79019990125e-16     -3.05672541065e-17    
13.702936225          -3.68443464053e-17    4.01145143638e-17     2.88514024157e-16     -3.1767686484e-17     
13.8828523328         -4.19413021679e-17    4.240121899e-17       2.98124879165e-16     -3.2984640612e-17     
14.0627684407         -4.72554333023e-17    4.47620373366e-17     3.07851758266e-16     -3.4217833019e-17     
14.2426845485         -5.27874769808e-17    4.71974452532e-17     3.1769390346e-16      -3.54669894811e-17    
14.4226006564         -5.853812625e-17      4.97079001587e-17     3.27650593715e-16     -3.67318447139e-17    
14.6025167643         -6.45080330607e-17    5.22938418943e-17     3.37721143e-16        -3.80121420708e-17    
14.7824328721         -7.06978110626e-17    5.49556935324e-17     3.47904898371e-16     -3.93076332475e-17    
14.96234898           -7.71080381835e-17    5.76938621433e-17     3.58201238129e-16     -4.06180779933e-17    
15.1422650878         -8.3739259012e-17     6.05087395224e-17     3.68609570086e-16     -4.19432438307e-17    
15.3221811957         -9.05919870004e-17    6.34007028802e-17     3.79129329918e-16     -4.32829057819e-17    
15.5020973035         -9.76667065023e-17    6.63701154959e-17     3.89759979622e-16     -4.46368461038e-17    
15.6820134114         -1.0496387466e-16     6.94173273391e-17     4.00501006066e-16     -4.60048540314e-17    
15.8619295193         -1.12483923152e-16    7.25426756584e-17     4.11351919629e-16     -4.73867255288e-17    
16.0418456271         -1.20227259816e-16    7.57464855411e-17     4.22312252917e-16     -4.87822630485e-17    
16.221761735          -1.28194270152e-16    7.90290704442e-17     4.33381559571e-16     -5.01912752992e-17    
16.4016778428         -1.36385318718e-16    8.23907326992e-17     4.4455941314e-16      -5.16135770211e-17    
16.5815939507         -1.44800750431e-16    8.58317639908e-17     4.55845406022e-16     -5.30489887697e-17    
16.7615100586         -1.53440891772e-16    8.93524458131e-17     4.67239148478e-16     -5.44973367066e-17    
16.9414261664         -1.62306051909e-16    9.29530499022e-17     4.78740267695e-16     -5.59584523983e-17    
17.1213422743         -1.71396523743e-16    9.6633838648e-17      4.90348406918e-16     -5.74321726228e-17    
17.3012583821         -1.80712584883e-16    1.00395065486e-16     5.02063224622e-16     -5.89183391821e-17    
17.48117449           -1.90254498552e-16    1.04236975269e-16     5.13884393745e-16     -6.04167987231e-17    
17.6610905978         -2.00022514439e-16    1.08159804624e-16     5.25811600958e-16     -6.19274025644e-17    
17.8410067057         -2.10016869481e-16    1.12163782286e-16     5.37844545983e-16     -6.34500065301e-17    
18.0209228136         -2.20237788612e-16    1.16249129423e-16     5.49982940955e-16     -6.49844707892e-17    
18.2008389214         -2.30685485446e-16    1.2041605994e-16      5.62226509811e-16     -6.65306597023e-17    
18.3807550293         -2.41360162924e-16    1.24664780773e-16     5.74574987732e-16     -6.8088441673e-17     
18.5606711371         -2.52262013918e-16    1.28995492164e-16     5.87028120605e-16     -6.96576890058e-17    
18.740587245          -2.63391221798e-16    1.33408387928e-16     5.99585664529e-16     -7.1238277769e-17     
18.9205033529         -2.74747960959e-16    1.37903655706e-16     6.12247385345e-16     -7.28300876635e-17    
19.1004194607         -2.86332397318e-16    1.42481477206e-16     6.2501305821e-16      -7.44330018955e-17    
19.2803355686         -2.98144688777e-16    1.47142028433e-16     6.37882467198e-16     -7.60469070556e-17    
19.4602516764         -3.10184985665e-16    1.51885479907e-16     6.50855404938e-16     -7.76716930015e-17    
19.6401677843         -3.22453431141e-16    1.56711996878e-16     6.63931672306e-16     -7.93072527453e-17    
19.8200838921         -3.34950161581e-16    1.61621739519e-16     6.77111078169e-16     -8.09534823457e-17    
20                    0                     0                     0                     0                     
