0.0779191396          0                     0                     0                     0                     
0.087577837391        0.611223796856        0.251949138344        0.147717267558        0.143314423033        
0.0972365351819       3.12542941246         0.970959117909        0.84106240728         0.569057268559        
0.106895232973        6.98362130289         1.52384747984         2.03156381164         0.934413958005        
0.116553930764        11.2588164728         1.40458108741         3.46836358854         0.95077242596         
0.126212628555        15.1298742121         0.441102251331        4.83087907317         0.504979496441        
0.135871326346        18.0194032455         -1.10401486625        5.83648410215         -0.275421455566       
0.145530024137        19.8289918831         -2.77369098008        6.41776645588         -1.14595056038        
0.155188721928        20.7727735279         -4.28773705145        6.66369744998         -1.94947593663        
0.164847419719        21.0900213576         -5.55077570378        6.67845753454         -2.62879939953        
0.17450611751         20.9746245701         -6.5522170673         6.54383866331         -3.17412318382        
0.184164815301        20.5665489533         -7.31622273158        6.31615965872         -3.59581397221        
0.193823513091        19.9685633826         -7.87371687478        6.03505154081         -3.90873472149        
0.203482210882        19.255181069          -8.26215834432        5.72802384712         -4.13173777759        
0.213140908673        18.4719852087         -8.51121064871        5.41020578302         -4.28079078065        
0.222799606464        17.6589961125         -8.65311606856        5.09439491934         -4.3718896689         
0.232458304255        16.83624842           -8.70738046267        4.78575578841         -4.41552353003        
0.242117002046        16.021258439          -8.69103152704        4.48903588415         -4.42062372712        
0.251775699837        15.2275091077         -8.61917989658        4.20788010588         -4.39514388679        
0.261434397628        14.462853891          -8.50532936514        3.94400846433         -4.34630300901        
0.271093095419        13.7316522765         -8.36038219467        3.69790985345         -4.27996845176        
0.28075179321         13.0360817709         -8.19444685318        3.46901130134         -4.20160599175        
0.290410491001        12.3753291423         -8.01381828267        3.25604693174         -4.11466541868        
0.300069188792        11.7484204781         -7.82319510705        3.05763506395         -4.02172084034        
0.309727886583        11.1543829745         -7.62584032657        2.87271775669         -3.92460941903        
0.319386584374        10.5926243212         -7.42452818296        2.70056654322         -3.82487180043        
0.329045282165        10.0608242433         -7.22102249317        2.53971634103         -3.7234825806         
0.338703979956        9.5581879448          -7.01733020087        2.38961588321         -3.62154381512        
0.348362677747        9.08310516241         -6.81424381264        2.2493599047          -3.51947270158        
0.358021375538        8.63460221132         -6.61265145457        2.11853596101         -3.41775484899        
0.367680073329        8.21144022017         -6.41342094054        1.99652506878         -3.31690358227        
0.37733877112         7.81120980611         -6.21600634525        1.88236852278         -3.21683701732        
0.386997468911        7.43524434295         -6.02293315473        1.77652731398         -3.11864615749        
0.396656166702        7.08133844149         -5.83439400869        1.67817432734         -3.02250281868        
0.406314864492        6.74794597334         -5.65174510054        1.58662660357         -2.92920055116        
0.415973562283        6.43450146473         -5.47268971765        1.50184198476         -2.83751408883        
0.425632260074        6.1387959076          -5.30008982281        1.42273886035         -2.74903485796        
0.435290957865        5.8599539532          -5.13342385132        1.34902977131         -2.663481609          
0.444949655656        5.59644415412         -4.97247464178        1.28014208126         -2.58077566137        
0.454608353447        5.34771294274         -4.81742670401        1.21580721539         -2.50102030895        
0.464267051238        5.11218644495         -4.66801369227        1.1554603628          -2.42411014018        
0.473925749029        4.88909071217         -4.52411705653        1.09878747134         -2.34998999904        
0.48358444682         4.67762253376         -4.38555770302        1.04549827293         -2.27858203861        
0.493243144611        4.4768145229          -4.25204983732        0.995254402767        -2.20973973467        
0.502901842402        4.28601279501         -4.12328566075        0.947781698905        -2.14330299261        
0.512560540193        4.1047634055          -3.99895797206        0.903006264671        -2.07914784546        
0.522219237984        3.93249057361         -3.87904342223        0.860772484871        -2.01724888881        
0.531877935775        3.76899554239         -3.76387824094        0.820920451797        -1.95778433087        
0.541536633566        3.61295106656         -3.6527272804         0.783014538539        -1.90037215601        
0.551195331357        3.46420886381         -3.54538086724        0.747003993547        -1.84490213618        
0.560854029148        3.32236714467         -3.44167772053        0.712807830863        -1.79129430492        
0.570512726939        3.18686234498         -3.3413018542         0.680250817945        -1.73939047472        
0.58017142473         3.0575521489          -3.24431362435        0.649273344516        -1.6892225235         
0.589830122521        2.93451880073         -3.1505771379         0.619994014727        -1.6407061972         
0.599488820312        2.81686663595         -3.05978089175        0.592078632222        -1.59369590316        
0.609147518103        2.70463140002         -2.97200051492        0.565560904781        -1.54822620377        
0.618806215893        2.59682701532         -2.88651101109        0.540149879206        -1.50395984959        
0.628464913684        2.49417820526         -2.8037339567         0.516090522028        -1.46108748303        
0.638123611475        2.39629862637         -2.72360531116        0.493305410835        -1.41955549562        
0.647782309266        2.30282611119         -2.64597562754        0.471681464634        -1.37929806158        
0.657441007057        2.21360726754         -2.5708105575         0.451175061302        -1.3402913509         
0.667099704848        2.12849969993         -2.49792223028        0.431779050964        -1.30246469561        
0.676758402639        2.04722988087         -2.42698218351        0.413425214129        -1.26561788843        
0.68641710043         1.96989245665         -2.35936586534        0.396167313958        -1.23052203187        
0.696075798221        1.8956431767          -2.2934768076         0.379621187004        -1.19629866163        
0.705734496012        1.82463662305         -2.22987266459        0.363906080721        -1.16325566454        
0.715393193803        1.7566588127          -2.16835839045        0.348955898963        -1.13129159874        
0.725051891594        1.69148727916         -2.10887488908        0.334697769268        -1.10037775522        
0.734710589385        1.62900470365         -2.05132504925        0.32109342431         -1.07046554052        
0.744369287176        1.56902821209         -1.99568051513        0.308086855015        -1.04154362223        
0.754027984967        1.51146879356         -1.94180141461        0.295653378748        -1.0135365411         
0.763686682758        1.45607943902         -1.88962769907        0.28372280365         -0.986415056396       
0.773345380549        1.40286305131         -1.83910620376        0.272290319728        -0.960153068025       
0.78300407834         1.35164415382         -1.79014507419        0.261303629598        -0.934699169459       
0.792662776131        1.30233938772         -1.74253034518        0.250764369376        -0.909951195699       
0.802321473922        1.25503991987         -1.69651783376        0.240700225528        -0.88603566642        
0.811980171713        1.20945233209         -1.6518967871         0.231004097612        -0.862846766977       
0.821638869504        1.16546894709         -1.60862878175        0.221646855478        -0.840361836956       
0.831297567294        1.1230344093          -1.56664377167        0.212614957266        -0.818543202786       
0.840956265085        1.08211629611         -1.52575152305        0.203902355943        -0.797289634422       
0.850614962876        1.04241529797         -1.48593770624        0.195416723899        -0.776602870365       
0.860273660667        1.00404659007         -1.44711668431        0.187193459692        -0.756449314296       
0.869932358458        0.967109774913        -1.40928723474        0.17930209486         -0.73679926346        
0.879591056249        0.931486635393        -1.37243327353        0.171696634976        -0.717649625358       
0.88924975404         0.897103885393        -1.33647848261        0.164365507902        -0.69896059331        
0.898908451831        0.863979979319        -1.30136930451        0.157335263312        -0.680711628457       
0.908567149622        0.83204406267         -1.26712621236        0.15058845835         -0.662910176125       
0.918225847413        0.80123075684         -1.23376158447        0.144096901103        -0.645562623653       
0.927884545204        0.771467446499        -1.20114705605        0.137839540407        -0.628600510608       
0.937543242995        0.742655598148        -1.16927946247        0.131798226849        -0.612023442807       
0.947201940786        0.714927697808        -1.13815444202        0.126020261076        -0.595827045431       
0.956860638577        0.687997412544        -1.10760678478        0.120419763932        -0.579929994918       
0.966519336368        0.661934511439        -1.07761696821        0.115033544865        -0.564317931114       
0.976178034159        0.636517874545        -1.04792388141        0.109817813029        -0.548855226031       
0.98583673195         0.610684608061        -1.01652781559        0.104604916061        -0.532494241267       
0.995495429741        0.585088813937        -0.985043902162       0.0994721199932       -0.516087070128       
1.00515412753         0.560684440015        -0.954714731649       0.0946007338652       -0.500278373876       
1.01481282532         0.537398933607        -0.925542392626       0.0899730206504       -0.485070599556       
1.02447152311         0.515152457077        -0.897419891555       0.0855701427308       -0.470408747901       
1.0341302209          0.49378574637         -0.87029279468        0.0813443037114       -0.456266786587       
1.0437889187          0.473346959532        -0.844167815281       0.077310998029        -0.442644527518       
1.05344761649         0.453595202729        -0.818789380109       0.0733975896878       -0.429418818326       
1.06310631428         0.434791219702        -0.794297249327       0.0697088389339       -0.416655797703       
1.07276501207         0.41672026604         -0.770615177613       0.0661648636399       -0.404311827893       
1.08242370986         0.399383163765        -0.747736929608       0.0627705194972       -0.39238429848        
1.09208240765         0.382756908388        -0.725630084313       0.059523859276        -0.380858960408       
1.10174110544         0.366735830732        -0.704168331856       0.0563919351614       -0.369669392267       
1.11139980323         0.351361370078        -0.683427547481       0.0533900843332       -0.358854505816       
1.12105850102         0.336594110115        -0.663339789297       0.0505124353486       -0.34837920422        
1.13071719881         0.322392035409        -0.643885001507       0.0477449504989       -0.33823352547        
1.14037589661         0.308714812256        -0.625035311018       0.0450758784765       -0.328403054427       
1.1500345944          0.29558972863         -0.606744779574       0.0425233761671       -0.318862129727       
1.15969329219         0.282965577675        -0.589023757261       0.0400679560271       -0.309617967612       
1.16935198998         0.270818641519        -0.571838378741       0.0377060452523       -0.300652077486       
1.17901068777         0.259156205382        -0.555169445387       0.035445963791        -0.29195382892        
1.18866938556         0.247911893734        -0.538953993425       0.0332685819887       -0.28349083925        
1.19832808335         0.237148351704        -0.523316063753       0.0311862586535       -0.275328666502       
1.20798678114         0.226777325579        -0.508071440376       0.029187634233        -0.267369686505       
1.21764547893         0.216793368422        -0.49328720898        0.0272630855961       -0.25965190783        
1.22730417672         0.207193573259        -0.478909337227       0.0254193833147       -0.252148158501       
1.23696287451         0.198017393917        -0.465005317683       0.0236667451389       -0.244888125313       
1.24662157231         0.189174842269        -0.451431181669       0.0219893309593       -0.237797923081       
1.2562802701          0.180708280203        -0.438280706621       0.020394020282        -0.230927156083       
1.26593896789         0.172572513689        -0.425542352795       0.0188665348397       -0.224270985205       
1.27559766568         0.164765463833        -0.413185260187       0.0174103407598       -0.217812843201       
1.28525636347         0.157274461458        -0.40120882116        0.0160202554743       -0.21155270958        
1.29491506126         0.150089214937        -0.389576116359       0.0146987276207       -0.20547043343        
1.30457375905         0.143147341586        -0.378279165753       0.0134208886594       -0.199564001793       
1.31423245684         0.136471199934        -0.367317182343       0.0121937296603       -0.193831680606       
1.32389115463         0.130065299608        -0.356691396271       0.0110236407181       -0.188274315721       
1.33354985242         0.123898773324        -0.346374442605       0.00990004051952      -0.182877788112       
1.34320855022         0.117962542999        -0.336366298904       0.00882030624487      -0.177642206485       
1.35286724801         0.11224494866         -0.326619753414       0.00778321598897      -0.172542237386       
1.3625259458          0.106720314861        -0.317155183586       0.00677601937069      -0.167593182961       
1.37218464359         0.101419717252        -0.307948182884       0.00581618530164      -0.162776312387       
1.38184334138         0.0963390795079       -0.298997832144       0.00490388710465      -0.158091996012       
1.39150203917         0.0914295160489       -0.290313127398       0.00401936861293      -0.153546744717       
1.40116073696         0.0867292446026       -0.281848685042       0.00318260111648      -0.149114897372       
1.41081943475         0.0822072648234       -0.273625660717       0.00238003192417      -0.144808674279       
1.42047813254         0.077864096452        -0.265636596306       0.00161522560856      -0.140624108489       
1.43013683033         0.0736871451971       -0.257853509901       0.000882648357333     -0.136546552752       
1.43979552812         0.0696768694574       -0.250296043935       0.000184231870296     -0.132586426903       
1.44945422592         0.0658293841903       -0.242939978029       -0.000478652146309    -0.128730703467       
1.45911292371         0.0621342110245       -0.235793813718       -0.00111099603279     -0.124984144849       
1.4687716215          0.0585730065177       -0.228835663157       -0.0017184324153      -0.121335859228       
1.47843031929         0.0551550640201       -0.222060983745       -0.00229591568845     -0.11778433148        
1.48808901708         0.0518810577612       -0.215470526625       -0.00284221662255     -0.114327534132       
1.49774771487         0.0487429361703       -0.209068002521       -0.00336002361712     -0.110968437672       
1.50740641266         0.0457342156781       -0.202839607937       -0.00385035159843     -0.107699953151       
1.51706511045         0.0428461776176       -0.196780747236       -0.00431627456949     -0.104519492588       
1.52672380824         0.0400704303671       -0.190896980225       -0.00476145537263     -0.101430594376       
1.53638250603         0.0374151722119       -0.185165242573       -0.00517892262178     -0.0984203665104      
1.54604120383         0.0348640998394       -0.179599654699       -0.00557796027256     -0.0954969894349      
1.55569990162         0.0324144879813       -0.174183283051       -0.00595722866013     -0.0926513513721      
1.56535859941         0.0300538559509       -0.168904707613       -0.00632107081227     -0.0898780956162      
1.5750172972          0.0277939157611       -0.163755567365       -0.00666381893038     -0.0871723410299      
1.58467599499         0.0256330653089       -0.158756109674       -0.00698614449919     -0.0845442343492      
1.59433469278         0.0235629301186       -0.15388211897        -0.00728968374788     -0.081981237158       
1.60399339057         0.0215849946255       -0.149154951922       -0.00757527107527     -0.0794948084547      
1.61365208836         0.0196911437523       -0.144542629356       -0.00784256619593     -0.0770679251945      
1.62331078615         0.0178851045043       -0.14006274676        -0.00809149474266     -0.0747099683418      
1.63296948394         0.0161500619904       -0.135698030899       -0.00832724328385     -0.0724121316255      
1.64262818173         0.0144904639187       -0.131454090496       -0.0085482201611      -0.070177419112       
1.65228687953         0.0129060725229       -0.127329442445       -0.00875475489252     -0.0680053403185      
1.66194557732         0.0113975669459       -0.123322291288       -0.00894528906732     -0.0658941810572      
1.67160427511         0.00995929847152      -0.119435833017       -0.00912234504066     -0.0638460326429      
1.6812629729          0.00858722129391      -0.115668218575       -0.00928772105283     -0.0618599558046      
1.69092167069         0.0072874901421       -0.11214853217        -0.00945237605505     -0.0600051147071      
1.70058036848         0.00609111692342      -0.10954697143        -0.00967869851453     -0.05864039093        
1.71023906627         0.00492319997372      -0.106888388541       -0.00988931602662     -0.0572447232199      
1.71989776406         0.00379291235086      -0.104207266894       -0.0100843664564      -0.0558360519796      
1.72955646185         0.00270198301399      -0.101519746448       -0.0102643035172      -0.0544228488145      
1.73921515964         0.00165108639222      -0.0988331663358      -0.0104295439746      -0.0530091274746      
1.74887385744         0.000639853718154     -0.096155105497       -0.0105808679452      -0.0515989201109      
1.75853255523         -0.000331161481548    -0.0934895446111      -0.0107182937327      -0.0501943187055      
1.76819125302         -0.00126600925814     -0.0908358127196      -0.0108437680373      -0.0487954660669      
1.77784995081         -0.00215694435007     -0.0881992126131      -0.0109542205662      -0.0474045180336      
1.7875086486          -0.00300748714027     -0.085586191889       -0.0110513101968      -0.0460251140244      
1.79716734639         -0.0038179279422      -0.0829952409865      -0.0111352570123      -0.0446564464522      
1.80682604418         -0.00458942589129     -0.0804299191156      -0.0112066103027      -0.0433005148817      
1.81648474197         -0.00532093550568     -0.0778909100187      -0.0112650005562      -0.041957823674       
1.82614343976         -0.00600939997611     -0.0753805120598      -0.0113093073562      -0.0406292952629      
1.83580213755         -0.00666563648203     -0.0728992054296      -0.0113441325288      -0.0393153325222      
1.84546083534         -0.00728066276008     -0.0704497763016      -0.0113656216443      -0.0380174211811      
1.85511953314         -0.00785646840279     -0.0680316405019      -0.011374498169       -0.0367353358942      
1.86477823093         -0.0083928890797      -0.0656474417031      -0.0113707815808      -0.0354703257563      
1.87443692872         -0.00889245599948     -0.0632996201742      -0.0113556749939      -0.0342237944282      
1.88409562651         -0.00935531605415     -0.0609864887291      -0.0113290912462      -0.0329948601068      
1.8937543243          -0.00978090633567     -0.0587113746975      -0.0112907551234      -0.031785222746       
1.90341302209         -0.0101709520256      -0.0564722280969      -0.0112413741714      -0.0305939656274      
1.91307171988         -0.0105252319692      -0.0542728853316      -0.0111809061071      -0.0294230435266      
1.92273041767         -0.0108444748683      -0.0521127531778      -0.0111095264264      -0.0282721755406      
1.93238911546         -0.0111295659983      -0.0499927020112      -0.0110276587373      -0.0271418352346      
1.94204781325         -0.0113809215929      -0.0479134206351      -0.0109353643302      -0.0260324046448      
1.95170651105         -0.0116001338687      -0.0458761794882      -0.0108334629351      -0.0249446054804      
1.96136520884         -0.0117858003727      -0.0438795124214      -0.0107208708521      -0.0238776041226      
1.97102390663         -0.0119401582931      -0.0419251298796      -0.0105988101199      -0.0228323800956      
1.98068260442         -0.0120641450191      -0.0400141868139      -0.010467622201       -0.0218095912332      
1.99034130221         -0.0121580436252      -0.0381459524914      -0.0103273134138      -0.0208088641307      
2                     -0.0122225496408      -0.0363212096138      -0.0101781085045      -0.0198306162226      
2.01                  -0.0122588238362      -0.0344783830121      -0.0100143787075      -0.0188418224011      
2.4917589849          -8.13486388638e-06    5.74946005486e-06     -5.82043096076e-06    3.81908317565e-06     
2.5017589849          3.81229625512e-07     1.37371916423e-05     2.25272770761e-07     9.28291370097e-06     
2.50198120712         3.8715297342e-07      1.41525211547e-05     2.2853444748e-07      9.57750388593e-06     
2.50220342934         3.93023157003e-07     1.45756050751e-05     2.31765222749e-07     9.87780839344e-06     
2.50242565157         3.98840297017e-07     1.50061663793e-05     2.3496522156e-07      1.01836295344e-05     
2.50264787379         4.04604521848e-07     1.54439475864e-05     2.38134569043e-07     1.04947835702e-05     
2.50287009601         4.1031601177e-07      1.58887156892e-05     2.41273414126e-07     1.08111038491e-05     
2.50309231823         4.15974984253e-07     1.63402577398e-05     2.44381922281e-07     1.11324378386e-05     
2.50331454046         4.21581655688e-07     1.67983744721e-05     2.47460255601e-07     1.14586428254e-05     
2.50353676268         4.27136236747e-07     1.72628802097e-05     2.50508570337e-07     1.17895858015e-05     
2.5037589849          4.32638937156e-07     1.77335997257e-05     2.53527020041e-07     1.21251412586e-05     
2.5137589849          6.30220844773e-07     4.35226310597e-05     3.60861881136e-07     3.06939959888e-05     
2.69402951083         -2.47428832973e-07    0.000475605108539     -1.45641449529e-07    0.000375680281028     
2.87430003676         -1.31877836051e-07    0.000419929287986     -7.26510538113e-08    0.000358407028343     
3.05457056269         6.54629509657e-08     0.000214760597863     3.74661129188e-08     0.000197020708596     
3.23484108862         8.11780973881e-09     6.44023477981e-05     4.44586477556e-09     6.34001029213e-05     
3.41511161454         -4.32071418339e-09    3.44476284141e-06     -2.44476671229e-09    3.64107062268e-06     
3.59538214047         1.12170872256e-05     4.53462935391e-08     1.27734404572e-05     -2.36422017768e-08    
3.7756526664          2.03289340276e-05     1.7054005712e-07      2.48500143e-05        -1.90876222762e-07    
3.95592319233         1.88213954053e-05     2.71729566583e-07     2.46626865466e-05     -3.20630852395e-07    
4.13619371826         1.29878941692e-05     2.90262310741e-07     1.82416774008e-05     -3.21367365901e-07    
4.31646424419         7.41559256164e-06     2.39658162793e-07     1.11721553968e-05     -2.40674981774e-07    
4.49673477012         3.66355723259e-06     1.63351929093e-07     5.92853437369e-06     -1.47448892244e-07    
4.67700529605         1.60322965464e-06     9.53374135997e-08     2.79228694298e-06     -7.71252077057e-08    
4.85727582198         6.30117955381e-07     4.87343145045e-08     1.18406213339e-06     -3.53732377662e-08    
5.0375463479          2.24375369044e-07     2.21499946879e-08     4.56316039708e-07     -1.44390503518e-08    
5.21781687383         7.28045721656e-08     9.04602062085e-09     1.60841705443e-07     -5.31580692582e-09    
5.39808739976         2.16097715715e-08     3.34520379633e-09     5.20910604956e-08     -1.77498113935e-09    
5.57835792569         5.88240751628e-09     1.12661658001e-09     1.55543082815e-08     -5.40638344918e-10    
5.75862845162         1.47076818198e-09     3.47097166439e-10     4.29339321147e-09     -1.50919441275e-10    
5.93889897755         3.38003662793e-10     9.81677110405e-11     1.09768845118e-09     -3.87472801548e-11    
6.11916950348         7.13902029593e-11     2.55592074513e-11     2.60371299248e-10     -9.1655163632e-12     
6.29944002941         1.38439344109e-11     6.14013074712e-12     5.73737593084e-11     -2.00144574293e-12    
6.47971055534         2.45954705374e-12     1.36355875086e-12     1.1757234716e-11      -4.04081263342e-13    
6.65998108126         3.98895863879e-13     2.80403966822e-13     2.24297652196e-12     -7.55307928804e-14    
6.84025160719         5.86658836834e-14     5.34526592238e-14     3.98554226828e-13     -1.30837660598e-14    
7.02052213312         7.74376694772e-15     9.46426330794e-15     6.60587501554e-14     -2.10373369478e-15    
7.20079265905         9.26983879193e-16     1.60794897133e-15     1.05465405102e-14     -3.24126812706e-16    
7.38106318498         8.13688881493e-17     2.22320679738e-16     1.37506870036e-15     -4.05650892996e-17    
7.56133371091         1.79742244323e-17     9.89754779262e-17     5.79101923444e-16     -1.63075161724e-17    
7.74160423684         4.66840606155e-19     2.42983241743e-17     1.3487861511e-16      -3.60423989472e-18    
7.92187476277         -3.41555628479e-18    2.74336301314e-17     1.44857391498e-16     -3.64982931934e-18    
8.10214528869         -7.7712880272e-18     3.08055111539e-17     1.55108116321e-16     -3.6590377901e-18     
8.28241581462         -1.26089158967e-17    3.44189927735e-17     1.65625966829e-16     -3.62927616594e-18    
8.46268634055         -1.79362862402e-17    3.82788107145e-17     1.7640655466e-16      -3.55807851697e-18    
8.64295686648         -2.37606002271e-17    4.23894294716e-17     1.87446244448e-16     -3.44356135781e-18    
8.82322739241         -3.00884759383e-17    4.67550597679e-17     1.98739759299e-16     -3.28410135825e-18    
9.00349791834         -3.69260037096e-17    5.137967492e-17       2.10283648071e-16     -3.07664248168e-18    
9.18376844427         -4.42787955295e-17    5.62670261471e-17     2.2207470895e-16      -2.81916245171e-18    
9.3640389702          -5.2152029193e-17     6.14206568712e-17     2.34109863872e-16     -2.50973698742e-18    
9.54430949613         -6.05504878255e-17    6.68439160593e-17     2.46386224796e-16     -2.14653493845e-18    
9.72458002205         -6.94785953098e-17    7.25399706609e-17     2.58901092294e-16     -1.72781356609e-18    
9.90485054798         -7.89404480905e-17    7.85118171941e-17     2.71651945082e-16     -1.25191399221e-18    
10.0851210739         -8.89398437627e-17    8.47622925355e-17     2.8463642793e-16      -7.17256830156e-19    
10.2653915998         -9.94803068092e-17    9.12940839641e-17     2.97852339732e-16     -1.22338005938e-19    
10.4456621258         -1.10565111802e-16    9.8109738511e-17      3.11297622243e-16     5.34275226638e-19     
10.6259326517         -1.22197304345e-16    1.05211671663e-16     3.2497034965e-16      1.2539480766e-18      
10.8062031776         -1.34379720008e-16    1.12602175461e-16     3.38868719016e-16     2.03798181449e-18     
10.9864737036         -1.47115001461e-16    1.20283426049e-16     3.52991041605e-16     2.88761718332e-18     
11.1667442295         -1.6040561401e-16     1.28257490692e-16     3.67335735122e-16     3.80403762727e-18     
11.3470147554         -1.74253859684e-16    1.36526334322e-16     3.81901316973e-16     4.78837234474e-18     
11.5272852813         -1.8866189005e-16     1.45091825638e-16     3.96686398885e-16     5.84169917273e-18     
11.7075558073         -2.03631717857e-16    1.53955742787e-16     4.11689683826e-16     6.96504731013e-18     
11.8878263332         -2.19165227659e-16    1.63119778666e-16     4.2690996868e-16      8.15939988757e-18     
12.0680968591         -2.35264185482e-16    1.7258554587e-16      4.42346171203e-16     9.42569639149e-18     
12.2483673851         -2.51930247671e-16    1.82354581305e-16     4.57997563983e-16     1.07645243746e-17     
12.428637911          -2.69164968962e-16    1.92428350505e-16     4.73862139322e-16     1.21763307867e-17     
12.6089084369         -2.86969809876e-16    2.02808251653e-16     4.89939042298e-16     1.36626087877e-17     
12.7891789628         -3.05346143492e-16    2.13495619353e-16     5.06227467937e-16     1.52241450747e-17     
12.9694494888         -3.24295261654e-16    2.24491728151e-16     5.22726579477e-16     1.68616929085e-17     
13.1497200147         -3.43818380672e-16    2.35797795829e-16     5.39435568105e-16     1.85759738146e-17     
13.3299905406         -3.63916646566e-16    2.47414986495e-16     5.56353661724e-16     2.03676791874e-17     
13.5102610666         -3.84591139881e-16    2.59344413468e-16     5.7348012607e-16      2.22374718021e-17     
13.6905315925         -4.05842880125e-16    2.71587141996e-16     5.90814263777e-16     2.41859872418e-17     
13.8708021184         -4.27672829862e-16    2.84144191791e-16     6.08355412782e-16     2.62138352431e-17     
14.0510726443         -4.50081898485e-16    2.97016539417e-16     6.26102944519e-16     2.83216009667e-17     
14.2313431703         -4.73070945699e-16    3.10205120525e-16     6.44056262092e-16     3.0509846196e-17      
14.4116136962         -4.96640784742e-16    3.23710831962e-16     6.62214798483e-16     3.27791104693e-17     
14.5918842221         -5.20792185365e-16    3.37534533744e-16     6.80578014854e-16     3.51299121489e-17     
14.7721547481         -5.45525876592e-16    3.51677050912e-16     6.99145398919e-16     3.75627494313e-17     
14.952425274          -5.70842549271e-16    3.66139175286e-16     7.17916463426e-16     4.00781013019e-17     
15.1326957999         -5.96742858451e-16    3.80921667107e-16     7.3689074472e-16      4.26764284373e-17     
15.3129663258         -6.23227425577e-16    3.96025256589e-16     7.56067801406e-16     4.5358174059e-17      
15.4932368518         -6.50296840536e-16    4.11450645379e-16     7.75447213085e-16     4.81237647408e-17     
15.6735073777         -6.77951663558e-16    4.27198507935e-16     7.95028579176e-16     5.09736111729e-17     
15.8537779036         -7.0619242698e-16     4.43269492825e-16     8.14811517816e-16     5.39081088853e-17     
16.0340484296         -7.35019636897e-16    4.5966422395e-16      8.34795664824e-16     5.69276389332e-17     
16.2143189555         -7.64433774689e-16    4.76383301709e-16     8.54980672733e-16     6.00325685455e-17     
16.3945894814         -7.94435298457e-16    4.93427304083e-16     8.75366209886e-16     6.32232517405e-17     
16.5748600074         -8.25024644353e-16    5.10796787675e-16     8.95951959582e-16     6.6500029909e-17      
16.7551305333         -8.56202227826e-16    5.28492288688e-16     9.16737619283e-16     6.98632323671e-17     
16.9354010592         -8.87968444786e-16    5.46514323843e-16     9.37722899866e-16     7.33131768815e-17     
17.1156715851         -9.20323672693e-16    5.6486339126e-16      9.58907524925e-16     7.68501701674e-17     
17.2959421111         -9.53268271573e-16    5.83539971286e-16     9.80291230108e-16     8.04745083614e-17     
17.476212637          -9.86802584972e-16    6.02544527278e-16     1.00187376251e-15     8.41864774707e-17     
17.6564831629         -1.02092694085e-15    6.21877506345e-16     1.02365488008e-15     8.79863538002e-17     
17.8367536889         -1.05564165241e-15    6.4153934006e-16      1.0456343511e-15      9.18744043579e-17     
18.0170242148         -1.0909470189e-15     6.61530445122e-16     1.06781195367e-15     9.58508872411e-17     
18.1972947407         -1.12684332632e-15    6.81851223996e-16     1.0901874752e-15      9.99160520029e-17     
18.3775652666         -1.16333084815e-15    7.02502065514e-16     1.11276071203e-15     1.04070140002e-16     
18.5578357926         -1.20040984598e-15    7.23483345446e-16     1.13553146894e-15     1.08313384733e-16     
18.7381063185         -1.2380805701e-15     7.44795427048e-16     1.15849955885e-15     1.12646012148e-16     
18.9183768444         -1.27634326011e-15    7.66438661575e-16     1.18166480237e-15     1.17068240951e-16     
19.0986473704         -1.31519814546e-15    7.88413388776e-16     1.20502702758e-15     1.21580282891e-16     
19.2789178963         -1.35464544592e-15    8.10719937361e-16     1.22858606966e-15     1.26182343033e-16     
19.4591884222         -1.3946853721e-15     8.33358625445e-16     1.25234177071e-15     1.3087462002e-16      
19.6394589481         -1.43531812588e-15    8.56329760975e-16     1.27629397954e-15     1.35657306322e-16     
19.8197294741         -1.47654390085e-15    8.79633642131e-16     1.30044255157e-15     1.40530588472e-16     
20                    0                     0                     0                     0                     
