0.0779191396          0                     0                     0                     0                     
0.0876010615596       0.590142420307        0.024737461937        0.147480018692        0.0147395558764       
0.0972829835193       2.82833632235         -0.2986862567         0.730538517541        -0.0890920907441      
0.106964905479        5.58454726707         -1.39948145954        1.43086318856         -0.494327395462       
0.116646827439        7.82773340614         -2.84467441478        1.94308828729         -1.04578083847        
0.126328749398        9.36201358896         -4.2136719637         2.23392433346         -1.5777390464         
0.136010671358        10.2846940259         -5.34241456687        2.35459779584         -2.02202329504        
0.145692593317        10.7408579099         -6.20100478232        2.35968724077         -2.36371513967        
0.155374515277        10.8618190819         -6.81309724255        2.29200015529         -2.61007578791        
0.165056437237        10.7499490416         -7.21802399916        2.18131189042         -2.77545067188        
0.174738359196        10.480988631          -7.45649142387        2.04735738729         -2.87532391702        
0.184420281156        10.112807691          -7.56555265515        1.90390392329         -2.92377402945        
0.194102203116        9.6852241798          -7.57589473376        1.75931466664         -2.93279458738        
0.203784125075        9.22533808643         -7.51304395438        1.61840937164         -2.9123729023         
0.213466047035        8.75188711099         -7.3962395207         1.48397872456         -2.87010876374        
0.223147968995        8.27831045361         -7.24030876549        1.35765564724         -2.81194252613        
0.232829890954        7.81341197885         -7.05706669893        1.24005805814         -2.74262055144        
0.242511812914        7.36272760928         -6.8552729988         1.13122193459         -2.66559433252        
0.252193734873        6.930173343           -6.64167373655        1.03106387698         -2.58356961885        
0.261875656833        6.51772799088         -6.42128974169        0.939187203409        -2.49859371532        
0.271557578793        6.12675095994         -6.19831341696        0.855195985273        -2.41236118521        
0.281239500752        5.75745348108         -5.97564028479        0.778506878385        -2.32604647773        
0.290921422712        5.40970358776         -5.75597887337        0.708582974624        -2.24074439789        
0.300603344672        5.08225877219         -5.54028030091        0.644691823441        -2.15687422641        
0.310285266631        4.7749670354          -5.33050374459        0.586394585009        -2.07521139434        
0.319967188591        4.48559053065         -5.12656522285        0.532880730536        -1.99579085255        
0.329649110551        4.21401580445         -4.928594029          0.483916321249        -1.91868036602        
0.33933103251         3.95963141955         -4.73752939675        0.439181713487        -1.84420820233        
0.34901295447         3.72099690573         -4.55342734448        0.3981860177          -1.77240312734        
0.35869487643         3.4975115627          -4.37609752947        0.360704751425        -1.70320506823        
0.368376798389        3.2878560647          -4.20560831221        0.326322109887        -1.63666723242        
0.378058720349        3.09124334828         -4.04149266598        0.294810222455        -1.57262871469        
0.387740642308        2.90731176467         -3.88454972456        0.266028661316        -1.51137822099        
0.397422564268        2.73473891244         -3.73377200947        0.239586752854        -1.45252873744        
0.407104486228        2.5726784927          -3.58927403126        0.215285144681        -1.3961290733         
0.416786408187        2.42072442481         -3.45084236786        0.192998973652        -1.34210314112        
0.426468330147        2.27819557195         -3.31801284222        0.172572104307        -1.29026688622        
0.436150252107        2.14423395591         -3.19121978256        0.153748719757        -1.24079168722        
0.445832174066        2.01845763005         -3.069704718          0.136455894406        -1.19338023507        
0.455514096026        1.90010781016         -2.95342294244        0.120508543138        -1.14801714274        
0.465196017986        1.78837112403         -2.84180660853        0.105692431337        -1.104516073          
0.474877939945        1.68343861643         -2.73484999773        0.092083107546        -1.06282721746        
0.484559861905        1.58478909991         -2.63239223329        0.0795761811753       -1.02290263183        
0.494241783864        1.49183672357         -2.53410008336        0.0680161738502       -0.984605479548       
0.503923705824        1.40423476589         -2.43995150608        0.0573431396282       -0.947920694428       
0.513605627784        1.32168852819         -2.34961189838        0.0475108851639       -0.912733344916       
0.523287549743        1.2437384381          -2.26281646238        0.0384211341395       -0.87894247152        
0.532969471703        1.17037685008         -2.17984619915        0.0300322399265       -0.846651634446       
0.542651393663        1.10103158806         -2.100018251          0.0222707397399       -0.81559109902        
0.552333315622        1.03561282399         -2.02343896004        0.0151173743279       -0.785798773034       
0.562015237582        0.97379597526         -1.94983528382        0.00849767068088      -0.75717350965        
0.571697159542        0.915367959296        -1.87911948147        0.00238054188111      -0.729676604004       
0.581379081501        0.859913627112        -1.81102935139        -0.00333572897291     -0.703227731953       
0.591061003461        0.807630276815        -1.74552932332        -0.00858632361484     -0.677781841156       
0.60074292542         0.758325129408        -1.68237741868        -0.0133710369892      -0.653255133215       
0.61042484738         0.711664303195        -1.6217290259         -0.0177797477592      -0.629709024064       
0.62010676934         0.667674024108        -1.56360150794        -0.0218360486819      -0.607139576705       
0.629788691299        0.625968816897        -1.50749687674        -0.0255674127031      -0.585357045709       
0.639470613259        0.586553815128        -1.45346691472        -0.0289721739173      -0.564390800181       
0.649152535219        0.549300029458        -1.40149876572        -0.0320835060203      -0.544232470899       
0.658834457178        0.514009164082        -1.35145030025        -0.0349489892091      -0.524823663962       
0.668516379138        0.480564843722        -1.30328251462        -0.0375809467932      -0.506145624543       
0.678198301098        0.448719826104        -1.2567708159         -0.0400397981397      -0.488124163846       
0.687880223057        0.41861158522         -1.21188982017        -0.0422769212274      -0.470733702205       
0.697562145017        0.39016154273         -1.16860291982        -0.0442911276586      -0.453964058707       
0.707244066977        0.363202278432        -1.12676021518        -0.0461224449983      -0.437761412765       
0.716925988936        0.337705238499        -1.08646561832        -0.0477747534061      -0.422160534879       
0.726607910896        0.313545951319        -1.04755249532        -0.0492691068642      -0.407092643264       
0.736289832855        0.290661823949        -1.00996109974        -0.0506075213018      -0.392538646223       
0.745971754815        0.268993893115        -0.97361579917        -0.0517921841453      -0.378471771025       
0.755653676775        0.248459413467        -0.938668170595       -0.0528703517142      -0.364951246141       
0.765335598734        0.229000384758        -0.904718172515       -0.0538148723704      -0.351819266837       
0.775017520694        0.210609633323        -0.871950137138       -0.054635678236       -0.339144816292       
0.784699442654        0.193222195266        -0.840272523493       -0.0553370209333      -0.326892879484       
0.794381364613        0.176825203239        -0.809801689491       -0.055930761822       -0.315109947895       
0.804063286573        0.161244961428        -0.780061236411       -0.0564206247405      -0.303611503777       
0.813745208533        0.14653849312         -0.751457448092       -0.0568263150258      -0.292550733351       
0.823427130492        0.132564532009        -0.723733765998       -0.0571646283997      -0.28183327694        
0.833109052452        0.119404371327        -0.6969605768         -0.0574082564919      -0.271485926153       
0.842790974411        0.106958201108        -0.670948932061       -0.0575719424572      -0.261432104127       
0.852472896371        0.0952280103453       -0.645866800507       -0.0576698095441      -0.251738139565       
0.862154818331        0.0841597219179       -0.62154766019        -0.0576929723346      -0.242339288515       
0.87183674029         0.0737353214231       -0.597987952187       -0.0576436561361      -0.23323464323        
0.88151866225         0.0638814719408       -0.575181914659       -0.057544349258       -0.22442103017        
0.89120058421         0.0546409847677       -0.553546154851       -0.0574434134951      -0.216059825662       
0.900882506169        0.0458766175175       -0.53162375561        -0.057168624225       -0.207585385771       
0.910564428129        0.0376936972027       -0.510855272698       -0.0568926283527      -0.199558243927       
0.920246350089        0.0300105245429       -0.490716298805       -0.0565635009955      -0.191773258939       
0.929928272048        0.0228006211944       -0.471203697253       -0.0561871843875      -0.184230699705       
0.939610194008        0.0160249077282       -0.452229294389       -0.0557698841015      -0.176895278598       
0.949292115967        0.00971335097955      -0.433868191962       -0.0553030226218      -0.169794313596       
0.958974037927        0.00381814306892      -0.415986179746       -0.0547847086024      -0.162877943951       
0.968655959887        -0.00168091858447     -0.398584075902       -0.054220350538       -0.156146245156       
0.978337881846        -0.00678228180726     -0.381499305657       -0.0535869099773      -0.149534799915       
0.988019803806        -0.0114691889044      -0.363986530713       -0.0527761205853      -0.142751037458       
0.997701725766        -0.0157748069309      -0.346919475455       -0.0519145271032      -0.136136572329       
1.00738364773         -0.0197130031716      -0.330578005665       -0.0510436962137      -0.129802774691       
1.01706556968         -0.0232960367537      -0.314946649893       -0.0501619968223      -0.123742538111       
1.02674749164         -0.0265818437351      -0.29990698705        -0.0492767901706      -0.117910909458       
1.0364294136          -0.0295513554667      -0.285484847601       -0.0483788538405      -0.112316557774       
1.04611133556         -0.0322357841554      -0.271638530412       -0.0474731333958      -0.106943758881       
1.05579325752         -0.0346464802945      -0.258343477183       -0.0465593111069      -0.101783624912       
1.06547517948         -0.0368008542793      -0.245569336457       -0.0456378466171      -0.0968236624048      
1.07515710144         -0.0387143917322      -0.233287407347       -0.0447092207848      -0.0920524675162      
1.0848390234          -0.0403983785114      -0.221497842448       -0.0437755078725      -0.0874711946637      
1.09452094536         -0.0418615678479      -0.210169106518       -0.0428359483931      -0.0830669875568      
1.10420286732         -0.0431237772263      -0.199283577285       -0.0418926415567      -0.0788329016448      
1.11388478928         -0.0441931181344      -0.188827129994       -0.0409461648188      -0.0747637248278      
1.12356671124         -0.0450809893686      -0.178781520234       -0.0399970987035      -0.0708523022776      
1.1332486332          -0.0457960681656      -0.169135879579       -0.0390461835351      -0.0670945918104      
1.14293055516         -0.0463475044385      -0.159868765436       -0.0380927702266      -0.0634821084366      
1.15261247712         -0.0467472927846      -0.15097512579        -0.0371398433778      -0.0600131165752      
1.16229439908         -0.0470028557284      -0.142440052957       -0.0361867915315      -0.0566819075524      
1.17197632104         -0.0471161931506      -0.134238977807       -0.0352314646202      -0.0534787679985      
1.181658243           -0.0471027544385      -0.12637420359        -0.0342776840789      -0.0504046388582      
1.19134016496         -0.0469663270929      -0.118828179555       -0.0333242582063      -0.0474528422008      
1.20102208692         -0.046713093456       -0.111590156073       -0.0323712797782      -0.0446192176721      
1.21070400888         -0.0463499771747      -0.104652954739       -0.0314193795076      -0.0419010189495      
1.22038593084         -0.0458843861505      -0.0980028379636      -0.0304694070232      -0.0392929778084      
1.2300678528          -0.0453185480923      -0.0916300858161      -0.029519693918       -0.0367912800958      
1.23974977476         -0.0446613470052      -0.0855343012798      -0.0285727403434      -0.034395898235       
1.24943169672         -0.0439149077952      -0.0796942601565      -0.0276261845401      -0.0320985200198      
1.25911361868         -0.0430847787452      -0.0741111553523      -0.0266814039857      -0.0298997354291      
1.26879554064         -0.0421751934534      -0.0687747384057      -0.0257379319709      -0.0277955162799      
1.2784774626          -0.0411913432438      -0.063678915485       -0.0247963963661      -0.0257836054861      
1.28815938455         -0.040137329582       -0.0588179454631      -0.0238568492769      -0.0238618247905      
1.29784130651         -0.0390168244356      -0.054185865793       -0.022919293166       -0.0220279122529      
1.30752322847         -0.037834180239       -0.049778650665       -0.0219840399492      -0.0202802834128      
1.31720515043         -0.0365923888166      -0.0455879005687      -0.0210505455332      -0.0186157517794      
1.32688707239         -0.0352945663999      -0.0416108562728      -0.0201188264636      -0.0170333256941      
1.33656899435         -0.033946970823       -0.0378453876159      -0.0191904031826      -0.0155322457008      
1.34625091631         -0.0325517720124      -0.0342858113548      -0.0182645506143      -0.0141103354847      
1.35593283827         -0.031114754239       -0.0309327773642      -0.0173426219393      -0.0127680063469      
1.36561476023         -0.0296379059038      -0.0277803156202      -0.0164239110002      -0.0115029732298      
1.37529668219         -0.028129738016       -0.0248284888985      -0.0155111029567      -0.0103153941136      
1.38497860415         -0.0265940810652      -0.0220755928861      -0.0146043764921      -0.0092047565154      
1.39466052611         -0.0250382499795      -0.0195202988154      -0.0137057159948      -0.00817073044416     
1.40434244807         -0.0234688628919      -0.017160826756       -0.0128166645439      -0.00721278130649     
1.41402437003         -0.0218951548768      -0.0149960740984      -0.0119399985741      -0.00633071397564     
1.42370629199         -0.020335894994       -0.013029558316       -0.0110836694502      -0.00552637147905     
1.43338821395         -0.0187746047528      -0.011240580722       -0.0102362954845      -0.00479135903029     
1.44307013591         -0.0172482774684      -0.009641033783       -0.00941563794258     -0.00413119148012     
1.45275205787         -0.0157611460019      -0.0082194259939      -0.00862164465591     -0.00354152734205     
1.46243397983         -0.0143237711595      -0.00696676253608     -0.00785782663307     -0.00301914214203     
1.47211590179         -0.012946519081       -0.00587249466654     -0.00712783063226     -0.00256018780504     
1.48179782375         -0.0116375561843      -0.00492401934314     -0.00643443199923     -0.00215996225231     
1.49147974571         -0.0104051699339      -0.00410866078684     -0.00578083728037     -0.00181371475451     
1.50116166767         -0.00925229939952     -0.00341171279725     -0.00516770472443     -0.00151577775138     
1.51084358963         -0.00818264356458     -0.00281982311123     -0.00459649517726     -0.00126101067535     
1.52052551159         -0.00719590307654     -0.002319384682       -0.00406678133898     -0.00104407907858     
1.53020743355         -0.0062912820457      -0.00189819188717     -0.00357812847436     -0.000860175028873    
1.53988935551         -0.00546616408246     -0.00154500559905     -0.00312928855465     -0.00070482045993     
1.54957127747         -0.00471700259139     -0.00124983219287     -0.00271862721899     -0.000574002343025    
1.55925319942         -0.00404025573226     -0.00100407861959     -0.00234460992109     -0.000464249867546    
1.56893512138         -0.00343139087404     -0.000800145793921    -0.0020051846663      -0.000372462542228    
1.57861704334         -0.00288628700111     -0.000631619257345    -0.00169855336965     -0.000296007593755    
1.5882989653          -0.00240039770109     -0.000492922828358    -0.00142266630473     -0.00023257552307     
1.59798088726         -0.00196972153087     -0.000379396091562    -0.00117577188505     -0.000180224857377    
1.60766280922         -0.00158998505409     -0.000286984987793    -0.000955924150361    -0.000137249419959    
1.61734473118         -0.00125770259165     -0.000212347317671    -0.000761608940107    -0.000102236501782    
1.62702665314         -0.000969218986899    -0.000152571007515    -0.000591169792235    -7.394160031e-05      
1.6367085751          -0.000721488872526    -0.000105231647194    -0.000443277075332    -5.13224982327e-05    
1.64639049706         -0.00051166166453     -6.82467192677e-05    -0.000316681043143    -3.34752253729e-05    
1.65607241902         -0.000337517427292    -3.98739010425e-05    -0.000210485034115    -1.96383428564e-05    
1.66575434098         -0.000197377543264    -1.86235675404e-05    -0.000124102184833    -9.15462191505e-06    
1.67543626294         -9.06008346263e-05    -3.23144843412e-06    -5.75817414915e-05    -1.46129035552e-06    
1.6851181849          -1.90154713096e-05    7.37838523534e-06     -1.25513226001e-05    3.92535312943e-06     
1.6951181849          2.74522255318e-06     2.48705713448e-05     1.03268153425e-06     1.47033195891e-05     
1.69534040712         2.77103649082e-06     2.58673413141e-05     1.04269213881e-06     1.53337896628e-05     
1.69556262934         2.79650258984e-06     2.68844830291e-05     1.05257106788e-06     1.59779064942e-05     
1.69578485157         2.82162527804e-06     2.79213588268e-05     1.06231992694e-06     1.66352573737e-05     
1.69600707379         2.84640875893e-06     2.89773796829e-05     1.0719402427e-06      1.73054612239e-05     
1.69622929601         2.87085696726e-06     3.00520022003e-05     1.08143344518e-06     1.79881665259e-05     
1.69645151823         2.89497364439e-06     3.11447179465e-05     1.0908008954e-06      1.8683044593e-05      
1.69667374046         2.91876236964e-06     3.22550487855e-05     1.10004389685e-06     1.93897865482e-05     
1.69689596268         2.94222657873e-06     3.33825438972e-05     1.10916370212e-06     2.01081013621e-05     
1.6971181849          2.96536957906e-06     3.45267771745e-05     1.11816151832e-06     2.0837714136e-05      
1.7071181849          3.71608866068e-06     9.88748618795e-05     1.41219766898e-06     6.24988608468e-05     
1.71627074162         4.00435528206e-06     0.000171862339501     1.52846299363e-06     0.000110688133279     
1.72542329834         4.01515691538e-06     0.000252374987564     1.53784531646e-06     0.000164687143631     
1.73457585507         3.82245782686e-06     0.000337226951353     1.46852327254e-06     0.000222433848029     
1.74372841179         3.48372480933e-06     0.000424291617861     1.34248082219e-06     0.000282528055979     
1.75288096851         3.04440828577e-06     0.0005120385037       1.17715570613e-06     0.000343940189173     
1.76203352523         2.54071406673e-06     0.000599314320659     9.86471755908e-07     0.000405874120476     
1.77118608195         2.00151689978e-06     0.000685228269255     7.81557119344e-07     0.000467696742741     
1.78033863867         1.44973546773e-06     0.000769080061229     5.7126299521e-07      0.000528893331821     
1.7894911954          9.03413949279e-07     0.000850314747369     3.62573396212e-07     0.000589040055968     
1.79864375212         3.76572789059e-07     0.000928491409882     1.6092841611e-07      0.000647785160553     
1.80779630884         -1.20118725773e-07    0.00100325986198      -2.95195899616e-08    0.000704834446327     
1.81694886556         -5.78776973946e-07    0.00107434495595      -2.05690242583e-07    0.000759942241636     
1.82610142228         -9.93831747632e-07    0.00114153294788      -3.65394534938e-07    0.000812903077531     
1.83525397901         -1.36164651033e-06    0.00120466216369      -5.07189547468e-07    0.000863546041623     
1.84440653573         -1.68018459493e-06    0.00126361458738      -6.30250457395e-07    0.000911729719752     
1.85355909245         -1.94872445929e-06    0.0013183096524       -7.34261283538e-07    0.000957338650496     
1.86271164917         -2.16762410466e-06    0.00136869918051      -8.19324410152e-07    0.00100028024795      
1.87186420589         -2.3381187357e-06     0.00141476241121      -8.85882760179e-07    0.00104048162619      
1.88101676262         -2.46213909479e-06    0.00145650267165      -9.34649906643e-07    0.00107788780787      
1.89016931934         -2.54216498096e-06    0.00149394434914      -9.66553629403e-07    0.0011124598685       
1.89932187606         -2.58109581818e-06    0.00152712969126      -9.82686003472e-07    0.00114417293418      
1.90847443278         -2.58213758631e-06    0.00155611679063      -9.84259781068e-07    0.00117301497781      
1.9176269895          -2.54870735768e-06    0.00158097766872      -9.72571515033e-07    0.00119898562956      
1.92677954622         -2.48435334057e-06    0.00160179600844      -9.48970629909e-07    0.00122209475345      
1.93593210295         -2.39268606929e-06    0.0016186659164       -9.14832791117e-07    0.00124236170226      
1.94508465967         -2.27731786707e-06    0.00163169055058      -8.71536454462e-07    0.00125981446214      
1.95423721639         -2.14181419259e-06    0.00164098055903      -8.20443979896e-07    0.00127448859859      
1.96338977311         -1.98965369224e-06    0.00164665319341      -7.6288610564e-07     0.00128642666456      
1.97254232983         -1.82419054735e-06    0.00164883134615      -7.0014730834e-07     0.00129567763894      
1.98169488656         -1.64862823692e-06    0.00164764247917      -6.33455556107e-07    0.00130229617035      
1.99084744328         -1.46599962972e-06    0.00164321787571      -5.63974507782e-07    0.00130634202093      
2                     -1.27914660994e-06    0.00163569189339      -4.92795537791e-07    0.00130787959802      
2.01                  -1.07326638983e-06    0.00162408491252      -4.14277752738e-07    0.00130677310603      
2.19171717172         8.17649211508e-07     0.00100726340217      3.12251493414e-07     0.000905522043055     
2.37343434343         -1.70781819573e-07    0.000252368756086     -6.50415600592e-08    0.000253036247617     
2.55515151515         7.46572444366e-05     4.59196029289e-07     8.40593119421e-05     -3.67816926101e-07    
2.73686868687         0.00045830598319      7.38277141717e-06     0.000572817370156     -1.05961968662e-05    
2.91858585859         0.000733939710516     2.27287202044e-05     0.00101298219484      -3.03913500448e-05    
3.1003030303          0.000792862509554     4.05984583241e-05     0.00120618798474      -4.76759880163e-05    
3.28202020202         0.000683189666045     5.28971737106e-05     0.00114536592748      -5.42920403434e-05    
3.46373737374         0.000499577030383     5.51692268664e-05     0.000923846251887     -4.97581052444e-05    
3.64545454545         0.000319501808249     4.83336299183e-05     0.000653017355684     -3.86722191595e-05    
3.82717171717         0.000181790088179     3.66083233274e-05     0.000411847665586     -2.61775898883e-05    
4.00888888889         9.30002258124e-05     2.44246160683e-05     0.00023446869013      -1.57269603863e-05    
4.19060606061         4.30699808812e-05     1.45419233905e-05     0.000121446427414     -8.48871060939e-06    
4.37232323232         1.81357435301e-05     7.79859964825e-06     5.75588013062e-05     -4.14987462275e-06    
4.55404040404         6.96106699261e-06     3.7933317495e-06      2.50661872229e-05     -1.84907106903e-06    
4.73575757576         2.43811103454e-06     1.68236666101e-06     1.00621580172e-05     -7.54619939822e-07    
4.91747474747         7.78920550089e-07     6.83107116027e-07     3.73217791674e-06     -2.83075011025e-07    
5.09919191919         2.26509953351e-07     2.54756237118e-07     1.28154804596e-06     -9.78568893743e-08    
5.28090909091         5.96917570126e-08     8.74886294545e-08     4.08010336012e-07     -3.1243370448e-08     
5.46262626263         1.41383171985e-08     2.77257427657e-08     1.20588816123e-07     -9.22939187831e-09    
5.64434343434         2.9634181483e-09      8.12218847501e-09     3.31193946263e-08     -2.52619313609e-09    
5.82606060606         5.32176504461e-10     2.20266979985e-09     8.45985793267e-09     -6.41442274116e-10    
6.00777777778         7.53190929499e-11     5.53657501458e-10     2.01120720359e-09     -1.51259244031e-10    
6.18949494949         5.80369828604e-12     1.29121200688e-10     4.45264464173e-10     -3.31516797407e-11    
6.37121212121         -9.55905257949e-13    2.79643174436e-11     9.1848429366e-11      -6.75759907204e-12    
6.55292929293         -5.81687668233e-13    5.6286071905e-12      1.76610957059e-11     -1.28190051798e-12    
6.73464646465         -1.72938007071e-13    1.05364903047e-12     3.16695644838e-12     -2.26432145774e-13    
6.91636363636         -3.99320029148e-14    1.83313453383e-13     5.29106916732e-13     -3.72128478016e-14    
7.09808080808         -7.93500181959e-15    2.98868204194e-14     8.30255219201e-14     -5.73655865201e-15    
7.2797979798          -1.42298902498e-15    4.62013563509e-15     1.23784559284e-14     -8.39207508143e-16    
7.46151515152         -2.0062272911e-16     5.79774474146e-16     1.50097804884e-15     -9.97339295643e-17    
7.64323232323         -5.26232963671e-17    1.38404746717e-16     3.46839095605e-16     -2.25626355444e-17    
7.82494949495         -6.25785440009e-17    1.52248579489e-16     3.69906566453e-16     -2.35339545874e-17    
8.00666666667         -7.32366524987e-17    1.66862411197e-16     3.93646698759e-16     -2.44689279304e-17    
8.18838383838         -8.46020052897e-17    1.82254177865e-16     4.18056927137e-16     -2.5364512722e-17     
8.3701010101          -9.66785540364e-17    1.98431288679e-16     4.43135316435e-16     -2.62179762804e-17    
8.55181818182         -1.09469866673e-16    2.15400667934e-16     4.68878661459e-16     -2.70278146914e-17    
8.73353535354         -1.22979169452e-16    2.33168793199e-16     4.95284630061e-16     -2.77902708051e-17    
8.91525252525         -1.37209383818e-16    2.51741730065e-16     5.22351580184e-16     -2.85029440959e-17    
9.09696969697         -1.52163158825e-16    2.71125163814e-16     5.50077828153e-16     -2.91635692028e-17    
9.27868686869         -1.67842899681e-16    2.91324428291e-16     5.78461793785e-16     -2.97700071184e-17    
9.4604040404          -1.84250792932e-16    3.12344532265e-16     6.07502009475e-16     -3.03202369764e-17    
9.64212121212         -2.01388828737e-16    3.34190183509e-16     6.37197115632e-16     -3.08123484055e-17    
9.82383838384         -2.19258820587e-16    3.56865810824e-16     6.67545853343e-16     -3.12445344129e-17    
10.0055555556         -2.37862422816e-16    3.80375584189e-16     6.98547056634e-16     -3.16150847661e-17    
10.1872727273         -2.57201146149e-16    4.04723433235e-16     7.3019964502e-16      -3.19223798373e-17    
10.368989899          -2.77276371565e-16    4.2991306418e-16      7.62502616555e-16     -3.21648848811e-17    
10.5507070707         -2.98089362648e-16    4.55947975373e-16     7.95455041434e-16     -3.23411447129e-17    
10.7324242424         -3.19641276626e-16    4.82831471585e-16     8.29056056139e-16     -3.24497787605e-17    
10.9141414141         -3.41933174248e-16    5.10566677148e-16     8.63304858096e-16     -3.24894764616e-17    
11.0958585859         -3.64966028635e-16    5.39156548053e-16     8.98200700807e-16     -3.24589929821e-17    
11.2775757576         -3.88740733223e-16    5.68603883098e-16     9.33742889418e-16     -3.23571452307e-17    
11.4592929293         -4.13258108897e-16    5.9891133417e-16      9.69930776679e-16     -3.21828081495e-17    
11.641010101          -4.38518910423e-16    6.30081415746e-16     1.00676375927e-15     -3.19349112582e-17    
11.8227272727         -4.6452383223e-16     6.62116513658e-16     1.04424127446e-15     -3.16124354349e-17    
12.0044444444         -4.91273513641e-16    6.95018893218e-16     1.08236279704e-15     -3.12144099144e-17    
12.1861616162         -5.18768543588e-16    7.28790706724e-16     1.12112783657e-15     -3.07399094891e-17    
12.3678787879         -5.47009464887e-16    7.63434000429e-16     1.16053593482e-15     -3.01880518965e-17    
12.5495959596         -5.75996778107e-16    7.98950720992e-16     1.20058666355e-15     -2.95579953806e-17    
12.7313131313         -6.05730945072e-16    8.35342721475e-16     1.2412796224e-15      -2.88489364132e-17    
12.913030303          -6.36212392054e-16    8.72611766912e-16     1.28261443708e-15     -2.80601075645e-17    
13.0947474747         -6.67441512662e-16    9.10759539482e-16     1.32459075778e-15     -2.71907755118e-17    
13.2764646465         -6.99418670477e-16    9.4978764333e-16      1.3672082579e-15      -2.6240239176e-17     
13.4581818182         -7.32144201454e-16    9.89697609052e-16     1.41046663311e-15     -2.52078279766e-17    
13.6398989899         -7.65618416107e-16    1.03049089788e-15     1.45436560118e-15     -2.40929001976e-17    
13.8216161616         -7.99841601506e-16    1.07216890556e-15     1.4989049033e-15      -2.28948414559e-17    
14.0033333333         -8.34814023102e-16    1.11473296604e-15     1.54408430972e-15     -2.16130632643e-17    
14.1850505051         -8.70535926395e-16    1.15818435482e-15     1.58990364681e-15     -2.02470016833e-17    
14.3667676768         -9.07007538457e-16    1.20252429217e-15     1.63636293489e-15     -1.87964204315e-17    
14.5484848485         -9.44229069339e-16    1.24775394606e-15     1.68346120895e-15     -1.72609399329e-17    
14.7302020202         -9.82200713345e-16    1.29387443499e-15     1.73119842907e-15     -1.56396446638e-17    
14.9119191919         -1.02092265021e-15    1.34088683058e-15     1.77957448073e-15     -1.39320568597e-17    
15.0936363636         -1.0603950462e-15     1.38879216e-15        1.82858921032e-15     -1.21377176904e-17    
15.2753535354         -1.10061805506e-15    1.4375914083e-15      1.87824246123e-15     -1.02561863292e-17    
15.4570707071         -1.14159181899e-15    1.48728552051e-15     1.92853408095e-15     -8.28703907558e-18    
15.6387878788         -1.18331646943e-15    1.53787540371e-15     1.97946392313e-15     -6.22986852938e-18    
15.8205050505         -1.22579212786e-15    1.58936192892e-15     2.03103184825e-15     -4.08428281106e-18    
16.0022222222         -1.26901890654e-15    1.64174593287e-15     2.08323772371e-15     -1.84990482665e-18    
16.1839393939         -1.31299690912e-15    1.69502821968e-15     2.13608142366e-15     4.73628426304e-19     
16.3656565657         -1.35772623128e-15    1.74920956249e-15     2.18956282878e-15     2.8866665142e-18      
16.5473737374         -1.40320696129e-15    1.80429070489e-15     2.24368182599e-15     5.3895461867e-18      
16.7290909091         -1.44943918052e-15    1.86027236236e-15     2.29843830812e-15     7.98259196219e-18     
16.9108080808         -1.49642296393e-15    1.9171552236e-15      2.35383217366e-15     1.06661166816e-17     
17.0925252525         -1.54415838052e-15    1.97493995178e-15     2.4098633264e-15      1.34404220323e-17     
17.2742424242         -1.59264549372e-15    2.0336271857e-15      2.46653167519e-15     1.63057990443e-17     
17.455959596          -1.6418843618e-15     2.09321754094e-15     2.52383713362e-15     1.92625285602e-17     
17.6376767677         -1.69187503822e-15    2.1537116109e-15      2.58177961981e-15     2.23108816803e-17     
17.8193939394         -1.74261757193e-15    2.21510996778e-15     2.64035905614e-15     2.54511201847e-17     
18.0011111111         -1.79411200773e-15    2.27741316358e-15     2.699575369e-15       2.86834969341e-17     
18.1828282828         -1.84635838647e-15    2.34062173092e-15     2.75942848859e-15     3.20082562489e-17     
18.3645454545         -1.89935674543e-15    2.40473618397e-15     2.8199183487e-15      3.54256342708e-17     
18.5462626263         -1.95310711844e-15    2.46975701917e-15     2.88104488655e-15     3.89358593046e-17     
18.727979798          -2.00760953622e-15    2.53568471605e-15     2.94280804255e-15     4.2539152144e-17      
18.9096969697         -2.06286402649e-15    2.60251973796e-15     3.00520776016e-15     4.62357263808e-17     
19.0914141414         -2.11887061425e-15    2.67026253268e-15     3.06824398573e-15     5.0025788699e-17      
19.2731313131         -2.17562932193e-15    2.73891353317e-15     3.13191666833e-15     5.39095391548e-17     
19.4548484848         -2.23314016956e-15    2.80847315811e-15     3.19622575962e-15     5.78871714428e-17     
19.6365656566         -2.29140317493e-15    2.87894181252e-15     3.26117121371e-15     6.19588731494e-17     
19.8182828283         -2.35041835374e-15    2.95031988834e-15     3.326752987e-15       6.61248259945e-17     
20                    0                     0                     0                     0                     
