0.0779191396          0                     0                     0                     0                     
0.087577837391        2.04736200853         1.72884965111         0.609778997918        0.714719739628        
0.0972365351819       9.92530942502         7.82083970799         3.10221404271         3.19264640088         
0.106895232973        21.3791804428         15.7632408441         6.97977559793         6.35578573158         
0.116553930764        33.6712878393         23.2630087415         11.4226701059         9.25194387934         
0.126212628555        45.1598016708         29.2365509259         15.8456991812         11.4429535717         
0.135871326346        55.0701149231         33.4278697574         19.9035414074         12.8388141836         
0.145530024137        63.201557013          35.9398553767         23.4524449569         13.4972676616         
0.155188721928        69.5837629191         37.0028905603         26.4364546803         13.5205672011         
0.164847419719        74.3692539389         36.8822097106         28.8537409192         13.0213926799         
0.17450611751         77.7601435199         35.817792162          30.7357280735         12.0991335036         
0.184164815301        79.8955563665         34.0103649667         32.0841103998         10.837869323          
0.193823513091        80.8832107946         31.6947172759         32.8944968213         9.35338381049         
0.203482210882        80.8846695975         29.1105821761         33.2090984509         7.77438613997         
0.213140908673        80.0706801593         26.4490136109         33.0927769655         6.21027735376         
0.222799606464        78.6188833915         23.8547133764         32.6307397551         4.74177109117         
0.232458304255        76.7073533412         21.4175279402         31.9160161539         3.41462041726         
0.242117002046        74.4831388723         19.1789921366         31.027465672          2.24568712341         
0.251775699837        72.0707798188         17.1445175903         30.032640429          1.22927500532         
0.261434397628        69.5422233394         15.3187284735         28.97075215           0.360172129992        
0.271093095419        66.9750237916         13.6666933239         27.8818477895         -0.389897291376       
0.28075179321         64.4013916077         12.185090264          26.7812767152         -1.02730339342        
0.290410491001        61.8567403564         10.8654126957         25.6886135713         -1.5603492005         
0.300069188792        59.3720612185         9.6926315929          24.6216401031         -2.00140387646        
0.309727886583        56.9702016242         8.64544318912         23.5933814025         -2.36667998342        
0.319386584374        54.6601589398         7.69952232452         22.6086288434         -2.67406498328        
0.329045282165        52.4407243875         6.84431783268         21.6652897458         -2.93163948072        
0.338703979956        50.3146560617         6.06010477415         20.764150044          -3.15338416622        
0.348362677747        48.2637705299         5.34513689267         19.8939398121         -3.34060137546        
0.358021375538        46.2964178747         4.69273785274         19.0588668641         -3.49781460759        
0.367680073329        44.4073356122         4.10226192236         18.255738055          -3.62530822279        
0.37733877112         42.5950793956         3.57078202213         17.4843623092         -3.72455227754        
0.386997468911        40.8604933812         3.0954288499          16.7456331895         -3.79718607361        
0.396656166702        39.2035421657         2.67255683409         16.0404413036         -3.84512542419        
0.406314864492        37.6241475199         2.29750662433         15.3693613762         -3.87120846272        
0.415973562283        36.1224531194         1.96419159534         14.7332465142         -3.87911196438        
0.425632260074        34.69219647           1.67134200677         14.1292473529         -3.86944811931        
0.435290957865        33.3372539489         1.41060050309         13.5600346563         -3.84755372643        
0.444949655656        32.0533623253         1.17620636669         13.0236402127         -3.81664572593        
0.454608353447        30.8371149645         0.963999880973        12.518224983          -3.77950017427        
0.464267051238        29.6840363411         0.769693002964        12.0415424551         -3.73829194481        
0.473925749029        28.589268529          0.589528733784        11.5910511331         -3.6950872639         
0.48358444682         27.548333597          0.422280348753        11.1644067014         -3.65063106889        
0.493243144611        26.5567605867         0.266557063294        10.7593713953         -3.60542488843        
0.502901842402        25.6104151642         0.121009831111        10.3737397625         -3.56012161954        
0.512560540193        24.7084437659         -0.0156661173447      10.0070242726         -3.51539787331        
0.522219237984        23.8444474026         -0.143113854722       9.65605055881         -3.4704262327         
0.531877935775        23.0198844368         -0.26257973692        9.32131332976         -3.42622657014        
0.541536633566        22.2291391523         -0.3742836348         9.00033386076         -3.38219581899        
0.551195331357        21.4710405946         -0.478377937499       8.69246175937         -3.33831955219        
0.560854029148        20.7437937635         -0.575119200414       8.39695006165         -3.29447547518        
0.570512726939        20.0448185549         -0.664647126476       8.11263648796         -3.25040970522        
0.58017142473         19.3743133824         -0.747218709693       7.83960962267         -3.20626139906        
0.589830122521        18.7296619678         -0.822987396961       7.57680716773         -3.16174429694        
0.599488820312        18.1099267644         -0.89214171523        7.32384545847         -3.11679902602        
0.609147518103        17.5146469177         -0.954965652394       7.08060034205         -3.07149323578        
0.618806215893        16.940604998          -1.01137242548        6.84573840942         -3.02529941597        
0.628464913684        16.3899238496         -1.06297422862        6.62036135364         -2.97945803823        
0.638123611475        15.8590595854         -1.10719331831        6.40278265877         -2.93184425113        
0.647782309266        15.3496060391         -1.14748076678        6.19409944809         -2.88470007254        
0.657441007057        14.8590085176         -1.18239009754        5.99296875783         -2.83690843952        
0.667099704848        14.3870061331         -1.21272103385        5.79946794284         -2.78882962558        
0.676758402639        13.9331964317         -1.2385094177         5.61348150535         -2.74037445023        
0.68641710043         13.4966630566         -1.26042740943        5.43468859182         -2.69184682821        
0.696075798221        13.0762672234         -1.27855749789        5.26258832664         -2.64316167456        
0.705734496012        12.6722218496         -1.29331318676        5.09732609            -2.59457669304        
0.715393193803        12.2833211434         -1.3049876692         4.9384534081          -2.54608671149        
0.725051891594        11.9091380779         -1.3138438739         4.78580678516         -2.49780303848        
0.734710589385        11.5488957661         -1.32019008069        4.63904548094         -2.44983363489        
0.744369287176        11.202558296          -1.32426700657        4.49820429055         -2.40229359           
0.754027984967        10.868965281          -1.32634967295        4.36277896363         -2.35522625927        
0.763686682758        10.5476646387         -1.32661216305        4.23259202561         -2.30867718507        
0.773345380549        10.2384106643         -1.32539157645        4.10754119175         -2.2628246194         
0.78300407834         9.94076120169         -1.32316082718        3.98748358598         -2.21791918979        
0.792662776131        9.65301318157         -1.31911941796        3.87151074877         -2.17328090818        
0.802321473922        9.37660276366         -1.31393878326        3.76044798841         -2.12942654934        
0.811980171713        9.10982382434         -1.30819276739        3.65346150091         -2.0865847966         
0.821638869504        8.85238710178         -1.30173762118        3.55041556862         -2.04461754302        
0.831297567294        8.60396592035         -1.29460855103        3.45119055126         -2.00349441822        
0.840956265085        8.36401840113         -1.28694758582        3.35548145396         -1.96327732881        
0.850614962876        8.13220577804         -1.27893407477        3.26325323088         -1.92396292692        
0.860273660667        7.90810482783         -1.27029123038        3.17417814689         -1.88543165479        
0.869932358458        7.69062231298         -1.26067336412        3.08779541087         -1.84734766769        
0.879591056249        7.48083522453         -1.25102511844        3.00468544664         -1.81031051442        
0.88924975404         7.27799916772         -1.24127097355        2.92447057378         -1.77421277912        
0.898908451831        7.08158391865         -1.23136662566        2.84689423879         -1.73899071045        
0.908567149622        6.89122681545         -1.22119449815        2.77181989485         -1.70451215775        
0.918225847413        6.70686598053         -1.21119561515        2.69919255915         -1.67099046659        
0.927884545204        6.52779242941         -1.20127080834        2.62870924589         -1.63830265502        
0.937543242995        6.35358834276         -1.19131871082        2.56016557493         -1.60637026989        
0.947201940786        6.18430370614         -1.18135009647        2.49358776892         -1.57520230535        
0.956860638577        6.01887163081         -1.17118830063        2.42851380276         -1.54455821278        
0.966519336368        5.85703085379         -1.16078013397        2.36483034894         -1.51436209896        
0.976178034159        5.69715268461         -1.14986258572        2.30189051921         -1.48422836114        
0.98583673195         5.5293672693          -1.13636346818        2.23568655718         -1.45153527738        
0.995495429741        5.35980606792         -1.12162626652        2.16865716164         -1.41798650838        
1.00515412753         5.19717636673         -1.10731941224        2.10433221652         -1.38575406645        
1.01481282532         5.04108131479         -1.09321891283        2.04260413935         -1.35461760338        
1.02447152311         4.89060160385         -1.07944909168        1.98301863725         -1.32457724731        
1.0341302209          4.74550485374         -1.06596612024        1.92551358988         -1.29554931387        
1.0437889187          4.60577921913         -1.0527295259         1.87009141322         -1.26749644469        
1.05344761649         4.47049768271         -1.03959720734        1.81637127292         -1.24020811447        
1.06310631428         4.33996561506         -1.0266499869         1.76448562292         -1.21376135733        
1.07276501207         4.21365835537         -1.01385340343        1.71420768807         -1.18807014623        
1.08242370986         4.09166206241         -1.0011993261         1.66559655582         -1.16312290336        
1.09208240765         3.97370634924         -0.988691476203       1.61852744652         -1.13889285416        
1.10174110544         3.85934391046         -0.976223610141       1.57283380058         -1.11524121625        
1.11139980323         3.74888773042         -0.963874998029       1.52864611669         -1.09225218457        
1.12105850102         3.64185689094         -0.951624558783       1.48576033829         -1.06985580777        
1.13071719881         3.53825408761         -0.939447912389       1.4441957025          -1.04801783339        
1.14037589661         3.43788309669         -0.927308206794       1.40387201704         -1.02669007117        
1.1500345944          3.34069915392         -0.915257341479       1.36477543344         -1.00589661566        
1.15969329219         3.24657263353         -0.903272926817       1.32685828309         -0.985600141415       
1.16935198998         3.1553454086          -0.891318776434       1.2900579237          -0.965752413489       
1.17901068777         3.06696459016         -0.87941312482        1.25436190856         -0.946352743951       
1.18866938556         2.98109424897         -0.8675084835         1.21964227791         -0.927323031103       
1.19832808335         2.89838602641         -0.855792267106       1.18615297268         -0.908866051312       
1.20798678114         2.81786698222         -0.844020016775       1.15352439819         -0.890691172776       
1.21764547893         2.73995954651         -0.832296775784       1.12191664167         -0.87291674028        
1.22730417672         2.66434049757         -0.820623071567       1.09120193491         -0.855507305188       
1.23696287451         2.59127261646         -0.809045895292       1.06149015061         -0.838517718463       
1.24662157231         2.52009309948         -0.797441305466       1.03254513534         -0.821769959779       
1.2562802701          2.45125425096         -0.785888360726       1.00452175923         -0.80538174316        
1.26593896789         2.38446905089         -0.774440164605       0.977302941779        -0.789353465045       
1.27559766568         2.31977715063         -0.763021952704       0.95093219874         -0.773625355485       
1.28525636347         2.2571595657          -0.751709010334       0.925393422513        -0.758247382775       
1.29491506126         2.19631699031         -0.740411054727       0.900566757937        -0.743123826411       
1.30457375905         2.13728304495         -0.72916189608        0.876473192671        -0.72827277707        
1.31423245684         2.08013176186         -0.718021650453       0.853139034942        -0.713744861404       
1.32389115463         2.02474249619         -0.706952755574       0.830522167147        -0.699498381426       
1.33354985242         1.97103569034         -0.69593545505        0.808593408704        -0.685510200352       
1.34320855022         1.91905731444         -0.685042649428       0.787379011857        -0.671813527958       
1.35286724801         1.86854162284         -0.674299918914       0.766761217787        -0.658394335351       
1.3625259458          1.81971292279         -0.663736681833       0.746840973482        -0.64530613861        
1.37218464359         1.77226038626         -0.653267749978       0.727485144889        -0.632463781755       
1.38184334138         1.72621527402         -0.642908086391       0.708707072178        -0.619876521126       
1.39150203917         1.68159889798         -0.632689415954       0.690522046554        -0.607565431426       
1.40116073696         1.63832516047         -0.622597131515       0.672891486474        -0.595509746372       
1.41081943475         1.59636697369         -0.612656133461       0.655810539048        -0.58372152935        
1.42047813254         1.55558532028         -0.602815009543       0.63920624196         -0.572156194656       
1.43013683033         1.51607218279         -0.593137404945       0.62313403072         -0.560858177109       
1.43979552812         1.47762773192         -0.583491294814       0.607487399335        -0.549737611172       
1.44945422592         1.44031565671         -0.573944121649       0.592319168136        -0.538828334258       
1.45911292371         1.40422983353         -0.564603603245       0.577673149375        -0.528200919541       
1.4687716215          1.36927153803         -0.55530045031        0.563514383607        -0.517729745433       
1.47843031929         1.33530291495         -0.546332796327       0.54975077177         -0.507618587822       
1.48808901708         1.30232737038         -0.537455862995       0.536407657351        -0.497689902363       
1.49774771487         1.27038306668         -0.528758407881       0.523495074131        -0.488008550935       
1.50740641266         1.23935710437         -0.52021330156        0.510963643097        -0.478546615287       
1.51706511045         1.20923664593         -0.511828176411       0.498809586284        -0.469304454508       
1.52672380824         1.18001756675         -0.503616758379       0.487028092463        -0.460293354367       
1.53638250603         1.15162564534         -0.495564702335       0.475587205372        -0.451494610984       
1.54604120383         1.12410851372         -0.487687909797       0.464512104495        -0.442921218915       
1.55569990162         1.09733307574         -0.479980555154       0.453734000203        -0.434560543245       
1.56535859941         1.07134011505         -0.472423945516       0.443280424815        -0.426397907091       
1.5750172972          1.0460252178          -0.465011493773       0.433103140425        -0.418421547784       
1.58467599499         1.02145842612         -0.457776339492       0.423229648936        -0.41065987557        
1.59433469278         0.997661873158        -0.450725197719       0.413686572529        -0.403109904609       
1.60399339057         0.974443983504        -0.443808751701       0.404344179143        -0.395744417152       
1.61365208836         0.951906732011        -0.437064194211       0.395298110199        -0.388571442399       
1.62331078615         0.929999330482        -0.430465025903       0.38649589766         -0.381581214334       
1.63296948394         0.908673845409        -0.424015664738       0.377927048419        -0.374767611236       
1.64262818173         0.887966404255        -0.417733564918       0.369608040645        -0.368145401258       
1.65228687953         0.867882068743        -0.411617575921       0.361536739538        -0.361714630345       
1.66194557732         0.848391731716        -0.405673809423       0.353704288969        -0.355475259434       
1.67160427511         0.829472165415        -0.399895705549       0.346091904246        -0.349423212511       
1.6812629729          0.81121141221         -0.394302131624       0.338745335509        -0.343574453855       
1.69092167069         0.794445144143        -0.38933109934        0.33201021659         -0.338308101968       
1.70058036848         0.78407450422         -0.38741502811        0.327939936172        -0.335720541731       
1.71023906627         0.773225095206        -0.38525617428        0.32366034685         -0.332927468015       
1.71989776406         0.762116428581        -0.382927104083       0.319262257897        -0.330006062271       
1.72955646185         0.750810279324        -0.380488453446       0.314765326853        -0.32700655551        
1.73921515964         0.739431335799        -0.377898787148       0.310236127495        -0.323906855026       
1.74887385744         0.727937897464        -0.375234056515       0.305640480712        -0.320760850431       
1.75853255523         0.716453110656        -0.372494600353       0.301046861648        -0.317571871437       
1.76819125302         0.704782039945        -0.369635335934       0.296342161538        -0.314309201931       
1.77784995081         0.6931583251          -0.366716594037       0.291655274649        -0.311017208661       
1.7875086486          0.681510031076        -0.363718687487       0.286943106756        -0.307682888067       
1.79716734639         0.669849988172        -0.360648645698       0.282212583188        -0.30431157327        
1.80682604418         0.658199709753        -0.357507909518       0.277472302794        -0.300905517842       
1.81648474197         0.646554824143        -0.354293530893       0.27272021444         -0.297462848586       
1.82614343976         0.634970155499        -0.351029369134       0.267986213164        -0.294001804628       
1.83580213755         0.623372681194        -0.347690225497       0.263228875001        -0.290502991378       
1.84546083534         0.611828708831        -0.344287352371       0.258481772738        -0.286976934427       
1.85511953314         0.600339146646        -0.340825836278       0.253747488713        -0.283426834547       
1.86477823093         0.588898035668        -0.337303046784       0.249020290974        -0.279850698485       
1.87443692872         0.577519911495        -0.333724090789       0.244308863372        -0.276252660371       
1.88409562651         0.566202659179        -0.330094160219       0.239613043747        -0.272635916461       
1.8937543243          0.554996842298        -0.32650423364        0.234956363663        -0.269066554718       
1.90341302209         0.543789781943        -0.32265330123        0.230280973553        -0.265329897696       
1.91307171988         0.532763614691        -0.318860449709       0.225682870932        -0.261654240255       
1.92273041767         0.521779600243        -0.315023028866       0.221088811303        -0.257963926705       
1.93238911546         0.510912173896        -0.311140229572       0.216538544725        -0.254260116435       
1.94204781325         0.50008223409         -0.30715558525        0.211989456702        -0.250507372418       
1.95170651105         0.489398667204        -0.303132120963       0.207501821318        -0.246746313768       
1.96136520884         0.478842352781        -0.29907472445        0.203064017621        -0.24297962024        
1.97102390663         0.468434513786        -0.294994625386       0.198689146843        -0.239214922591       
1.98068260442         0.458154348137        -0.290880658925       0.194364684209        -0.235444884707       
1.99034130221         0.448014263932        -0.28672622205        0.19009794725         -0.23166677162        
2                     0.438024337841        -0.282572719689       0.185893612138        -0.227900741054       
2.01                  0.427822189078        -0.278270530838       0.181597527785        -0.224017036367       
2.20965051541         0.256578162181        -0.194013939251       0.109601348089        -0.151238503325       
2.40930103082         0.142057792531        -0.125165344595       0.0612375153612       -0.0950144743579      
2.60895154623         0.0710273031389       -0.0739660758508      0.0305903137432       -0.0550088355829      
2.80860206163         0.0322146502447       -0.0396967831907      0.0138240008101       -0.0290554800597      
3.00825257704         0.0128652555062       -0.0193794157234      0.00541353473661      -0.014009540405       
3.20790309245         0.00442875195394      -0.00848409199526     0.00178197560948      -0.0060752317047      
3.40755360786         0.0012282758169       -0.00328793279021     0.000435954924061     -0.00233822874694     
3.60720412327         0.000231369536524     -0.001102227332       4.53447878856e-05     -0.000780594714041    
3.80685463868         3.86307846243e-06     -0.000305338339479    -2.37460590148e-05    -0.000215988782993    
4.00650515408         -1.67661432011e-05    -6.24302733531e-05    -1.6350541522e-05     -4.42827258547e-05    
4.20615566949         -5.36045689538e-06    -5.97350404737e-06    -4.26370065263e-06    -4.28436650797e-06    
4.4058061849          -6.60636898532e-09    1.11703598266e-08     -5.88872724678e-09    9.42229171994e-09     
4.4158061849          1.24930809358e-09     1.97798147607e-08     3.12051341556e-10     1.62888731272e-08     
4.41602840712         1.25344358647e-09     2.01620709861e-08     3.14343025414e-10     1.65980620395e-08     
4.41625062934         1.25745325328e-09     2.05501519015e-08     3.16596246445e-10     1.69120313127e-08     
4.41647285157         1.26134037164e-09     2.09438028108e-08     3.18811718616e-10     1.72305756163e-08     
4.41669507379         1.26510800605e-09     2.13427872471e-08     3.20990112969e-10     1.7553504345e-08      
4.41691729601         1.26875903486e-09     2.17468845696e-08     3.23132063878e-10     1.78806396458e-08     
4.41713951823         1.27229617275e-09     2.21558880418e-08     3.2523817395e-10      1.82118148633e-08     
4.41736174046         1.27572198086e-09     2.25696026181e-08     3.27309012909e-10     1.85468727831e-08     
4.41758396268         1.27903887851e-09     2.29878438267e-08     3.29345119001e-10     1.88856647269e-08     
4.4178061849          1.28224916703e-09     2.34104376124e-08     3.31347008309e-10     1.92280503959e-08     
4.4278061849          1.34106470558e-09     4.52524951695e-08     3.92044449978e-10     3.69978413348e-08     
4.60887820601         -3.16845902283e-10    2.11982331474e-07     -6.02825758859e-11    1.81466591251e-07     
4.78995022711         -1.00699752562e-10    1.03978363302e-07     -3.30095201426e-11    9.29314950348e-08     
4.97102224822         7.52105650777e-12     3.26457271988e-08     8.2298131493e-13      3.03632262201e-08     
5.15209426932         5.75081277052e-12     7.59306675828e-09     1.63748411269e-12     7.33534484306e-09     
5.33316629043         3.42019999296e-13     1.26239553688e-09     1.27118672955e-13     1.26518129758e-09     
5.51423831153         -1.48625060164e-13    1.09783848974e-10     -4.20022799929e-14    1.14050299257e-10     
5.69531033264         3.02341316652e-12     1.26144310228e-14     3.2540664215e-12      3.82609031294e-15     
5.87638235375         1.20528052788e-11     9.89989210852e-14     1.34361270772e-11     3.09285171467e-14     
6.05745437485         6.71968754085e-12     9.06998627085e-14     7.75963769052e-12     2.66153286266e-14     
6.23852639596         2.4357352726e-12      4.88121038211e-14     2.91274588767e-12     1.20985697288e-14     
6.41959841706         7.01181489523e-13     1.95329168028e-14     8.67893900767e-13     4.10502347124e-15     
6.60067043817         1.71826229247e-13     6.35195694854e-15     2.20041048016e-13     1.17704345981e-15     
6.78174245928         3.70308711613e-14     1.75495369122e-15     4.90452098613e-14     2.97404865788e-16     
6.96281448038         7.15180632213e-15     4.2306294139e-16      9.79358846946e-15     6.76522954833e-17     
7.14388650149         1.27732705191e-15     9.23316961019e-17     1.80819203737e-15     1.42878024273e-17     
7.32495852259         2.19619155309e-16     1.9066391804e-17      3.21341815796e-16     2.91777765041e-18     
7.5060305437          9.68494259321e-18     9.95458140631e-19     1.46455104532e-17     1.51955741925e-19     
7.6871025648          1.10765724058e-17     1.33176742906e-18     1.73105066962e-17     2.05263390021e-19     
7.86817458591         1.24875315477e-17     1.73838535262e-18     2.01690628223e-17     2.71034080376e-19     
8.04924660702         1.39074841791e-17     2.22197526884e-18     2.32151723119e-17     3.52186478725e-19     
8.23031862812         1.53270285584e-17     2.78903515724e-18     2.64448032848e-17     4.50695301682e-19     
8.41139064923         1.67376137444e-17     3.4458794355e-18      2.98527772546e-17     5.66965041345e-19     
8.59246267033         1.81314622692e-17     4.19862647243e-18     3.34342117956e-17     7.04123289422e-19     
8.77353469144         1.9501498848e-17      5.05319065466e-18     3.71854363675e-17     8.64031602977e-19     
8.95460671255         2.08412850297e-17     6.01527807093e-18     4.11031320035e-17     1.04851419048e-18     
9.13567873365         2.21449595603e-17     7.09038504973e-18     4.51833349223e-17     1.25776760386e-18     
9.31675075476         2.34071841504e-17     8.28379892861e-18     4.94218697907e-17     1.49482627404e-18     
9.49782277586         2.46230942865e-17     9.60060055025e-18     5.38160354346e-17     1.76139374987e-18     
9.67889479697         2.57882547033e-17     1.10456680768e-17     5.8363040614e-17      2.05910056462e-18     
9.85996681807         2.68986191324e-17     1.26236817923e-17     6.30603182139e-17     2.3895262544e-18      
10.0410388392         2.79504939517e-17     1.43391296272e-17     6.79059371629e-17     2.75390913612e-18     
10.2221108603         2.89405053763e-17     1.61963131921e-17     7.28962967065e-17     3.15270041998e-18     
10.4031828814         2.98655698563e-17     1.81993541498e-17     7.8029120716e-17      3.58845305221e-18     
10.5842549025         3.07228673698e-17     2.03522007899e-17     8.33025490982e-17     4.06253996473e-18     
10.7653269236         3.1509817326e-17      2.26586346981e-17     8.87147101703e-17     4.57628487665e-18     
10.9463989447         3.2224056818e-17      2.51222774372e-17     9.42638350722e-17     5.13096334655e-18     
11.1274709658         3.28634209879e-17     2.77465971726e-17     9.99482738139e-17     5.72780396675e-18     
11.3085429869         3.34259252937e-17     3.05349151922e-17     1.05766508539e-16     6.36798966164e-18     
11.489615008          3.39097494815e-17     3.34904122826e-17     1.1171721463e-16      7.05265905886e-18     
11.6706870291         3.43132230935e-17     3.66161349339e-17     1.17799443419e-16     7.78218694078e-18     
11.8517590502         3.46348123542e-17     3.99150013508e-17     1.24010442477e-16     8.55757223948e-18     
12.0328310713         3.4873108297e-17      4.33898072585e-17     1.30349349505e-16     9.3804869924e-18      
12.2139030924         3.50268160045e-17     4.70432314919e-17     1.36815131453e-16     1.02519069002e-17     
12.3949751136         3.50947448533e-17     5.08778413658e-17     1.43406749702e-16     1.11727706963e-17     
12.5760471347         3.507579966e-17       5.48960978226e-17     1.50123211005e-16     1.21439815521e-17     
12.7571191558         3.49689726417e-17     5.91003603592e-17     1.56963575659e-16     1.31664084554e-17     
12.9381911769         3.47733361088e-17     6.34928917362e-17     1.63926958191e-16     1.42408875559e-17     
13.119263198          3.44880358183e-17     6.8075862473e-17      1.71012526187e-16     1.53682234757e-17     
13.3003352191         3.41122849247e-17     7.28513551353e-17     1.78219499014e-16     1.654919058e-17       
13.4814072402         3.36453584686e-17     7.782136842e-17       1.85547147572e-16     1.77845342072e-17     
13.6624792613         3.30865883529e-17     8.29878210457e-17     1.92994797188e-16     1.90749718576e-17     
13.8435512824         3.24353587588e-17     8.83525554549e-17     2.00561841171e-16     2.04211943395e-17     
14.0246233035         3.16911019611e-17     9.39173413363e-17     2.08247822134e-16     2.18238668719e-17     
14.2056953246         3.08532945042e-17     9.96838789741e-17     2.16052331935e-16     2.32827812729e-17     
14.3867673457         2.99214537057e-17     1.05653802432e-16     2.23973647113e-16     2.47989964869e-17     
14.5678393668         2.88951344567e-17     1.1182868258e-16      2.32011640088e-16     2.63734499387e-17     
14.7489113879         2.7773926293e-17      1.18210029971e-16     2.40165891097e-16     2.80067149611e-17     
14.929983409          2.65574507095e-17     1.24799297573e-16     2.48435957843e-16     2.96993442112e-17     
15.1110554301         2.52453586994e-17     1.31597883364e-16     2.56821407929e-16     3.1451870528e-17      
15.2921274512         2.38373284951e-17     1.38607132806e-16     2.65321826043e-16     3.32648077529e-17     
15.4731994724         2.23330634945e-17     1.45828341182e-16     2.7393681582e-16      3.51386515144e-17     
15.6542714935         2.0732290355e-17      1.5326275583e-16      2.82666000018e-16     3.70738799796e-17     
15.8353435146         1.90347572422e-17     1.60911578254e-16     2.91509020075e-16     3.90709545717e-17     
16.0164155357         1.72402322177e-17     1.68775966143e-16     3.00465535409e-16     4.11303206563e-17     
16.1974875568         1.53485017557e-17     1.7685703528e-16      3.0953522264e-16      4.32524081979e-17     
16.3785595779         1.33593693767e-17     1.85155861362e-16     3.18717774796e-16     4.54376323864e-17     
16.559631599          1.12726543878e-17     1.93673481725e-16     3.2801290054e-16      4.76863942362e-17     
16.7407036201         9.08819072146e-18     2.02410896996e-16     3.37420323467e-16     4.99990811587e-17     
16.9217756412         6.80582586413e-18     2.1136907265e-16      3.46939781468e-16     5.23760675094e-17     
17.1028476623         4.42541986694e-18     2.20548940503e-16     3.56571026209e-16     5.481771511e-17       
17.2839196834         1.94684443208e-18     2.29951400126e-16     3.66313822774e-16     5.73243737482e-17     
17.4649917045         -6.3001793155e-19     2.39577320191e-16     3.76167949564e-16     5.98963816547e-17     
17.6460637256         -3.30527468907e-18    2.49427539759e-16     3.86133198673e-16     6.2534065959e-17      
17.8271357467         -6.07902400179e-18    2.59502869499e-16     3.96209377268e-16     6.52377431254e-17     
18.0082077678         -8.9513553956e-18     2.69804092852e-16     4.06396311574e-16     6.80077193691e-17     
18.1892797889         -1.19223503799e-17    2.80331967141e-16     4.16693860022e-16     7.08442910551e-17     
18.37035181           -1.49920830211e-17    2.91087224627e-16     4.27101993904e-16     7.37477450778e-17     
18.5514238312         -1.81606204735e-17    3.02070573518e-16     4.37620561962e-16     7.67176269233e-17     
18.7324958523         -2.14280234726e-17    3.13282698926e-16     4.48248610727e-16     7.97547392961e-17     
18.9135678734         -2.47943467916e-17    3.24724263789e-16     4.58986300414e-16     8.28595130962e-17     
19.0946398945         -2.82596396658e-17    3.36395909738e-16     4.69833540023e-16     8.60322010052e-17     
19.2757119156         -3.18239461861e-17    3.48298257937e-16     4.80790211673e-16     8.92730479031e-17     
19.4567839367         -3.54873056644e-17    3.60431909877e-16     4.91856192559e-16     9.25822911601e-17     
19.6378559578         -3.92497529737e-17    3.72797448134e-16     5.0303136074e-16      9.5960160915e-17      
19.8189279789         -4.31113188635e-17    3.85395437097e-16     5.14315597209e-16     9.94068803422e-17     
20                    0                     0                     0                     0                     
