0.0779191396          0                     0                     0                     0                     
0.087577837391        2.066003615           3.03470969924         0.638330342207        1.15693683722         
0.0972365351819       10.1313865037         13.8382666171         3.28966854047         5.22681591977         
0.106895232973        21.9677985786         28.1735312081         7.43810161288         10.5521791878         
0.116553930764        34.778469767          42.067861981          12.2075660921         15.6194069251         
0.126212628555        46.8476129279         53.5939249165         16.9655491644         19.7087482369         
0.135871326346        57.361212632          62.2213457708         21.3482188677         22.6380462318         
0.145530024137        66.0551836308         68.0220631551         25.1822598455         24.4482742736         
0.155188721928        72.93988889           71.4042895011         28.4076171395         25.3097494893         
0.164847419719        78.1829964678         72.8175741767         31.037940936          25.4017329438         
0.17450611751         82.0053077299         72.6550634281         33.1203932578         24.8717765673         
0.184164815301        84.5983953782         71.2687859719         34.6934581931         23.8568172375         
0.193823513091        86.1169523774         68.920804375          35.7886649219         22.4525706546         
0.203482210882        86.6613728105         65.8861390355         36.4124721699         20.7746514924         
0.213140908673        86.3334067005         62.4243763461         36.5841725381         18.9459835596         
0.222799606464        85.2585277731         58.7915384516         36.3505143658         17.0974083202         
0.232458304255        83.6258825371         55.1559227314         35.8061830761         15.3110716919         
0.242117002046        81.5769947734         51.6214369421         35.0244916178         13.6350581456         
0.251775699837        79.2424838815         48.2549528066         34.0757516952         12.0957484046         
0.261434397628        76.7244961608         45.0893957443         33.0168720344         10.7025990416         
0.271093095419        74.1125835661         42.1346117478         31.8983843271         9.45152837583         
0.28075179321         71.466928308          39.3810620113         30.7535119548         8.32778598368         
0.290410491001        68.8238185822         36.813176214          29.6013624046         7.315343654           
0.300069188792        66.2031015415         34.423068539          28.4512724429         6.40467224957         
0.309727886583        63.6202063966         32.2109740434         27.3108263399         5.59297422428         
0.319386584374        61.094851126          30.1826276206         26.1921555117         4.88158620535         
0.329045282165        58.6610632701         28.3176497109         25.1145013456         4.2555312615          
0.338703979956        56.3265324692         26.5944391003         24.0828464592         3.7021093994          
0.348362677747        54.0947742297         25.0008907532         23.1004622308         3.2118794237          
0.358021375538        51.9652275567         23.5166751197         22.1671139773         2.77115386269         
0.367680073329        49.9358099164         22.1321655922         21.2813364222         2.37335628154         
0.37733877112         47.999847271          20.8329454584         20.4391055519         2.00956954813         
0.386997468911        46.1497050269         19.6122694032         19.6355458706         1.6756609344          
0.396656166702        44.37855137           18.4645385738         18.8666624249         1.36877599552         
0.406314864492        42.6812317605         17.3862391974         18.1293434649         1.08723613259         
0.415973562283        41.0532657453         16.3751630735         17.4212034728         0.830474940964        
0.425632260074        39.4902961816         15.4287742419         16.7402256323         0.597881941015        
0.435290957865        37.9925882561         14.5449697198         16.0868404231         0.388661571069        
0.444949655656        36.5559506329         13.7214248595         15.4593983618         0.202529182166        
0.454608353447        35.1805410894         12.9548993636         14.8583570665         0.0377848505938       
0.464267051238        33.8664340485         12.2416015044         14.2844426766         -0.107085744227       
0.473925749029        32.6105485822         11.5784333126         13.7364085125         -0.233452459689       
0.48358444682         31.4122684002         10.9612365214         13.2144134834         -0.343342918344       
0.493243144611        30.2693625163         10.3860880034         12.7177434987         -0.43849830929        
0.502901842402        29.1804554291         9.84922712604         12.2459050894         -0.520967592841       
0.512560540193        28.1435072749         9.34737936339         11.798048331          -0.592332921959       
0.522219237984        27.1546167717         8.87576285105         11.3725946792         -0.654751501958       
0.531877935775        26.215502109          8.43395205019         10.9699837497         -0.708963326629       
0.541536633566        25.3192289868         8.0169753688          10.5872085531         -0.756776437652       
0.551195331357        24.4651853047         7.6230760148          10.2238329077         -0.799224746675       
0.560854029148        23.6502902975         7.25012093432         9.8783413189          -0.837167967653       
0.570512726939        22.8716209567         6.89600564144         9.54931484149         -0.871394491926       
0.58017142473         22.1269008509         6.56034494901         9.23539936864         -0.90210172165        
0.589830122521        21.4138903214         6.24286935375         8.93558600389         -0.928968537359       
0.599488820312        20.7326471953         5.93968362964         8.65001840843         -0.954084275876       
0.609147518103        20.0810445613         5.65046422336         8.37746922669         -0.977458490898       
0.618806215893        19.4547541549         5.37381356838         8.11593140947         -0.999130330779       
0.628464913684        18.8546011255         5.10966815599         7.86560994879         -1.01940481927        
0.638123611475        18.2779065439         4.85740250622         7.6252699013          -1.03810084952        
0.647782309266        17.7229990285         4.61537826565         7.3940321434          -1.05601719733        
0.657441007057        17.1897726255         4.38496919772         7.17203379097         -1.07197647907        
0.667099704848        16.6758396374         4.16446261245         6.95792102841         -1.08685118873        
0.676758402639        16.18021021           3.95360795002         6.75134542088         -1.10045470116        
0.68641710043         15.7022665466         3.75221395929         6.55201575463         -1.11274844548        
0.696075798221        15.240809755          3.55982668501         6.35941795127         -1.12372339435        
0.705734496012        14.7958930133         3.37628143667         6.17358232324         -1.13343978025        
0.715393193803        14.3656302352         3.20110299277         5.99365857134         -1.14180287809        
0.725051891594        13.9499204125         3.03402571583         5.81965053639         -1.14886816495        
0.734710589385        13.5480074412         2.87477642302         5.65123405567         -1.15462833656        
0.744369287176        13.1595066803         2.72328641055         5.48826909449         -1.15901416612        
0.754027984967        12.7838274273         2.57923608989         5.33055042294         -1.16202264697        
0.763686682758        12.4206680078         2.44173280891         5.17794276552         -1.16394493278        
0.773345380549        12.0692292497         2.31049180886         5.0301088918          -1.16486465079        
0.78300407834         11.7290617009         2.18557704242         4.88689963779         -1.16463991839        
0.792662776131        11.3992344417         2.06657317505         4.7479358621          -1.163321042          
0.802321473922        11.0805132565         1.95327552828         4.61358390603         -1.16117542372        
0.811980171713        10.7711996674         1.84619492445         4.4830537073          -1.15750951036        
0.821638869504        10.4719333925         1.74434370477         4.35682668019         -1.1529251913         
0.831297567294        10.1818668983         1.64739692564         4.23441605202         -1.14753483625        
0.840956265085        9.90091347362         1.55548188559         4.11582350809         -1.14118881939        
0.850614962876        9.62814277659         1.46815920695         4.00069632067         -1.13392414703        
0.860273660667        9.36421689968         1.38536359923         3.88932863177         -1.12589805015        
0.869932358458        9.10806572285         1.30675013554         3.78126869782         -1.11709319215        
0.879591056249        8.85995562461         1.23208799278         3.67667226643         -1.10765821557        
0.88924975404         8.61928146807         1.16129829825         3.57526214335         -1.09753580636        
0.898908451831        8.38595958008         1.09410741491         3.47702068278         -1.08684302818        
0.908567149622        8.15932542474         1.030262737           3.38167996454         -1.07559379702        
0.918225847413        7.93937546948         0.969640971896        3.28923122537         -1.06387485186        
0.927884545204        7.72569304814         0.912090990092        3.19951633613         -1.0516500703         
0.937543242995        7.51792375987         0.857313522441        3.11239331265         -1.03903566544        
0.947201940786        7.31606415577         0.805274365457        3.02784561344         -1.02605368144        
0.956860638577        7.11984418179         0.755552446652        2.94587411754         -1.01277798198        
0.966519336368        6.92682846079         0.708409614412        2.8651814228          -0.998877063058       
0.976178034159        6.73699718931         0.663144279558        2.78601889665         -0.984462168218       
0.98583673195         6.53813732837         0.618693175756        2.70325333907         -0.967775909897       
0.995495429741        6.33772850155         0.575848993755        2.61997466488         -0.949882122358       
1.00515412753         6.14574879283         0.535440578768        2.54030057926         -0.932328033745       
1.01481282532         5.96186105335         0.497588646977        2.46412495107         -0.914922353014       
1.02447152311         5.7849292405          0.461154506812        2.39086325833         -0.89825789052        
1.0341302209          5.61484399301         0.426826794885        2.32056648702         -0.881768626134       
1.0437889187          5.45127872283         0.394441914608        2.25302329459         -0.865539214645       
1.05344761649         5.293473272           0.363601145107        2.18796316427         -0.849623434313       
1.06310631428         5.14153131578         0.334265010208        2.12539935109         -0.834087848419       
1.07276501207         4.99494061455         0.306310948348        2.06513080319         -0.81889408655        
1.08242370986         4.85327707545         0.279943910416        2.00687162476         -0.803893258059       
1.09208240765         4.71697521587         0.254702948413        1.9509388108          -0.789347970371       
1.10174110544         4.58504104041         0.230672556812        1.89684150213         -0.775066421113       
1.11139980323         4.45787243603         0.207754563181        1.84475277663         -0.761167831494       
1.12105850102         4.33502159456         0.185898093286        1.79447480704         -0.74760063699        
1.13071719881         4.21627582594         0.165039268613        1.74591437112         -0.734358863623       
1.14037589661         4.10127644736         0.145147421819        1.69889517215         -0.721410220622       
1.1500345944          3.99048160189         0.126071225232        1.65367352077         -0.708862565394       
1.15969329219         3.8831380226          0.107872046465        1.60985194161         -0.696608441704       
1.16935198998         3.77888925436         0.0908127007155       1.56726953844         -0.684447599266       
1.17901068777         3.6781813135          0.0745086627429       1.52617712164         -0.672610732502       
1.18866938556         3.58051958488         0.0588671256207       1.48635748322         -0.661057033745       
1.19832808335         3.4866950108          0.0439131010774       1.44812574505         -0.649936060573       
1.20798678114         3.39535587866         0.0295856410966       1.41091150569         -0.639023458165       
1.21764547893         3.30710004768         0.015891617458        1.37496462455         -0.628428097784       
1.22730417672         3.22147175623         0.00279065477219      1.34008131821         -0.618088199891       
1.23696287451         3.13877782147         -0.00973131922806     1.30639335178         -0.608066147653       
1.24662157231         3.05814033914         -0.0217121991108      1.27353833762         -0.598211832805       
1.2562802701          2.98016436919         -0.0331096910865      1.24175733309         -0.58861970958        
1.26593896789         2.90472346939         -0.0442828051615      1.21102701601         -0.57946700669        
1.27559766568         2.8313913156          -0.0545531280218      1.18110242161         -0.570217429969       
1.28525636347         2.76039953355         -0.0646640244758      1.15212349174         -0.561419574256       
1.29491506126         2.69133188016         -0.0743575911969      1.12391619144         -0.552820902444       
1.30457375905         2.62416566145         -0.0835995407848      1.09646140991         -0.544397302135       
1.31423245684         2.55895757539         -0.0924747308422      1.0697854209          -0.536217479241       
1.32389115463         2.49566024642         -0.100913528852       1.04387031574         -0.528212067067       
1.33354985242         2.43405429882         -0.108962380436       1.01861461922         -0.520378656802       
1.34320855022         2.37428608347         -0.116646992022       0.994105526196        -0.512733640318       
1.35286724801         2.31598261574         -0.12393988166        0.970158967543        -0.505212442909       
1.3625259458          2.25943601756         -0.130877308316       0.946910306137        -0.497877529896       
1.37218464359         2.20437556131         -0.137448690908       0.924251430932        -0.490666082833       
1.38184334138         2.1507656697          -0.143682680692       0.902159238997        -0.483591493655       
1.39150203917         2.09864506587         -0.149580575192       0.880657550299        -0.476653856251       
1.40116073696         2.04791219727         -0.15514644478        0.859700628437        -0.469836154814       
1.41081943475         1.99855934169         -0.160406127075       0.839294140764        -0.463142849496       
1.42047813254         1.95047104455         -0.165346974536       0.819384064351        -0.456549273355       
1.43013683033         1.90368019246         -0.169981358192       0.79998880078         -0.450063175232       
1.43979552812         1.8581466466          -0.174323635738       0.781090615342        -0.443683303164       
1.44945422592         1.81377510906         -0.178384496524       0.762655939683        -0.437393134059       
1.45911292371         1.7705775756          -0.182159835543       0.744686463328        -0.431192321118       
1.4687716215          1.72853626906         -0.185670673032       0.727179197           -0.425084485227       
1.47843031929         1.6875475212          -0.188922143888       0.710090554883        -0.419055298243       
1.48808901708         1.64757311527         -0.191916270811       0.693405122071        -0.413095474938       
1.49774771487         1.60873137447         -0.194657836028       0.677178926408        -0.407220278776       
1.50740641266         1.57083382504         -0.197164202358       0.661328400476        -0.401413933876       
1.51706511045         1.53390479176         -0.199438170608       0.645867409822        -0.395674816309       
1.52672380824         1.49800845922         -0.201545504949       0.630833843992        -0.390049061183       
1.53638250603         1.46296306338         -0.203325169436       0.61613535033         -0.384407411334       
1.54604120383         1.42893968334         -0.204978800567       0.601865319875        -0.378895357607       
1.55569990162         1.39572819137         -0.206426700119       0.587913911122        -0.373439105016       
1.56535859941         1.36338568797         -0.207666245212       0.574328852708        -0.368029925127       
1.5750172972          1.33180974129         -0.208719830767       0.561051740185        -0.362671339231       
1.58467599499         1.30118430927         -0.209611637327       0.548178426939        -0.357394774006       
1.59433469278         1.27123337436         -0.210317893186       0.535570352092        -0.352158877635       
1.60399339057         1.24222066902         -0.210889685408       0.523357827937        -0.347022159982       
1.61365208836         1.2138797811          -0.211295179477       0.511424297352        -0.341920973072       
1.62331078615         1.18635162519         -0.211567722756       0.499831423301        -0.336898210314       
1.63296948394         1.15953523831         -0.211697898156       0.488537533955        -0.331929759206       
1.64262818173         1.13349184508         -0.211712397676       0.477571698418        -0.327037609408       
1.65228687953         1.1081665664          -0.211609099468       0.466902605419        -0.322221418265       
1.66194557732         1.08360796703         -0.211404459916       0.456561634252        -0.317486774521       
1.67160427511         1.05981836266         -0.211121040432       0.446546197758        -0.31284945475        
1.6812629729          1.0368254887          -0.210767161979       0.436869401861        -0.308319963118       
1.69092167069         1.01575795704         -0.210578413269       0.428006720178        -0.304238179          
1.70058036848         1.00290338301         -0.211885013831       0.422612096929        -0.302494458269       
1.71023906627         0.989433348233        -0.213004538233       0.416959341203        -0.300524796272       
1.71989776406         0.975677452782        -0.213937015639       0.41119055931         -0.298393978183       
1.72955646185         0.961755589307        -0.214704063035       0.405357979947        -0.296136057905       
1.73921515964         0.947704092728        -0.215323686212       0.399475999317        -0.293771942082       
1.74887385744         0.933591393624        -0.215810889485       0.393575658352        -0.29132119221        
1.75853255523         0.919367669832        -0.216115376209       0.38762212994         -0.288752643088       
1.76819125302         0.905188174661        -0.216336758383       0.381704130863        -0.286140081666       
1.77784995081         0.890991983253        -0.216433638117       0.37578146785         -0.283456835407       
1.7875086486          0.876756095784        -0.21637193794        0.369840056587        -0.280684497416       
1.79716734639         0.862546390823        -0.216050860128       0.363924535432        -0.277757165182       
1.80682604418         0.848393797798        -0.215815028473       0.358026440836        -0.274914614925       
1.81648474197         0.834337856725        -0.215407111826       0.352187719769        -0.271976096444       
1.82614343976         0.820366543805        -0.214912617679       0.346390851466        -0.269005329156       
1.83580213755         0.806468362058        -0.214332862553       0.34063039787         -0.266002266791       
1.84546083534         0.792656380042        -0.213669806929       0.334910968457        -0.262970792324       
1.85511953314         0.778953910607        -0.212928504624       0.329243989718        -0.259916028977       
1.86477823093         0.765331181166        -0.212119420698       0.323612111609        -0.256843709174       
1.87443692872         0.751817045971        -0.211238808859       0.318030883152        -0.253753679116       
1.88409562651         0.738408294235        -0.210296637906       0.312496161416        -0.250652901557       
1.8937543243          0.725106979258        -0.209295779991       0.307008148452        -0.247544044421       
1.90341302209         0.711914306982        -0.208237368036       0.301566595366        -0.244428677694       
1.91307171988         0.698840219506        -0.207123339278       0.296175547264        -0.241309261318       
1.92273041767         0.685889288197        -0.205960039085       0.290837487491        -0.23818978233        
1.93238911546         0.673044531223        -0.204749848021       0.285542202643        -0.235071439104       
1.94204781325         0.660331178774        -0.203494422171       0.280302300274        -0.231957320276       
1.95170651105         0.64774256269         -0.202198231173       0.27511367236         -0.228850050673       
1.96136520884         0.63528310769         -0.20086438506        0.269977952471        -0.225752368923       
1.97102390663         0.622933263296        -0.199482880345       0.264882322701        -0.222656965191       
1.98068260442         0.61071641279         -0.198067447816       0.259840695673        -0.219573827873       
1.99034130221         0.598621740885        -0.196613336597       0.254845350428        -0.216499318246       
2                     0.586651391143        -0.195106833846       0.249897141791        -0.213424780204       
2.01                  0.574428421458        -0.193570383042       0.244847221532        -0.210295920187       
2.20559107035         0.363969210655        -0.157443521837       0.156691522702        -0.152279766584       
2.4011821407          0.210899265437        -0.113724563402       0.0909934511026       -0.101370325161       
2.59677321105         0.113503559021        -0.0732169316919      0.0491719458516       -0.0615718976322      
2.7923642814          0.0563518701455       -0.0434927103168      0.0245377422454       -0.0348855550428      
2.98795535175         0.0252346116432       -0.0234028674131      0.0109473402768       -0.0181045439896      
3.1835464221          0.0102311265166       -0.0113621424195      0.0044131305338       -0.00854603330439     
3.37913749245         0.00365049540356      -0.00498747032355     0.00154261001002      -0.00366816445587     
3.5747285628          0.00112707663297      -0.00195842836551     0.000456433191261     -0.00141497870334     
3.77031963315         0.000283944642099     -0.000680529455541    0.000103047382476     -0.000484828175562    
3.9659107035          5.07649254078e-05     -0.000204984793016    1.19742669568e-05     -0.000144507896612    
4.16150177385         2.49769803621e-06     -5.12565841183e-05    -3.00197417952e-06    -3.58806364934e-05    
4.3570928442          -2.15793515014e-06    -9.55272725196e-06    -2.22847693435e-06    -6.66601102112e-06    
4.55268391455         -6.98804034259e-07    -8.66619525987e-07    -5.52640550747e-07    -6.06615104986e-07    
4.7482749849          -7.77531887045e-10    1.69388385108e-09     -7.27746527733e-10    1.38388847164e-09     
4.7582749849          2.78705637595e-10     2.88692491469e-09     8.18153944782e-11     2.3084666724e-09      
4.75849720712         2.79251327223e-10     2.9378282169e-09      8.21088981192e-11     2.34863012703e-09     
4.75871942934         2.79771663073e-10     2.98946877743e-09     8.23942202086e-11     2.38938650225e-09     
4.75894165157         2.80267310357e-10     3.04181282518e-09     8.26715379224e-11     2.43070915964e-09     
4.75916387379         2.80738899465e-10     3.09482898849e-09     8.29410205956e-11     2.47257335358e-09     
4.75938609601         2.81187029068e-10     3.14848802783e-09     8.32028302862e-11     2.5149560209e-09      
4.75960831823         2.81612268988e-10     3.20276256756e-09     8.34571223775e-11     2.5578355657e-09      
4.75983054046         2.82015162802e-10     3.25762686905e-09     8.37040460918e-11     2.6011916818e-09      
4.76005276268         2.82396228446e-10     3.31305656287e-09     8.39437440822e-11     2.64500514527e-09     
4.7602749849          2.8275596079e-10      3.36902858483e-09     8.41763532152e-11     2.68925776131e-09     
4.7702749849          2.82259493022e-10     6.22644793582e-09     8.8869929529e-11      4.95904166031e-09     
4.95158123508         -6.50433595981e-11    2.45749871881e-08     -1.70795259138e-11    2.0540461663e-08      
5.13288748526         -1.70968213704e-11    1.07187607009e-08     -5.64701913643e-12    9.35085943351e-09     
5.31419373544         9.77816034877e-13     3.02164287731e-09     1.92952005396e-13     2.74277749185e-09     
5.49549998562         7.79728613351e-13     6.39627224475e-10     2.38836250345e-13     6.03159643426e-10     
5.6768062358          6.4137052277e-14      9.99556590323e-11     2.17264683487e-14     9.78407852864e-11     
5.85811248598         -1.46187717784e-14    9.35542094746e-12     -4.43400849875e-15    9.50335532253e-12     
6.03941873616         -1.42649393406e-16    2.6135589681e-14      -4.5288813731e-17     2.75696380378e-14     
6.22072498634         3.89807748904e-13     4.31817293047e-15     4.27265210778e-13     2.46599816611e-17     
6.40203123652         2.25811381544e-13     4.16491362218e-15     2.56553575626e-13     -4.29975435772e-16    
6.5833374867          7.63888097893e-14     2.10670349022e-15     8.98718783962e-14     -2.64719309691e-16    
6.76464373688         1.99538714187e-14     7.68318592567e-16     2.4295350301e-14      -9.14854217409e-17    
6.94594998706         4.38972436077e-15     2.2497585062e-16      5.52905978656e-15     -2.29822069122e-17    
7.12725623724         8.46895330792e-16     5.57682204504e-17     1.10318456478e-15     -4.62571027786e-18    
7.30856248742         1.50478173508e-16     1.23910114215e-17     2.02683083354e-16     -7.77782235941e-19    
7.4898687376          2.84873763968e-17     2.87097358436e-18     3.96724162879e-17     -1.2621288211e-19     
7.67117498778         7.35610409982e-18     8.91668155417e-19     1.05914818137e-17     -2.33797265593e-20    
7.85248123796         8.59608728294e-18     1.23534971799e-18     1.27968161815e-17     -1.20126653884e-20    
8.03378748814         9.86553862655e-18     1.66077808129e-18     1.51864073107e-17     8.53593857598e-21     
8.21509373832         1.11532810231e-17     2.17699984511e-18     1.77549862058e-17     4.09289477889e-20     
8.3963999885          1.24490476964e-17     2.79290825414e-18     2.04980703724e-17     8.75851424483e-20     
8.57770623868         1.37434116566e-17     3.51720662165e-18     2.34113376634e-17     1.50907437573e-19     
8.75901248885         1.50277186507e-17     4.3583811332e-18      2.64908714801e-17     2.33054700395e-19     
8.94031873903         1.62940239317e-17     5.32468127549e-18     2.9732160187e-17      3.36206076627e-19     
9.12162498921         1.75350330898e-17     6.42410643353e-18     3.31315787372e-17     4.63040448034e-19     
9.30293123939         1.87440470561e-17     7.6643974526e-18      3.66856927912e-17     6.15883646957e-19     
9.48423748957         1.99149112625e-17     9.05303217348e-18     4.03912529242e-17     7.97018598478e-19     
9.66554373975         2.10419688508e-17     1.05972241266e-17     4.42452154622e-17     1.00867912648e-18     
9.84684998993         2.21200177533e-17     1.23039237177e-17     4.82447546417e-17     1.25304530648e-18     
10.0281562401         2.31442714289e-17     1.41798213592e-17     5.23874165103e-17     1.53211422764e-18     
10.2094624903         2.4110323012e-17      1.62313521023e-17     5.66701658356e-17     1.84754038943e-18     
10.3907687405         2.50141126275e-17     1.84647014054e-17     6.10906075315e-17     2.20176657274e-18     
10.5720749907         2.58518976203e-17     2.08858117475e-17     6.56465947187e-17     2.59673156883e-18     
10.7533812408         2.66202254601e-17     2.3500389844e-17      7.03360636223e-17     3.0343126059e-18      
10.934687491          2.73159090895e-17     2.63139142752e-17     7.51570706691e-17     3.51632559708e-18     
11.1159937412         2.79360045006e-17     2.93316433724e-17     8.01077913662e-17     4.04452575735e-18     
11.2972999914         2.84777903378e-17     3.25586232353e-17     8.51865148014e-17     4.62060851273e-18     
11.4786062416         2.89387493411e-17     3.59996957861e-17     9.03916375743e-17     5.2462106383e-18      
11.6599124917         2.93165514605e-17     3.96595067794e-17     9.57216583363e-17     5.92291157222e-18     
11.8412187419         2.96090384831e-17     4.35425137089e-17     1.01175174154e-16     6.65223486203e-18     
12.0225249921         2.98142100342e-17     4.76529935641e-17     1.06750882548e-16     7.43564970732e-18     
12.2038312423         2.99302108198e-17     5.19950504011e-17     1.12447619361e-16     8.27457256898e-18     
12.3851374925         2.99553189974e-17     5.65726227024e-17     1.18264277312e-16     9.16994874299e-18     
12.5664437426         2.98879355655e-17     6.13894905049e-17     1.24199225931e-16     1.0123329902e-17      
12.7477499928         2.97265746792e-17     6.64492822865e-17     1.30251605495e-16     1.1136119443e-17      
12.929056243          2.94698548038e-17     7.17554816012e-17     1.36420468402e-16     1.22095392476e-17     
13.1103624932         2.9116490628e-17      7.73114334589e-17     1.42704903467e-16     1.33447668485e-17     
13.2916687433         2.86652856683e-17     8.31203504514e-17     1.49104046431e-16     1.45429370547e-17     
13.4729749935         2.81151254978e-17     8.91853186234e-17     1.55617080163e-16     1.58051435444e-17     
13.6542812437         2.74649715454e-17     9.55093030937e-17     1.62243232817e-16     1.71324404211e-17     
13.8355874939         2.67138554107e-17     1.02095153432e-16     1.68981775464e-16     1.8525843729e-17      
14.0168937441         2.58608736492e-17     1.08945608797e-16     1.7583201964e-16      1.99863329243e-17     
14.1981999942         2.49051829856e-17     1.1606330284e-16      1.82793314939e-16     2.15148523019e-17     
14.3795062444         2.3845995916e-17      1.23450768389e-16     1.89865046728e-16     2.31123123745e-17     
14.5608124946         2.26825766652e-17     1.31110441914e-16     1.97046633993e-16     2.47795912046e-17     
14.7421187448         2.14142374676e-17     1.39044667781e-16     2.04337527317e-16     2.65175356899e-17     
14.923424995          2.00403351437e-17     1.47255702315e-16     2.1173720701e-16      2.83269627999e-17     
15.1047312451         1.85602679453e-17     1.55745717662e-16     2.19245181375e-16     3.02086607666e-17     
15.2860374953         1.6973472648e-17      1.64516805473e-16     2.26860985113e-16     3.21633902294e-17     
15.4673437455         1.52794218688e-17     1.73570980416e-16     2.34584177886e-16     3.41918853341e-17     
15.6486499957         1.3477621589e-17      1.82910183513e-16     2.4241434306e-16      3.62948547887e-17     
15.8299562459         1.15676088677e-17     1.92536285324e-16     2.50351086673e-16     3.84729828757e-17     
16.011262496          9.54894972599e-18     2.02451088977e-16     2.58394036781e-16     4.07269304232e-17     
16.1925687462         7.42123719186e-18     2.12656333056e-16     2.66542843556e-16     4.30573357358e-17     
16.3738749964         5.18408948942e-18     2.23153694347e-16     2.74797181404e-16     4.54648154869e-17     
16.5551812466         2.83714836229e-18     2.33944790458e-16     2.83156759602e-16     4.79499655727e-17     
16.7364874968         3.80077519762e-19     2.45031182311e-16     2.9162142815e-16      5.05132682023e-17     
16.9177937469         -2.18743880406e-18    2.56414376518e-16     3.00190522286e-16     5.31550407109e-17     
17.0990999971         -4.86569718719e-18    2.68095827646e-16     3.08863777792e-16     5.58761359729e-17     
17.2804062473         -7.65497626097e-18    2.80076940371e-16     3.17640989338e-16     5.86770746646e-17     
17.4617124975         -1.05555378631e-17    2.92359071533e-16     3.26521922556e-16     6.155836045e-17       
17.6430187477         -1.35676281092e-17    3.04943532099e-16     3.35506345973e-16     6.45204806388e-17     
17.8243249978         -1.66914783899e-17    3.17831589027e-16     3.44594035924e-16     6.75639068166e-17     
18.005631248          -1.99273062976e-17    3.31024467047e-16     3.53784777743e-16     7.06890954472e-17     
18.1869374982         -2.32753164907e-17    3.44523350362e-16     3.63078365961e-16     7.38964884508e-17     
18.3682437484         -2.67357014972e-17    3.58329384265e-16     3.7247460414e-16      7.7186513756e-17      
18.5495499986         -3.03086424652e-17    3.72443676689e-16     3.81973304573e-16     8.05595858293e-17     
18.7308562487         -3.39943098609e-17    3.86867299677e-16     3.91574287931e-16     8.40161061816e-17     
18.9121624989         -3.77928641219e-17    4.01601290798e-16     4.01277382885e-16     8.75564638536e-17     
19.0934687491         -4.1704456265e-17     4.16646654482e-16     4.11082425737e-16     9.11810358801e-17     
19.2747749993         -4.57292284556e-17    4.32004363312e-16     4.20989260047e-16     9.48901877353e-17     
19.4560812495         -4.98673145381e-17    4.47675359247e-16     4.30997736291e-16     9.86842737591e-17     
19.6373874996         -5.41188405332e-17    4.63660554794e-16     4.41107711514e-16     1.02563637565e-16     
19.8186937498         -5.84839251017e-17    4.7996083413e-16      4.51319049012e-16     1.06528612433e-16     
20                    0                     0                     0                     0                     
