0.0779191396          0                     0                     0                     0                     
0.087577837391        1.36447201567         0.443205885761        0.286057858773        0.234586983634        
0.0972365351819       6.6691690208          1.92852931752         1.51823263147         1.02334974802         
0.106895232973        14.4638011232         3.6450516786          3.54485296487         1.93775964656         
0.116553930764        22.9114525096         4.93475344961         5.9821662306          2.62167901849         
0.126212628555        30.8682247561         5.53872061541         8.50759345178         2.92730566002         
0.135871326346        37.7973254479         5.4436639012          10.914553962          2.83910409969         
0.145530024137        43.5169404473         4.71058463809         13.0842699294         2.38330308806         
0.155188721928        47.9899812822         3.42366509668         14.9336945148         1.60040922161         
0.164847419719        51.2306829466         1.67399606242         16.3921113969         0.536038974732        
0.17450611751         53.2500707128         -0.360811323437       17.3875301985         -0.708292680057       
0.184164815301        54.1506481735         -2.42961841474        17.9119684857         -1.98139988066        
0.193823513091        54.1580635452         -4.35314963219        18.0449095824         -3.16888983121        
0.203482210882        53.4961123006         -6.03236466862        17.8811058196         -4.20646184909        
0.213140908673        52.363414699          -7.4400976466         17.5107253182         -5.0754420146         
0.222799606464        50.9134709812         -8.58643848915        17.0027029525         -5.78124912616        
0.232458304255        49.2582876941         -9.49170232953        16.4074900389         -6.33602525645        
0.242117002046        47.4859351085         -10.1837206098        15.7651105901         -6.7570312021         
0.251775699837        45.6668401749         -10.6937745718        15.1071356301         -7.0646296991         
0.261434397628        43.8407687688         -11.0689176841        14.4496588481         -7.28705737498        
0.271093095419        42.0248633743         -11.3303257553        13.7973014429         -7.43812285694        
0.28075179321         40.2384395898         -11.4914496913        13.1565715969         -7.52642506928        
0.290410491001        38.4950067728         -11.5636007117        12.5330197061         -7.55903674855        
0.300069188792        36.8119330653         -11.560117349         11.9346418914         -7.54412745309        
0.309727886583        35.2000510602         -11.4950051381        11.3666526562         -7.49062115948        
0.319386584374        33.6648452067         -11.3870398758        10.8318027103         -7.40954464187        
0.329045282165        32.2057825687         -11.2479795445        10.3291148924         -7.30913501415        
0.338703979956        30.8179858379         -11.0882594242        9.85581253366         -7.19602344591        
0.348362677747        29.5002996273         -10.9139906893        9.40993499653         -7.07420467647        
0.358021375538        28.2439148183         -10.7297591838        8.98728409027         -6.94668336513        
0.367680073329        27.046817379          -10.53842228          8.58613794922         -6.81530573002        
0.37733877112         25.9038433897         -10.3408121693        8.20385498366         -6.68061215543        
0.386997468911        24.8131012164         -10.1375022356        7.83946448761         -6.54296373619        
0.396656166702        23.7718921431         -9.92920350779        7.49185758489         -6.4027571159         
0.406314864492        22.7779023578         -9.71541105505        7.16015449819         -6.25965310788        
0.415973562283        21.8319776377         -9.49859853337        6.84502936944         -6.11507495155        
0.425632260074        20.9274283076         -9.27391900904        6.5437393455          -5.9664580353         
0.435290957865        20.0698245062         -9.04862011016        6.25935698256         -5.81767533998        
0.444949655656        19.2561948946         -8.82303838409        5.99083345995         -5.66894595501        
0.454608353447        18.4836983743         -8.59796372067        5.73707163554         -5.52081201213        
0.464267051238        17.7506938021         -8.37440161574        5.49765449223         -5.37388333614        
0.473925749029        17.0555250359         -8.15392350303        5.27199532533         -5.22911859438        
0.48358444682         16.3961974788         -7.93732439395        5.0593607988          -5.0870252589         
0.493243144611        15.7705178996         -7.72429996084        4.85901937566         -4.94737078639        
0.502901842402        15.176200123          -7.51765581441        4.66986438604         -4.81196912902        
0.512560540193        14.6129497697         -7.31680428567        4.49200067895         -4.68039123351        
0.522219237984        14.075082653          -7.12078701489        4.32288363189         -4.55212622207        
0.531877935775        13.5654801479         -6.93210103126        4.16375156253         -4.42866835028        
0.541536633566        13.0793698849         -6.74921233116        4.01270701502         -4.30908107933        
0.551195331357        12.6162722921         -6.57293593753        3.86950892273         -4.19385118717        
0.560854029148        12.1742515197         -6.40271216563        3.73336918829         -4.08264969161        
0.570512726939        11.7517123601         -6.23857183015        3.60367623226         -3.97548348795        
0.58017142473         11.3480360389         -6.08040159792        3.48006491203         -3.87228689713        
0.589830122521        10.9615687553         -5.92778619455        3.36194346933         -3.77278418223        
0.599488820312        10.5912210189         -5.78046711908        3.24888200771         -3.67681291823        
0.609147518103        10.2365240842         -5.63845184766        3.14067327778         -3.58437118441        
0.618806215893        9.89549494921         -5.50069353303        3.03668563485         -3.49478806338        
0.628464913684        9.56831890682         -5.36792840978        2.9368210313          -3.40852675353        
0.638123611475        9.25382244306         -5.23927533548        2.84077043103         -3.325004736          
0.647782309266        8.95159504117         -5.11455689352        2.74840221283         -3.24411267273        
0.657441007057        8.66070779616         -4.9932665872         2.65936006216         -3.1655669427         
0.667099704848        8.38089481966         -4.87581120832        2.57364563381         -3.0894698716         
0.676758402639        8.1118597992          -4.76199519911        2.49122524129         -3.01577178264        
0.68641710043         7.85246977842         -4.65131499031        2.41158513862         -2.94417684882        
0.696075798221        7.60235337324         -4.5435302145         2.33466742324         -2.87451825116        
0.705734496012        7.361465797           -4.43871408626        2.26047801405         -2.80684714047        
0.715393193803        7.12913557885         -4.33793157003        2.18881831598         -2.74181174191        
0.725051891594        6.9050005864          -4.23659843254        2.11961159861         -2.67652890228        
0.734710589385        6.6888729281          -4.13919335818        2.0527968716          -2.61381012176        
0.744369287176        6.48054068573         -4.04411623989        1.98834303483         -2.55263997348        
0.754027984967        6.27948862583         -3.95119256442        1.9261001103          -2.49290139449        
0.763686682758        6.08542176893         -3.8603542215         1.86598716917         -2.43454593552        
0.773345380549        5.89829824956         -3.77158765814        1.80801720135         -2.37756382103        
0.78300407834         5.71768327371         -3.68480897454        1.7520612873          -2.32189562231        
0.792662776131        5.54321333335         -3.59982085118        1.69802503792         -2.26740891418        
0.802321473922        5.3752065545          -3.51697537722        1.64602369569         -2.21432374504        
0.811980171713        5.21249869108         -3.4354390251         1.59562231918         -2.16215591001        
0.821638869504        5.05552391461         -3.35546418468        1.54707333226         -2.11104962578        
0.831297567294        4.90441129587         -3.27743600157        1.50047100825         -2.0611915265         
0.840956265085        4.75857747687         -3.20133281192        1.45557583371         -2.01257652336        
0.850614962876        4.61757799975         -3.12669275102        1.41224251806         -1.96491596899        
0.860273660667        4.48165357955         -3.0539892679         1.3705751398          -1.9185053258         
0.869932358458        4.35037396652         -2.98288295897        1.33042084836         -1.8731319051         
0.879591056249        4.22348500911         -2.91341603541        1.29169450789         -1.82882305133        
0.88924975404         4.10093372001         -2.84561127204        1.25438359743         -1.78558644729        
0.898908451831        3.98243854729         -2.77941533           1.21839221766         -1.74339226776        
0.908567149622        3.867734871           -2.71459796592        1.1836459663          -1.70209064124        
0.918225847413        3.75678326024         -2.65140009388        1.15011047958         -1.66183652364        
0.927884545204        3.64922479583         -2.58958701434        1.11767280623         -1.62248059963        
0.937543242995        3.5448874361          -2.52913422493        1.08626737671         -1.58400690093        
0.947201940786        3.44384465321         -2.47008870941        1.05593646278         -1.54644054842        
0.956860638577        3.34544170932         -2.41211662974        1.02643763635         -1.50957708073        
0.966519336368        3.24944514104         -2.35512078159        0.997707825458        -1.47335624732        
0.976178034159        3.15497513678         -2.29848242243        0.969455711964        -1.43738775901        
0.98583673195         3.05665852881         -2.2383041612         0.940052182573        -1.39923233083        
0.995495429741        2.95777478202         -2.17697191343        0.910440750279        -1.36039191562        
1.00515412753         2.86324049762         -2.11798797996        0.882200056278        -1.32305875264        
1.01481282532         2.772714121           -2.06149163865        0.855197183398        -1.28726279911        
1.02447152311         2.68569197313         -2.00703259923        0.829253214826        -1.25277600552        
1.0341302209          2.60194808752         -1.95450052167        0.804286563303        -1.21952161559        
1.0437889187          2.52157177503         -1.90403758871        0.780342466865        -1.18758587497        
1.05344761649         2.44374035164         -1.85505679235        0.757129209343        -1.15660795269        
1.06310631428         2.36884072015         -1.80779477692        0.734784575999        -1.12672941357        
1.07276501207         2.29651496787         -1.76206533541        0.713188072828        -1.09783340262        
1.08242370986         2.22674475638         -1.71787766153        0.692333585093        -1.06992522297        
1.09208240765         2.15949899375         -1.67518040368        0.672225797637        -1.04296832785        
1.10174110544         2.09420159779         -1.63368081575        0.652637507521        -1.01678905078        
1.11139980323         2.03128004795         -1.59357426149        0.633749155881        -0.991499153037       
1.12105850102         1.97043163561         -1.55481135293        0.615437281297        -0.967069771638       
1.13071719881         1.91160228679         -1.51709580792        0.59772084728         -0.943311140081       
1.14037589661         1.85463021836         -1.48055647978        0.580516910303        -0.920307593174       
1.1500345944          1.7995261799          -1.44512983016        0.563836480111        -0.898017610511       
1.15969329219         1.74619569402         -1.41076341752        0.54765726875         -0.876405128677       
1.16935198998         1.69454090844         -1.37737286851        0.53194671941         -0.855419928979       
1.17901068777         1.64450469836         -1.34494165601        0.516685477425        -0.835047881625       
1.18866938556         1.59591168449         -1.31332329841        0.501828500213        -0.815197213457       
1.19832808335         1.54914817195         -1.2828165589         0.487497115447        -0.796054253765       
1.20798678114         1.50360552859         -1.25296695091        0.47350114109         -0.77733407722        
1.21764547893         1.4595333167          -1.22398681843        0.459921193612        -0.759168803331       
1.22730417672         1.41682225989         -1.19574630375        0.446730015432        -0.74147512599        
1.23696287451         1.37554528321         -1.16836274826        0.433952356148        -0.724326942036       
1.24662157231         1.33530763731         -1.14148924464        0.421461230573        -0.707506986317       
1.2562802701          1.29641829795         -1.11534924814        0.409365267114        -0.691152114752       
1.26593896789         1.25857565233         -1.08976191442        0.397543104301        -0.675167038886       
1.27559766568         1.22204888955         -1.06481274087        0.38612336635         -0.659587764514       
1.28525636347         1.18664463003         -1.04054369433        0.375046076608        -0.644435538956       
1.29491506126         1.1523111498          -1.01677091575        0.364281041613        -0.62960031465        
1.30457375905         1.11910102126         -0.993590398783       0.353877110782        -0.61512798497        
1.31423245684         1.08698458539         -0.971053107365       0.343809842446        -0.601056059385       
1.32389115463         1.05587183603         -0.94908286855        0.334048558088        -0.587341596726       
1.33354985242         1.02570700969         -0.927643105958       0.324575728506        -0.573962012384       
1.34320855022         0.99649685074         -0.906727527845       0.315399683878        -0.560912718053       
1.35286724801         0.968142409127        -0.886266423724       0.30648758526         -0.548150219428       
1.3625259458          0.940792660216        -0.866457705761       0.29790151187         -0.535797549435       
1.37218464359         0.914155697302        -0.84691444522        0.289512728864        -0.523613187671       
1.38184334138         0.888397150528        -0.827916149133       0.281414737277        -0.511771709115       
1.39150203917         0.863447883857        -0.809386590704       0.27356989352         -0.500224545063       
1.40116073696         0.839308332221        -0.791312461061       0.265987926113        -0.488963065266       
1.41081943475         0.815893273358        -0.773664139518       0.258631595187        -0.477969822721       
1.42047813254         0.79321371889         -0.756437357467       0.251513322365        -0.467240884626       
1.43013683033         0.771257268011        -0.739648014765       0.244627789475        -0.456786797513       
1.43979552812         0.749990732613        -0.723277319466       0.237962086664        -0.446594163461       
1.44945422592         0.729369692153        -0.707292845252       0.231505615899        -0.436645187364       
1.45911292371         0.709395281797        -0.691706875098       0.225256731413        -0.426945944416       
1.4687716215          0.690105478683        -0.676455216403       0.219242172168        -0.41745462546        
1.47843031929         0.671334652161        -0.661695817627       0.213373969864        -0.408274698621       
1.48808901708         0.653143334639        -0.647237588874       0.207699227917        -0.399282882254       
1.49774771487         0.635551304958        -0.633170505495       0.202220236673        -0.390535744265       
1.50740641266         0.618476764119        -0.619450542209       0.196904878202        -0.382006962806       
1.51706511045         0.601918011084        -0.606072097618       0.191754419159        -0.373692733499       
1.52672380824         0.585875938842        -0.59305385415        0.186768312792        -0.365603577599       
1.53638250603         0.570296828456        -0.580351398511       0.18192779472         -0.357713170802       
1.54604120383         0.555217423849        -0.567994156141       0.177248838027        -0.350037769234       
1.55569990162         0.540619894059        -0.555979533128       0.172727130075        -0.342571405759       
1.56535859941         0.52641635617         -0.544282890878       0.168326734898        -0.335305559546       
1.5750172972          0.512593107319        -0.532871771681       0.164041235672        -0.328219005501       
1.58467599499         0.49918314307         -0.521778294452       0.159882693479        -0.321332268214       
1.59433469278         0.486153327221        -0.510966052488       0.155840911026        -0.314622113241       
1.60399339057         0.473529944176        -0.500491655529       0.151920689796        -0.308124199218       
1.61365208836         0.461228438997        -0.490250195156       0.148098614344        -0.301772800471       
1.62331078615         0.449290287285        -0.480304498449       0.144381296161        -0.295607254475       
1.63296948394         0.437658497764        -0.470610466843       0.140754955513        -0.289600213804       
1.64262818173         0.426343889367        -0.461170906142       0.137217397925        -0.283753179039       
1.65228687953         0.415335035194        -0.45197073858        0.133764035592        -0.278060993297       
1.66194557732         0.404653579202        -0.443007760727       0.130409136596        -0.272519562398       
1.67160427511         0.394320175761        -0.434322528494       0.127160478515        -0.267150751772       
1.6812629729          0.384328711991        -0.425925236741       0.124014015806        -0.261961493261       
1.69092167069         0.375082910933        -0.418279577484       0.121097437938        -0.257236798805       
1.70058036848         0.368864301139        -0.413942367624       0.119151467803        -0.254549277168       
1.71023906627         0.3624836947          -0.409354337423       0.117152647067        -0.251707517923       
1.71989776406         0.355948368505        -0.404575725595       0.115084934369        -0.248752311481       
1.72955646185         0.349371943227        -0.399693230249       0.112998244602        -0.245734480476       
1.73921515964         0.342765034836        -0.394718959159       0.1108931739          -0.24266161137        
1.74887385744         0.336156156576        -0.389669018363       0.108782392301        -0.239543614946       
1.75853255523         0.32955493202         -0.38462198108        0.106668962114        -0.236426224407       
1.76819125302         0.322944985828        -0.379406697873       0.104543371619        -0.233205377284       
1.77784995081         0.316365745083        -0.374218483877       0.102424240522        -0.230003208833       
1.7875086486          0.309805405676        -0.368980507352       0.100303122838        -0.226771837124       
1.79716734639         0.303273908975        -0.363706014741       0.0981856369291       -0.223519259108       
1.80682604418         0.296787006322        -0.358404066231       0.0960789693886       -0.220250809854       
1.81648474197         0.290358137254        -0.353115169376       0.0939908106333       -0.216991039162       
1.82614343976         0.283942192987        -0.347724138972       0.0918918243977       -0.213669915364       
1.83580213755         0.277603734503        -0.342355710825       0.089821141202        -0.21036305836        
1.84546083534         0.271325877812        -0.336975679918       0.0877677206961       -0.207049833298       
1.85511953314         0.265110390217        -0.331584262119       0.0857318863555       -0.203730514186       
1.86477823093         0.258962884775        -0.326186574746       0.0837164081039       -0.20040785245        
1.87443692872         0.252895531154        -0.320793854423       0.0817285552491       -0.197088591143       
1.88409562651         0.246904235603        -0.315401593098       0.0797642284527       -0.193770268146       
1.8937543243          0.240992814631        -0.310016616385       0.0778255453713       -0.190456931584       
1.90341302209         0.235161728455        -0.304644427162       0.075913473913        -0.18715170811        
1.91307171988         0.229420079128        -0.299281563535       0.074032930345        -0.183852708293       
1.92273041767         0.223771518511        -0.29394950305        0.072184283652        -0.180571237262       
1.93238911546         0.218208283067        -0.288643819956       0.0703656065224       -0.177305751194       
1.94204781325         0.212736594783        -0.283374736365       0.0685788203995       -0.174063153749       
1.95170651105         0.207351488518        -0.278136615653       0.0668209731942       -0.170840054544       
1.96136520884         0.20204839706         -0.272922565248       0.0650917403496       -0.167632019299       
1.97102390663         0.196808336301        -0.267724876545       0.0633786254327       -0.164438931972       
1.98068260442         0.191670796123        -0.262572434323       0.0617031694314       -0.161273010699       
1.99034130221         0.186663824408        -0.257475033625       0.0600771280983       -0.158140399532       
2                     0.18173624345         -0.252433565311       0.0584770915006       -0.155042646098       
2.01                  0.176732766637        -0.247259690827       0.0568535556509       -0.151863958609       
2.22865857311         0.0889188180362       -0.149453171901       0.0280974346362       -0.0918637497588      
2.44731714623         0.0379736727965       -0.080593418536       0.0112719104193       -0.0496481567431      
2.66597571934         0.0129391386848       -0.0385139128305      0.0031617173666       -0.023817204711       
2.88463429245         0.00286687183789      -0.0158668124548      0.000137989768016     -0.00987033584125     
3.10329286556         -7.66757603428e-05    -0.0053519115673      -0.000502360386459    -0.00335889304056     
3.32195143868         -0.000397993869648    -0.00130529565453     -0.000345258484316    -0.000830563281969    
3.54061001179         -0.000140240347091    -0.000138820857639    -0.00010146867569     -9.08541698379e-05    
3.7592685849          -1.81107921259e-07    2.13190531794e-07     -1.38706967302e-07    1.67700129846e-07     
3.7692685849          1.72539134955e-09     4.05835693876e-07     -2.17335267822e-09    3.1574325595e-07      
3.76949080712         1.80340405763e-09     4.14941312383e-07     -2.12933159482e-09    3.22607189482e-07     
3.76971302934         1.88090952075e-09     4.24196947239e-07     -2.0853315238e-09     3.29586765038e-07     
3.76993525157         1.95790314875e-09     4.33596555537e-07     -2.04136444819e-09    3.36677412615e-07     
3.77015747379         2.03438095268e-09     4.43134515365e-07     -1.99744136627e-09    3.43874881759e-07     
3.77037969601         2.11033946661e-09     4.52805567606e-07     -1.95357241459e-09    3.51175197549e-07     
3.77060191823         2.18577541776e-09     4.62604757078e-07     -1.90976712338e-09    3.5857461673e-07      
3.77082414046         2.26068587675e-09     4.72527418786e-07     -1.86603437918e-09    3.66069616214e-07     
3.77104636268         2.33506851175e-09     4.82569203416e-07     -1.82238227342e-09    3.73656910024e-07     
3.7712685849          2.40892191533e-09     4.92726157804e-07     -1.77881784122e-09    3.81333506231e-07     
3.7812685849          5.19211888356e-09     1.02894455531e-06     3.05334130697e-11     7.8892042957e-07      
3.96147671173         3.71793615978e-10     6.53765217482e-06     1.42526547752e-09     5.30106630986e-06     
4.14168483857         -9.40820457397e-10    3.99441416062e-06     -3.05724727986e-10    3.41952482616e-06     
4.3218929654          -2.75581834786e-11    1.52867143387e-06     -8.71511685555e-11    1.37650277143e-06     
4.50210109224         5.65441926503e-11     4.18371002654e-07     6.49938178587e-12     3.95505985595e-07     
4.68230921907         2.05279708005e-12     7.42527712591e-08     2.77787835218e-12     7.36369456244e-08     
4.86251734591         -1.56976604016e-12    3.63494530328e-09     -1.57870247115e-13    3.78375033886e-09     
5.04272547274         2.95889249898e-09     3.83067336445e-12     3.23818578158e-09     -1.50172758473e-11    
5.22293359958         3.67750633422e-09     9.5409070606e-12      4.2110476389e-09      -4.38446289153e-11    
5.40314172641         2.11167003632e-09     9.20012887804e-12     2.52604476663e-09     -3.96639360901e-11    
5.58334985324         8.9106418072e-10      5.88469259767e-12     1.1124693578e-09      -2.2933009262e-11     
5.76355798008         3.10435062804e-10     2.90498206266e-12     4.04236239741e-10     -1.01925472437e-11    
5.94376610691         9.36777602145e-11     1.18408130394e-12     1.27184028612e-10     -3.75364589119e-12    
6.12397423375         2.50965883769e-11     4.13454990945e-13     3.55172644156e-11     -1.19125563755e-12    
6.30418236058         6.0559129485e-12      1.26496720306e-13     8.93341913062e-12     -3.3321364246e-13     
6.48439048742         1.32842681951e-12     3.44202021963e-14     2.04272916369e-12     -8.34525097522e-14    
6.66459861425         2.66587666647e-13     8.41760774755e-15     4.27385935744e-13     -1.8881481543e-14     
6.84480674109         4.91359698633e-14     1.86329129696e-15     8.21501672776e-14     -3.88527302541e-15    
7.02501486792         8.34880758949e-15     3.75624549712e-16     1.45622926174e-14     -7.31547208264e-16    
7.20522299475         1.32120707199e-15     6.9807352206e-17      2.40528121902e-15     -1.27511133688e-16    
7.38543112159         2.45102153931e-16     1.5076723197e-17      4.65981799031e-16     -2.5920586299e-17     
7.56563924842         1.71540619147e-17     1.21938724961e-18     3.40795173507e-17     -1.9795309485e-18     
7.74584737526         1.84418676564e-17     1.50537664717e-18     3.83137357398e-17     -2.31427402028e-18    
7.92605550209         1.96609276538e-17     1.83297307098e-18     4.27501782181e-17     -2.67564814185e-18    
8.10626362893         2.08017976608e-17     2.20471299649e-18     4.7383127761e-17      -3.06388685831e-18    
8.28647175576         2.18558763959e-17     2.6230377236e-18      5.22065081038e-17     -3.47819082882e-18    
8.4666798826          2.28153242001e-17     3.09029315052e-18     5.72154599154e-17     -3.91795155884e-18    
8.64688800943         2.36729895671e-17     3.60873054053e-18     6.24052661423e-17     -4.3826579837e-18     
8.82709613626         2.44223429219e-17     4.18050804527e-18     6.77714976904e-17     -4.87177730163e-18    
9.0073042631          2.50574170203e-17     4.80769279438e-18     7.33100099007e-17     -5.38476181466e-18    
9.18751238993         2.55727533547e-17     5.49226339945e-18     7.90169293345e-17     -5.92105459344e-18    
9.36772051677         2.59633539841e-17     6.23611275057e-18     8.48886411117e-17     -6.48009415203e-18    
9.5479286436          2.62246382481e-17     7.04105100934e-18     9.09217841245e-17     -7.06131828922e-18    
9.72813677044         2.63524038653e-17     7.90880872179e-18     9.71133061355e-17     -7.66416722906e-18    
9.90834489727         2.63427919623e-17     8.84103999153e-18     1.03460226783e-16     -8.28868015079e-18    
10.0885530241         2.61922556215e-17     9.83932566637e-18     1.09959177248e-16     -8.93389581808e-18    
10.2687611509         2.58975315786e-17     1.09051765024e-17     1.16607753921e-16     -9.59917556356e-18    
10.4489692778         2.54556147353e-17     1.20400362779e-17     1.23403533998e-16     -1.02839911308e-17    
10.6291774046         2.48637351919e-17     1.32452848371e-17     1.30344225307e-16     -1.09878250826e-17    
10.8093855314         2.41193375321e-17     1.45222410477e-17     1.37427670173e-16     -1.17101715701e-17    
10.9895936583         2.32200621237e-17     1.58721656619e-17     1.44651839502e-16     -1.24505368977e-17    
11.1698017851         2.21637282243e-17     1.72962640748e-17     1.52014825197e-16     -1.32084399173e-17    
11.3500099119         2.09483187028e-17     1.87956889737e-17     1.59514832435e-16     -1.398341228e-17      
11.5302180388         1.95719662097e-17     2.03715428773e-17     1.67150172277e-16     -1.47749985706e-17    
11.7104261656         1.80329406465e-17     2.20248805644e-17     1.74919254709e-16     -1.55827563455e-17    
11.8906342924         1.63296378017e-17     2.37567113924e-17     1.82820582183e-16     -1.64062560899e-17    
12.0708424193         1.44605690342e-17     2.55680015069e-17     1.90852743669e-16     -1.7245081111e-17     
12.2510505461         1.24243518989e-17     2.74596759457e-17     1.99014409227e-16     -1.80988273778e-17    
12.431258673          1.02197016205e-17     2.94326206401e-17     2.07304325176e-16     -1.89671033193e-17    
12.6114667998         7.84542333035e-18     3.14876843168e-17     2.15721310005e-16     -1.98495295882e-17    
12.7916749266         5.30040499273e-18     3.36256803034e-17     2.24264251513e-16     -2.07457388e-17       
12.9718830535         2.58361095205e-18     3.58473882431e-17     2.32932106817e-16     -2.16553752507e-17    
13.1520911803         -3.0592395835e-19     3.81535557206e-17     2.41723913824e-16     -2.25780946211e-17    
13.3322993071         -3.36909979984e-18    4.05448998047e-17     2.50638920679e-16     -2.3513693602e-17     
13.512507434          -6.60675645274e-18    4.30221085104e-17     2.59675748868e-16     -2.4462130737e-17     
13.6927155608         -1.00196781244e-17    4.55858421857e-17     2.68833573177e-16     -2.54227139475e-17    
13.8729236876         -1.36085974797e-17    4.82367348249e-17     2.78111653329e-16     -2.63951413227e-17    
14.0531318145         -1.73741994297e-17    5.0975395315e-17      2.87509241615e-16     -2.73791207481e-17    
14.2333399413         -2.13171246084e-17    5.3802408615e-17      2.97025618481e-16     -2.83743695925e-17    
14.4135480681         -2.54379725669e-17    5.67183368758e-17     3.06660096829e-16     -2.93806143978e-17    
14.593756195          -2.97373047106e-17    5.97237204997e-17     3.16412022012e-16     -3.03975905751e-17    
14.7739643218         -3.42156470009e-17    6.2819079146e-17      3.26280770716e-16     -3.14250421056e-17    
14.9541724486         -3.88734924443e-17    6.60049126844e-17     3.36265749516e-16     -3.24627212486e-17    
15.1343805755         -4.37113033851e-17    6.92817020979e-17     3.46366393359e-16     -3.35103882564e-17    
15.3145887023         -4.87295136212e-17    7.26499103404e-17     3.56582164051e-16     -3.45678110968e-17    
15.4947968291         -5.39285303565e-17    7.61099831494e-17     3.66912548809e-16     -3.56347651829e-17    
15.675004956          -5.93087360037e-17    7.96623498172e-17     3.77357058873e-16     -3.67110331116e-17    
15.8552130828         -6.4870489852e-17     8.33074239225e-17     3.87915228195e-16     -3.77964044092e-17    
16.0354212096         -7.0614129609e-17     8.70456040255e-17     3.98586612207e-16     -3.8890675286e-17     
16.2156293365         -7.65399728278e-17    9.08772743271e-17     4.09370786654e-16     -3.99936483985e-17    
16.3958374633         -8.26483182299e-17    9.48028052952e-17     4.20267346501e-16     -4.11051326195e-17    
16.5760455901         -8.89394469302e-17    9.88225542593e-17     4.31275904905e-16     -4.2224942816e-17     
16.756253717          -9.54136235746e-17    1.02936865976e-16     4.4239609225e-16      -4.33528996358e-17    
16.9364618438         -1.02071097395e-16    1.07146073167e-16     4.53627555236e-16     -4.44888293002e-17    
17.1166699706         -1.08912103188e-16    1.11450497028e-16     4.64969956031e-16     -4.56325634055e-17    
17.2968780975         -1.15936862229e-16    1.15850447715e-16     4.76422971463e-16     -4.67839387314e-17    
17.4770862243         -1.23145583116e-16    1.20346224808e-16     4.8798629227e-16      -4.79427970554e-17    
17.6572943512         -1.3053846256e-16     1.24938117747e-16     4.99659622389e-16     -4.91089849762e-17    
17.837502478          -1.38115686115e-16    1.29626406254e-16     5.1144267829e-16      -5.02823537414e-17    
18.0177106048         -1.45877428868e-16    1.34411360729e-16     5.23335188348e-16     -5.14627590836e-17    
18.1979187317         -1.5382385607e-16     1.3929324263e-16      5.3533689225e-16      -5.26500610614e-17    
18.3781268585         -1.61955123732e-16    1.44272304833e-16     5.47447540443e-16     -5.38441239071e-17    
18.5583349853         -1.70271379183e-16    1.4934879198e-16      5.59666893606e-16     -5.50448158801e-17    
18.7385431122         -1.78772761581e-16    1.54522940802e-16     5.71994722158e-16     -5.62520091258e-17    
18.918751239          -1.87459402404e-16    1.59794980438e-16     5.84430805798e-16     -5.74655795399e-17    
19.0989593658         -1.96331425896e-16    1.65165132727e-16     5.96974933061e-16     -5.86854066378e-17    
19.2791674927         -2.05388949494e-16    1.70633612498e-16     6.09626900915e-16     -5.99113734295e-17    
19.4593756195         -2.14632084219e-16    1.76200627837e-16     6.22386514373e-16     -6.11433662986e-17    
19.6395837463         -2.24060935051e-16    1.81866380352e-16     6.35253586131e-16     -6.23812748866e-17    
19.8197918732         -2.33675601272e-16    1.87631065417e-16     6.48227936238e-16     -6.36249919811e-17    
20                    0                     0                     0                     0                     
