0.0779191396          0                     0                     0                     0                     
0.0876881012867       0.245755167626        -0.360868580034       0.0125780137134       -0.0616030527942      
0.0974570629735       0.847184108468        -1.47635773306        0.00952060661652      -0.256209073183       
0.10722602466         1.44383618453         -2.76687342922        -0.0310158410737      -0.485109778533       
0.116994986347        1.89427102625         -3.88533057787        -0.0941034719712      -0.685735325029       
0.126763948034        2.17867815889         -4.72797203043        -0.163382527579       -0.838105205438       
0.13653290972         2.32119939677         -5.30040476309        -0.228106299917       -0.942563537758       
0.146301871407        2.35543657572         -5.64596390941        -0.283130234718       -1.00645957204        
0.156070833094        2.31224584295         -5.81408050723        -0.326941880787       -1.03827337573        
0.165839794781        2.21677525716         -5.84937469664        -0.359909729293       -1.045863319          
0.175608756467        2.08855094889         -5.78866197485        -0.383317895657       -1.03571201551        
0.185377718154        1.94104910686         -5.65972298546        -0.398634492819       -1.01286556071        
0.195146679841        1.7829531807          -5.48411999084        -0.407540918248       -0.981259653959       
0.204915641528        1.62332415627         -5.278516552          -0.410993783804       -0.944059810172       
0.214684603214        1.46596327996         -5.05456040699        -0.410195111817       -0.903478156562       
0.224453564901        1.31397235809         -4.82111085387        -0.406131517041       -0.861148733547       
0.234222526588        1.16931639319         -4.5841627061         -0.39961518793        -0.818167995785       
0.243991488274        1.03309654289         -4.34829850142        -0.391272222619       -0.775411948105       
0.253760449961        0.905861184292        -4.1166125836         -0.381572949276       -0.733485888747       
0.263529411648        0.787898825569        -3.8912886826         -0.3709236199         -0.692763086012       
0.273298373335        0.679120891857        -3.67375484517        -0.359689836088       -0.653471279579       
0.283067335021        0.578762060513        -3.46474700637        -0.348149343139       -0.615755532294       
0.292836296708        0.48706392725         -3.26493372082        -0.336434878948       -0.57971781389        
0.302605258395        0.403395114727        -3.07450588842        -0.324720046571       -0.545394278262       
0.312374220082        0.327188255585        -2.89341171839        -0.313107060507       -0.512772373637       
0.322143181768        0.258011212744        -2.72154344134        -0.301662889219       -0.481839545837       
0.331912143455        0.195355966291        -2.55865714684        -0.290438396871       -0.452554613822       
0.341681105142        0.138750504054        -2.40447632598        -0.279477150034       -0.424868068955       
0.351450066829        0.0877421534472       -2.25865453703        -0.268803531886       -0.398714232909       
0.361219028515        0.0418801472577       -2.12073801545        -0.258427632987       -0.374012907382       
0.370987990202        0.000815356059713     -1.99043081891        -0.24835742258        -0.350711158408       
0.380756951889        -0.0358627706539      -1.86735511989        -0.23860531328        -0.328736491007       
0.390525913576        -0.0685162751489      -1.75111083045        -0.229168979499       -0.30801383205        
0.400294875262        -0.09742986652        -1.64137656161        -0.220044633612       -0.288484325714       
0.410063836949        -0.123000675616       -1.53769412838        -0.211232281719       -0.270061862618       
0.419832798636        -0.145420070308       -1.43979920508        -0.202719322368       -0.252695111983       
0.429601760322        -0.164948721274       -1.34736388334        -0.194495609054       -0.236325668988       
0.439370722009        -0.181843192045       -1.26004815105        -0.186555744764       -0.220889637029       
0.449139683696        -0.196275518275       -1.17760185074        -0.178885274442       -0.2063378378         
0.458908645383        -0.208537039499       -1.09972013567        -0.17148567086        -0.192614324603       
0.468677607069        -0.218728533123       -1.02615422462        -0.164336895025       -0.179671544704       
0.478446568756        -0.227041716226       -0.956661613769       -0.157431286975       -0.167464674047       
0.488215530443        -0.233621822366       -0.891014353688       -0.150757632696       -0.155951804822       
0.49798449213         -0.238619400395       -0.828999503068       -0.144308040005       -0.145092374085       
0.507753453816        -0.242160492913       -0.770424026461       -0.138072999692       -0.134849432035       
0.517522415503        -0.24435835461        -0.715086534855       -0.132040843925       -0.125185393405       
0.52729137719         -0.245319324607       -0.662833506858       -0.126203532528       -0.116072460691       
0.537060338877        -0.245148243738       -0.613497128204       -0.120552794457       -0.10747907416        
0.546829300563        -0.243941248199       -0.566908616251       -0.115080575922       -0.0993733454561      
0.55659826225         -0.241768173026       -0.522967091637       -0.109777109326       -0.0917357460986      
0.566367223937        -0.238703948761       -0.481488855887       -0.104630028336       -0.0845334912178      
0.576136185623        -0.234852785538       -0.442421019872       -0.0996462275817      -0.0777554128473      
0.58590514731         -0.230253402419       -0.405609929413       -0.094807405725       -0.071373030078       
0.595674108997        -0.22496706149        -0.370951454371       -0.0901072507772      -0.0653675423202      
0.605443070684        -0.219067821009       -0.338371293141       -0.0855447355303      -0.0597243032304      
0.61521203237         -0.212596284067       -0.307762490957       -0.0811088512315      -0.0544237098384      
0.624980994057        -0.205613537674       -0.279069127839       -0.0767988832055      -0.0494552216623      
0.634749955744        -0.198173622497       -0.25220603265        -0.0726093592551      -0.0448027644513      
0.644518917431        -0.190319704668       -0.227109856864       -0.0685353067167      -0.0404545459564      
0.654287879117        -0.182144765482       -0.203769485494       -0.0645885310455      -0.0364080765349      
0.664056840804        -0.17358398213        -0.181996122986       -0.0607251945646      -0.0326291497474      
0.673825802491        -0.164803301501       -0.161871080516       -0.0569843971712      -0.0291319003807      
0.683594764178        -0.155821344832       -0.143304977712       -0.0533526759952      -0.0259001648265      
0.693363725864        -0.146697564569       -0.126258741291       -0.0498310987813      -0.0229266583056      
0.703132687551        -0.137496195468       -0.110682576229       -0.0464218473045      -0.0202026161564      
0.712901649238        -0.128279608934       -0.096537063995       -0.043127034212       -0.0177210277764      
0.722670610924        -0.119121930539       -0.0837672854055      -0.0399518035896      -0.0154725928477      
0.732439572611        -0.110093313397       -0.0723196334345      -0.036900693112       -0.0134482690481      
0.742208534298        -0.101264315462       -0.0621289594444      -0.0339787887676      -0.0116373409306      
0.751977495985        -0.0927080768773      -0.0531254126463      -0.0311929076997      -0.0100283851365      
0.761746457671        -0.0844810052873      -0.0452247591922      -0.0285460777206      -0.00860763437721     
0.771515419358        -0.0766386209091      -0.0383401002578      -0.0260428309529      -0.00736094420948     
0.781284381045        -0.0692237346798      -0.0323789436745      -0.0236859771677      -0.00627326611595     
0.791053342732        -0.0622630743742      -0.0272457433134      -0.0214753336857      -0.00532893014511     
0.800822304418        -0.0557774159368      -0.0228488631382      -0.0194113258851      -0.00451293700341     
0.810591266105        -0.0497666377071      -0.0190969649755      -0.0174894731131      -0.00381012917327     
0.820360227792        -0.0442294435828      -0.015908376304       -0.015706899174       -0.00320698016803     
0.830129189479        -0.0391532195694      -0.0132072126171      -0.0140584400192      -0.00269078335266     
0.839898151165        -0.0345192186368      -0.0109253541382      -0.0125380129348      -0.00225006350747     
0.849667112852        -0.0303048552406      -0.00900264722272     -0.0111390728093      -0.00187460493        
0.859436074539        -0.0264884385384      -0.00738745134543     -0.00985603247915     -0.0015556060426      
0.869205036226        -0.023041690075       -0.00603353739158     -0.00868127062291     -0.0012850690977      
0.878973997912        -0.0199396257885      -0.00490190956757     -0.00760854442687     -0.00105621671618     
0.888742959599        -0.0171564645152      -0.00395886654427     -0.00663136287025     -0.000863137237222    
0.898511921286        -0.0146678781641      -0.00317568974966     -0.00574371673967     -0.000700745372308    
0.908280882972        -0.0124492252749      -0.00252752667194     -0.00493931455662     -0.000564584074883    
0.918049844659        -0.0104790015673      -0.00199356237846     -0.00421290400899     -0.000450900587901    
0.927818806346        -0.00873588783545     -0.00155580502289     -0.00355907405791     -0.000356401847205    
0.937587768033        -0.00720040060656     -0.00119901698152     -0.00297289710127     -0.000278273951133    
0.947356729719        -0.00585502279226     -0.000910286346294    -0.00245000388818     -0.000214106315583    
0.957125691406        -0.00468252640153     -0.000678448192193    -0.00198588247257     -0.000161780750371    
0.966894653093        -0.00366804101831     -0.000494147946377    -0.00157675895797     -0.000119507135061    
0.97666361478         -0.00279733126063     -0.000349320322314    -0.00121888875665     -8.57155315653e-05    
0.986432576466        -0.0020549898896      -0.000236826268233    -0.000907763047958    -5.89820861625e-05    
0.996201538153        -0.00143607708277     -0.000151620424364    -0.000643267607783    -3.83332511512e-05    
1.00597049984         -0.000932985635346    -8.88979212876e-05    -0.000424030722249    -2.28039051331e-05    
1.01573946153         -0.000536478267685    -4.42267440859e-05    -0.000247817188769    -1.14714149369e-05    
1.02550842321         -0.000240586382179    -1.39046276372e-05    -0.000113767817793    -3.55274627169e-06    
1.0352773849          -4.61133880201e-05    5.14936246492e-06     -2.42019479481e-05    1.61595070832e-06     
1.0452773849          1.33947919159e-05     4.18968905309e-05     0.000170985851986     -0.000178573615798    
1.04549960712         1.35116012142e-05     4.42343653732e-05     0.000170633717328     -0.000177333989939    
1.04572182934         1.362619533e-05       4.66217972334e-05     0.00017028697865      -0.0001760660965      
1.04594405157         1.37386268519e-05     4.90576033692e-05     0.000169945455235     -0.000174771147003    
1.04616627379         1.38489590838e-05     5.15403693286e-05     0.000169609157509     -0.000173450419111    
1.04638849601         1.39579101108e-05     5.40713404499e-05     0.000169286081908     -0.000172113194011    
1.04661071823         1.40642306036e-05     5.66443548462e-05     0.000168960324692     -0.000170744302515    
1.04683294046         1.41682751563e-05     5.92592675681e-05     0.000168635688179     -0.000169348663154    
1.04705516268         1.42703162066e-05     6.19158364039e-05     0.000168314895572     -0.000167929954958    
1.0472773849          1.43703797375e-05     6.46129107253e-05     0.000167997727332     -0.000166488811559    
1.0572773849          1.71567324075e-05     0.000215945033445     0.000155828108816     -8.47966537985e-05    
1.06670461105         1.74988805778e-05     0.00038972783589      0.000146066967593     1.08898942954e-05     
1.0761318372          1.64237345658e-05     0.000576778631872     0.000137170514131     0.000116031467199     
1.08555906335         1.44577477279e-05     0.000768175830344     0.000128904514457     0.000226030357544     
1.0949862895          1.19769423952e-05     0.000958326642528     0.000121174587705     0.000337895553238     
1.10441351565         9.25181632695e-06     0.0011434452498       0.000113923545241     0.000449513760913     
1.11384074181         6.4771793657e-06      0.00132092025691      0.00010711453728      0.000559335036736     
1.12326796796         3.79117374122e-06     0.00148893819656      0.000100719637457     0.000666195224937     
1.13269519411         1.28910597286e-06     0.0016463150328       9.47184027505e-05     0.000769238761251     
1.14212242026         -9.66664577651e-07    0.00179211554355      8.90822087231e-05     0.000867741494119     
1.15154964641         -2.93875207576e-06    0.00192608504982      8.38027218309e-05     0.000961317081856     
1.16097687256         -4.60871066553e-06    0.00204781157308      7.88514783796e-05     0.00104951746341      
1.17040409871         -5.97233868226e-06    0.00215722474013      7.4209386699e-05      0.0011320703278       
1.17983132486         -7.03627657366e-06    0.00225444911332      6.9859412116e-05      0.00120881437391      
1.18925855101         -7.8145977068e-06     0.00233960427629      6.5781151919e-05      0.00127959514982      
1.19868577716         -8.32752018628e-06    0.00241309748531      6.19607485397e-05     0.00134442331977      
1.20811300332         -8.59819167084e-06    0.00247518281868      5.837862049e-05       0.00140323713921      
1.21754022947         -8.65234664049e-06    0.00252626700646      5.50189294422e-05     0.00145606890303      
1.22696745562         -8.51664980331e-06    0.00256673864251      5.18653691303e-05     0.00150295096226      
1.23639468177         -8.21789549777e-06    0.00259697024728      4.89018370859e-05     0.00154391512969      
1.24582190792         -7.783764965e-06      0.00261776726325      4.61207198331e-05     0.00157926241662      
1.25524913407         -7.23917633132e-06    0.002629383493        4.35043742963e-05     0.00160897900069      
1.26467636022         -6.60834909777e-06    0.00263224756311      4.10396622145e-05     0.00163316271264      
1.27410358637         -5.91426228178e-06    0.0026269142245       3.87162823444e-05     0.00165199988687      
1.28353081252         -5.17714562331e-06    0.00261348069197      3.65181310248e-05     0.00166539889641      
1.29295803867         -4.41848552736e-06    0.00259362888868      3.44520721661e-05     0.00167428929459      
1.30238526483         -3.65311832321e-06    0.00256667736218      3.24927476704e-05     0.00167810642764      
1.31181249098         -2.89692647128e-06    0.00253344941559      3.06367409069e-05     0.0016772547          
1.32123971713         -2.16307609556e-06    0.002494338806        2.88756226652e-05     0.00167187324792      
1.33066694328         -1.46305030408e-06    0.0024500043602       2.72048136048e-05     0.00166228988495      
1.34009416943         -8.06040645319e-07    0.00240045386044      2.56131579963e-05     0.0016484030233       
1.34952139558         -1.99975286625e-07    0.00234645400193      2.40987329034e-05     0.00163063488014      
1.35894862173         3.49191416397e-07     0.00228841917513      2.26562498216e-05     0.00160918165559      
1.36837584788         8.37014451428e-07     0.00222658797948      2.12793961228e-05     0.00158412480978      
1.37780307403         1.26041848409e-06     0.00216125725811      1.99632214653e-05     0.0015555923675       
1.38723030018         1.61798819641e-06     0.00209318358988      1.87075496576e-05     0.00152405395703      
1.39665752634         1.90910623179e-06     0.00202234667295      1.75055619487e-05     0.00148942951714      
1.40608475249         2.13457427338e-06     0.00194921320247      1.6355446354e-05      0.0014519983729       
1.41551197864         2.29608272303e-06     0.00187407274641      1.52542738943e-05     0.00141191963305      
1.42493920479         2.39643662811e-06     0.00179737712877      1.42008596575e-05     0.00136948355356      
1.43436643094         2.43859676779e-06     0.00171908358281      1.31904897183e-05     0.00132461253059      
1.44379365709         2.42722023394e-06     0.00163988800432      1.2224623096e-05      0.00127780094552      
1.45322088324         2.36661288289e-06     0.00155979900613      1.12997135716e-05     0.00122902388413      
1.46264810939         2.26217408138e-06     0.00147923983932      1.04156578608e-05     0.001178585317        
1.47207533554         2.11929956193e-06     0.00139836087047      9.5706247445e-06      0.00112658263116      
1.48150256169         1.94384030784e-06     0.00131740550931      8.76372404208e-06     0.00107319280381      
1.49092978785         1.74199844295e-06     0.00123670324137      7.99483338476e-06     0.00101867102593      
1.500357014           1.51986638541e-06     0.00115641718479      7.2629017153e-06      0.000963144559995     
1.50978424015         1.28375399364e-06     0.00107682613644      6.56779068662e-06     0.000906842870919     
1.5192114663          1.03976676814e-06     0.000998066416871     5.90861194023e-06     0.000849883323866     
1.52863869245         7.94126612958e-07     0.000920469188132     5.28576223611e-06     0.000792555149471     
1.5380659186          5.52624478714e-07     0.00084412020053      4.69827359865e-06     0.000734945579104     
1.54749314475         3.20981417334e-07     0.000769298818932     4.14636998724e-06     0.000677314771401     
1.5569203709          1.04505651472e-07     0.000696183753038     3.62973792997e-06     0.000619843409001     
1.56634759705         -9.18761680654e-08    0.000624988729745     3.1482746473e-06      0.000562750115782     
1.5757748232          -2.63737392278e-07    0.000555950037426     2.70197402288e-06     0.000506282053104     
1.58520204936         -4.07188557812e-07    0.000489228720408     2.2904263631e-06      0.000450626236136     
1.59462927551         -5.18963291834e-07    0.000425031597603     1.91340917579e-06     0.00039601855056      
1.60405650166         -5.96709069772e-07    0.000363692541757     1.57117666717e-06     0.000342822961854     
1.61348372781         -6.386653171e-07      0.000305345670722     1.2629710124e-06      0.000291227075931     
1.62291095396         -6.44321964488e-07    0.000250323761797     9.88759374478e-07     0.000241615779143     
1.63233818011         -6.14223232473e-07    0.000198912404063     7.48103792907e-07     0.000194342624131     
1.64176540626         -5.50471260913e-07    0.000151492457663     5.40692135485e-07     0.000149868309206     
1.65119263241         -4.56910733183e-07    0.000108494740033     3.660707624e-07       0.000108721418789     
1.66061985856         -3.3996911739e-07     7.0515558152e-05      2.23937013102e-07     7.16192597209e-05     
1.67004708471         -2.09769930691e-07    3.83962244641e-05     1.14181519209e-07     3.95611883386e-05     
1.67947431087         -8.32597692553e-08    1.35650519143e-05     3.75490591069e-08     1.42040319176e-05     
1.68890153702         1.2667989396e-09      8.67108961964e-12     1.36261046296e-09     -6.27818003011e-11    
1.69832876317         1.37779874064e-05     1.04500962888e-07     1.4946876706e-05      -7.29663172864e-07    
1.70775598932         3.92371192992e-05     3.27911813264e-07     4.29270919419e-05     -2.21164413316e-06    
1.71718321547         7.25960366919e-05     6.65172362916e-07     8.00915832729e-05     -4.33993198722e-06    
1.72661044162         0.000112521142628     1.12534122909e-06     0.000125175243482     -7.11202480996e-06    
1.73603766777         0.000158237119291     1.7204787092e-06      0.000177490217332     -1.05447144478e-05    
1.74546489392         0.00020920951872      2.46399845238e-06     0.000236592464145     -1.46614111966e-05    
1.75489212007         0.000265031975772     3.3701104058e-06      0.00030216450797      -1.94887149138e-05    
1.76431934622         0.000325374561729     4.45356209823e-06     0.000373963267546     -2.50546821844e-05    
1.77374657238         0.000389956463921     5.72948905003e-06     0.000451790127635     -3.13841572572e-05    
1.78317379853         0.000458530099868     7.21331242228e-06     0.000535478018245     -3.85059704062e-05    
1.79260102468         0.000530871243199     8.92065958477e-06     0.00062487704293      -4.64403426158e-05    
1.80202825083         0.000606772577641     1.08672968057e-05     0.000719847800341     -5.52096470857e-05    
1.81145547698         0.00068603933046      1.30690688427e-05     0.000820258732234     -6.48347388091e-05    
1.82088270313         0.000768486230176     1.5541842756e-05      0.000925981481829     -7.53380327291e-05    
1.83030992928         0.000853935341409     1.83014545104e-05     0.00103689937853      -8.6737948558e-05     
1.83973715543         0.000942214499713     2.13636575903e-05     0.00115288820397      -9.90468484164e-05    
1.84916438158         0.00103315616796      2.47440732015e-05     0.00127382438207      -0.000112278711512    
1.85859160774         0.00112659659567      2.84581418437e-05     0.00139958357637      -0.000126445727437    
1.86801883389         0.00122237520009      3.25210761503e-05     0.00153003979561      -0.000141558279002    
1.87744606004         0.00132033411237      3.69478149636e-05     0.00166506489352      -0.000157624931793    
1.88687328619         0.00142031784807      4.17529786595e-05     0.00180452823921      -0.000174652429472    
1.89630051234         0.00152217307244      4.69508257522e-05     0.00194829650077      -0.000192645694164    
1.90572773849         0.0016257484387       5.25552108351e-05     0.00209623351331      -0.000211607831398    
1.91515496464         0.00173089448257      5.85795439082e-05     0.00224820021194      -0.000231540139208    
1.92458219079         0.00183746356064      6.50367511576e-05     0.00240405461627      -0.000252442121075    
1.93400941694         0.00194530982298      7.19392372448e-05     0.00256365185604      -0.000274311502439    
1.94343664309         0.00205428921221      7.92988491652e-05     0.00272684422985      -0.000297144250556    
1.95286386924         0.0021642594833       8.7126841731e-05      0.00289348129082      -0.000320934597491    
1.9622910954          0.00227508023926      9.54338447309e-05     0.00306340995413      -0.000345675066069    
1.97171832155         0.00238661297904      0.000104229831813     0.00323647462242      -0.000371356498606    
1.9811455477          0.00249872115446      0.000113524091137     0.00341251732582      -0.000397968088268    
1.99057277385         0.00261127023391      0.000123325197825     0.0035913778739       -0.000425497412891    
2                     0.00272412777061      0.000133640988258     0.00377289401725      -0.000453930471136    
2.01                  0.00284403412537      0.000145153954281     0.00396815806516      -0.000485061455901    
2.19171717172         0.00489509604065      0.000459977145448     0.00776728952663      -0.00119281923558     
2.37343434343         0.00627709442768      0.000943737424044     0.0112304236449       -0.00201309316121     
2.55515151515         0.00669062526981      0.00147611382342      0.013409848748        -0.00268930905736     
2.73686868687         0.00620722300282      0.00189535809073      0.0138669134393       -0.00302796123852     
2.91858585859         0.00512845545818      0.00207794931406      0.0127180191093       -0.00296812595251     
3.1003030303          0.00382114573919      0.00199052354278      0.0104839179709       -0.00258000691248     
3.28202020202         0.00258722383811      0.00169081705971      0.00783181866475      -0.00201190494919     
3.46373737374         0.00160017565455      0.00128671058366      0.00533215736147      -0.00141879051275     
3.64545454545         0.000907624080403     0.000884001340763     0.00332300010624      -0.000910245045039    
3.82717171717         0.000473621072993     0.00055160492099      0.00190229593391      -0.000533824659153    
4.00888888889         0.000227971633549     0.000314128994644     0.00100326427857      -0.000287278948392    
4.19060606061         0.00010143447598      0.000163905362556     0.000488649060723     -0.000142308193639    
4.37232323232         4.17919222285e-05     7.86067654661e-05     0.000220234880077     -6.50548133112e-05    
4.55404040404         1.59657988612e-05     3.47394268093e-05     9.19989639033e-05     -2.75006765654e-05    
4.73575757576         5.66160588002e-06     1.41770786979e-05     3.56660713541e-05     -1.0768192497e-05     
4.91747474747         1.86506111983e-06     5.35171796742e-06     1.28459266162e-05     -3.9107938214e-06     
5.09919191919         5.71110737004e-07     1.87134700701e-06     4.30222854886e-06     -1.31884098873e-06    
5.28090909091         1.62638129148e-07     6.06849973494e-07     1.34077352646e-06     -4.13358202808e-07    
5.46262626263         4.30866988941e-08     1.82686118942e-07     3.89060497334e-07     -1.20504803858e-07    
5.64434343434         1.06212984095e-08     5.10968625187e-08     1.05173099288e-07     -3.26972971501e-08    
5.82606060606         2.4365511471e-09      1.32880950298e-08     2.64979366075e-08     -8.26216502664e-09    
6.00777777778         5.2016888684e-10      3.21502145426e-09     6.2245416515e-09      -1.94518850385e-09    
6.18949494949         1.03335187104e-10     7.24094109297e-10     1.36375616012e-09     -4.26874499319e-10    
6.37121212121         1.90988252734e-11     1.51881611719e-10     2.78759164519e-10     -8.73512945966e-11    
6.55292929293         3.2831818188e-12      2.96828510018e-11     5.31748390094e-11     -1.66731592355e-11    
6.73464646465         5.24735520207e-13     5.40727774938e-12     9.46866366066e-12     -2.96955050057e-12    
6.91636363636         7.78269499665e-14     9.17322610541e-13     1.57224382163e-12     -4.93005690089e-13    
7.09808080808         1.0786117493e-14      1.46092342722e-13     2.45382158767e-13     -7.69064954316e-14    
7.2797979798          1.41112885217e-15     2.20962154748e-14     3.64114480241e-14     -1.14030241059e-14    
7.46151515152         1.48915833902e-16     2.71684080503e-15     4.39680259499e-15     -1.37552755792e-15    
7.64323232323         2.96333949355e-17     6.36303621891e-16     1.01228653502e-15     -3.16290888777e-16    
7.82494949495         2.68464095678e-17     6.87525311718e-16     1.07615901959e-15     -3.35754822909e-16    
8.00666666667         2.38307927465e-17     7.40940597826e-16     1.14202110117e-15     -3.55716501728e-16    
8.18838383838         2.0588989792e-17      7.96559635699e-16     1.2098759847e-15      -3.76170734676e-16    
8.3701010101          1.71233644605e-17     8.54391869652e-16     1.27972679564e-15     -3.97112558885e-16    
8.55181818182         1.34361983039e-17     9.14446094301e-16     1.35157658053e-15     -4.18537226711e-16    
8.73353535354         9.52969092732e-18     9.767305098e-16       1.42542830777e-15     -4.40440193926e-16    
8.91525252525         5.40596093355e-18     1.04125277155e-15     1.50128486869e-15     -4.62817108579e-16    
9.09696969697         1.06704738774e-18     1.10802003502e-15     1.5791490788e-15      -4.85663800491e-16    
9.27868686869         -3.48508833207e-18    1.17703899621e-15     1.65902367918e-15     -5.08976271371e-16    
9.4604040404          -8.24856040482e-18    1.24831592828e-15     1.7409113381e-15      -5.3275068553e-16     
9.64212121212         -1.32215562414e-17    1.32185671466e-15     1.82481465258e-15     -5.56983361155e-16    
9.82383838384         -1.84023340313e-17    1.39766687923e-15     1.91073615014e-15     -5.81670762119e-16    
10.0055555556         -2.37892202143e-17    1.47575161358e-15     1.99867829059e-15     -6.06809490296e-16    
10.1872727273         -2.93806069178e-17    1.55611580195e-15     2.08864346777e-15     -6.32396278345e-16    
10.368989899          -3.51749493926e-17    1.63876404385e-15     2.18063401141e-15     -6.58427982946e-16    
10.5507070707         -4.11707634722e-17    1.72370067482e-15     2.27465218892e-15     -6.8490157845e-16     
10.7324242424         -4.73666230737e-17    1.8109297853e-15      2.3707002072e-15      -7.11814150909e-16    
10.9141414141         -5.37611577552e-17    1.90045523791e-15     2.46878021442e-15     -7.39162892489e-16    
11.0958585859         -6.03530503403e-17    1.99228068338e-15     2.56889430181e-15     -7.66945096202e-16    
11.2775757576         -6.71410346167e-17    2.08640957498e-15     2.67104450536e-15     -7.95158150975e-16    
11.4592929293         -7.41238931137e-17    2.182845182e-15       2.77523280757e-15     -8.23799536998e-16    
11.641010101          -8.13004549625e-17    2.28159060193e-15     2.88146113907e-15     -8.52866821359e-16    
11.8227272727         -8.86695938401e-17    2.3826487718e-15      2.98973138027e-15     -8.82357653937e-16    
12.0044444444         -9.62302259976e-17    2.48602247861e-15     3.10004536297e-15     -9.12269763527e-16    
12.1861616162         -1.03981308372e-16    2.59171436895e-15     3.21240487188e-15     -9.42600954197e-16    
12.3678787879         -1.11921836782e-16    2.69972695784e-15     3.32681164617e-15     -9.73349101855e-16    
12.5495959596         -1.200508442e-16      2.81006263697e-15     3.44326738094e-15     -1.00451215101e-15    
12.7313131313         -1.28367399111e-16    2.9227236823e-15      3.56177372867e-15     -1.0360881117e-15     
12.913030303          -1.36870603939e-16    3.03771226107e-15     3.68233230071e-15     -1.06807505663e-15    
13.0947474747         -1.45559593551e-16    3.15503043837e-15     3.80494466873e-15     -1.10047111843e-15    
13.2764646465         -1.54433533833e-16    3.27468018317e-15     3.92961236633e-15     -1.13327448709e-15    
13.4581818182         -1.6349162033e-16     3.39666337396e-15     4.05633689087e-15     -1.16648340749e-15    
13.6398989899         -1.72733076957e-16    3.52098180399e-15     4.18511970625e-15     -1.20009617715e-15    
13.8216161616         -1.82157154764e-16    3.64763718612e-15     4.31596224937e-15     -1.23411114398e-15    
14.0033333333         -1.91763130767e-16    3.77663115741e-15     4.44886598893e-15     -1.26852672613e-15    
14.1850505051         -2.01550306834e-16    3.90796528329e-15     4.58383211398e-15     -1.30334155988e-15    
14.3667676768         -2.11518008623e-16    4.04164106157e-15     4.72086190521e-15     -1.33855392493e-15    
14.5484848485         -2.21665584573e-16    4.17765992608e-15     4.85995669759e-15     -1.37416235124e-15    
14.7302020202         -2.31992404944e-16    4.31602325016e-15     5.00111776241e-15     -1.41016540985e-15    
14.9119191919         -2.42497860902e-16    4.45673234985e-15     5.14434633555e-15     -1.44656171132e-15    
15.0936363636         -2.53181363648e-16    4.59978848694e-15     5.28964362216e-15     -1.48334990415e-15    
15.2753535354         -2.64042343591e-16    4.74519287177e-15     5.43701079872e-15     -1.52052867344e-15    
15.4570707071         -2.75080249556e-16    4.8929466659e-15      5.58644901433e-15     -1.55809673941e-15    
15.6387878788         -2.86294548038e-16    5.0430509846e-15      5.73795939177e-15     -1.59605285617e-15    
15.8205050505         -2.97684722481e-16    5.19550689916e-15     5.89154302839e-15     -1.63439581046e-15    
16.0022222222         -3.092502726e-16      5.35031543912e-15     6.04720099693e-15     -1.67312442045e-15    
16.1839393939         -3.20990713727e-16    5.50747759431e-15     6.20493434632e-15     -1.71223753461e-15    
16.3656565657         -3.32905576198e-16    5.6669943168e-15      6.36474410232e-15     -1.75173403066e-15    
16.5473737374         -3.44994404756e-16    5.82886652269e-15     6.52663126829e-15     -1.79161281453e-15    
16.7290909091         -3.57256757992e-16    5.99309509389e-15     6.69059682583e-15     -1.83187281934e-15    
16.9108080808         -3.6969220781e-16     6.15968087972e-15     6.85664173539e-15     -1.87251300452e-15    
17.0925252525         -3.82300338907e-16    6.32862469839e-15     7.02476693687e-15     -1.91353235489e-15    
17.2742424242         -3.95080748292e-16    6.49992733853e-15     7.19497335026e-15     -1.95492987978e-15    
17.455959596          -4.08033044815e-16    6.67358956046e-15     7.36726187615e-15     -1.99670461224e-15    
17.6376767677         -4.21156848723e-16    6.84961209755e-15     7.54163339629e-15     -2.03885560824e-15    
17.8193939394         -4.34451791234e-16    7.02799565739e-15     7.71808877413e-15     -2.08138194593e-15    
18.0011111111         -4.47917514128e-16    7.20874092298e-15     7.8966288553e-15      -2.12428272492e-15    
18.1828282828         -4.61553669362e-16    7.39184855376e-15     8.07725446812e-15     -2.16755706554e-15    
18.3645454545         -4.75359918696e-16    7.57731918671e-15     8.25996642405e-15     -2.21120410828e-15    
18.5462626263         -4.89335933337e-16    7.76515343726e-15     8.44476551819e-15     -2.25522301305e-15    
18.727979798          -5.03481393602e-16    7.95535190027e-15     8.63165252964e-15     -2.29961295863e-15    
18.9096969697         -5.1779598859e-16     8.14791515087e-15     8.82062822203e-15     -2.34437314209e-15    
19.0914141414         -5.32279415873e-16    8.3428437453e-15      9.01169334384e-15     -2.38950277818e-15    
19.2731313131         -5.46931381194e-16    8.54013822172e-15     9.20484862885e-15     -2.43500109887e-15    
19.4548484848         -5.61751598187e-16    8.73979910093e-15     9.40009479652e-15     -2.48086735273e-15    
19.6365656566         -5.76739788101e-16    8.9418268871e-15      9.59743255233e-15     -2.52710080452e-15    
19.8182828283         -5.91895679535e-16    9.14622206845e-15     9.79686258819e-15     -2.57370073469e-15    
20                    0                     0                     0                     0                     
