0.0779191396          0                     0                     0                     0                     
0.087577837391        1.89482916578         3.88199156265         0.666581351542        1.59122591776         
0.0972365351819       9.42587524903         17.7676986908         3.49097940796         7.22869648807         
0.106895232973        20.618756918          36.2939725263         7.95744510693         14.668925285          
0.116553930764        32.8658273301         54.3885435633         13.1294339061         21.8365759294         
0.126212628555        44.5242547441         69.5854917622         18.3184774304         27.7408038013         
0.135871326346        54.7799018652         81.1112221143         23.1174063849         32.0831629794         
0.145530024137        63.3326485822         89.1214324998         27.3251143983         34.9490940272         
0.155188721928        70.2245752115         94.0426376378         30.8970494294         36.5231885718         
0.164847419719        75.5446799315         96.434099354          33.8199380877         37.0443140763         
0.17450611751         79.4915118487         96.8329292189         36.1454793022         36.7378331332         
0.184164815301        82.2561531195         95.6640391995         37.9260149776         35.7721964245         
0.193823513091        83.9756235804         93.3149011404         39.1940238822         34.3116102044         
0.203482210882        84.8051369504         90.0860617664         39.9985204075         32.4772555841         
0.213140908673        84.8351417495         86.2324176861         40.3549596036         30.3855373376         
0.222799606464        84.1355112041         82.0084283335         40.2823978482         28.1655576421         
0.232458304255        82.8224767458         77.6445775176         39.8374145817         25.9384794777         
0.242117002046        81.0316058165         73.33109329           39.0979452874         23.8051187469         
0.251775699837        78.9250015937         69.1412938501         38.158575375          21.7922537495         
0.261434397628        76.5933686663         65.131689525          37.0733704192         19.9231052283         
0.271093095419        74.1227479177         61.3374471531         35.8945579381         18.2083815533         
0.28075179321         71.5896799608         57.7719510876         34.6693292444         16.6462150706         
0.290410491001        69.0425153883         54.4251063948         33.4279045099         15.2223292809         
0.300069188792        66.5201022963         51.2801073969         32.193239867          13.9184646271         
0.309727886583        64.030351876          48.3269910109         30.9686886791         12.7236242583         
0.319386584374        61.5849040878         45.5600262826         29.7603194084         11.6313358759         
0.329045282165        59.1952670856         42.9781374524         28.574732087          10.6389390808         
0.338703979956        56.8726548273         40.5760951929         27.419538718          9.7425328838          
0.348362677747        54.6259404648         38.3512607372         26.3013972948         8.93958290647         
0.358021375538        52.4754572123         36.2887526252         25.2339365442         8.21929405285         
0.367680073329        50.4278941045         34.3677732566         24.2214775552         7.5672449657          
0.37733877112         48.4801440472         32.5714574577         23.2624981949         6.97264704852         
0.386997468911        46.6286322834         30.8856809768         22.3546293518         6.42598706077         
0.396656166702        44.8672169374         29.2976774102         21.4940548257         5.91943087737         
0.406314864492        43.1884447163         27.7990841393         20.6758803118         5.44790815449         
0.415973562283        41.5851256682         26.3835437295         19.8955898716         5.0079815926          
0.425632260074        40.0530026208         25.0457088777         19.1502921996         4.59704179471         
0.435290957865        38.5853545009         23.7781594071         18.4357018231         4.21181753494         
0.444949655656        37.1771944251         22.579761161          17.7494655479         3.85249495298         
0.454608353447        35.8248839235         21.4493715656         17.0894895967         3.51893138655         
0.464267051238        34.5258958347         20.384370925          16.4546303147         3.21053652334         
0.473925749029        33.2789997323         19.3816373845         15.8445740183         2.92606589793         
0.48358444682         32.0821804545         18.4399839166         15.2584665424         2.66568428107         
0.493243144611        30.934036869          17.5541680362         14.696039065          2.42693906279         
0.502901842402        29.8343791843         16.7224476592         14.1574412692         2.20914119594         
0.512560540193        28.7818214308         15.9411918106         13.6422389816         2.01063404683         
0.522219237984        27.7739686403         15.2062603453         13.1495877746         1.82981797084         
0.531877935775        26.8128884981         14.5164546423         12.6805193632         1.66535573591         
0.541536633566        25.8942161169         13.8662351757         12.2332003581         1.515258857           
0.551195331357        25.0167007049         13.2535284973         11.8069244724         1.37830416268         
0.560854029148        24.1789905495         12.6748386675         11.4011308417         1.25277171645         
0.570512726939        23.3785207289         12.1272996722         11.0145389027         1.13745363948         
0.58017142473         22.6154644458         11.6095871472         10.6472300966         1.03147220546         
0.589830122521        21.885914922          11.1174016338         10.2969953612         0.932695854494        
0.599488820312        21.1893343907         10.6498547414         9.9637450246          0.840977501228        
0.609147518103        20.5234803365         10.2054386868         9.64606093265         0.755536871135        
0.618806215893        19.8850250361         9.78094098715         9.34236049866         0.675278827227        
0.628464913684        19.2748015675         9.37643765037         9.05285397285         0.599855516326        
0.638123611475        18.690148591          8.9896440772          8.77617588698         0.528506217559        
0.647782309266        18.1291160247         8.61965898133         8.51123318294         0.460968670274        
0.657441007057        17.5908426278         8.26552899717         8.25752633114         0.396856893087        
0.667099704848        17.0737363346         7.92622264683         8.01418344199         0.335841258194        
0.676758402639        16.5762012695         7.60077385166         7.78034506544         0.277692185535        
0.68641710043         16.0957577465         7.29004600924         7.55461556457         0.223230505968        
0.696075798221        15.633465369          6.99204155941         7.33770814268         0.171397249954        
0.705734496012        15.1891094187         6.70589732616         7.12944915821         0.121701809693        
0.715393193803        14.7598957443         6.43115427638         6.92825705079         0.0743514415818       
0.725051891594        14.3464105039         6.16696227169         6.73470846932         0.0289613187783       
0.734710589385        13.9471624426         5.91342864912         6.54773717673         -0.014237751662       
0.744369287176        13.5612310077         5.66999387224         6.3669354565          -0.0553649140078      
0.754027984967        13.1870819883         5.43665235299         6.19145423544         -0.094097290603       
0.763686682758        12.8264624847         5.21137515674         6.02250451902         -0.13170730254        
0.773345380549        12.4767160573         4.99561329546         5.85840769561         -0.167002813962       
0.78300407834         12.1379320921         4.78847502791         5.69933630889         -0.200386336197       
0.792662776131        11.8092085499         4.58940495715         5.54486068313         -0.231946487236       
0.802321473922        11.4912255463         4.39859090133         5.3953031011          -0.261711433819       
0.811980171713        11.1825274143         4.21539221928         5.24998224863         -0.289664413134       
0.821638869504        10.8828167025         4.03956520745         5.10874582248         -0.315872031474       
0.831297567294        10.5921294745         3.87083434142         4.97167245482         -0.340406881333       
0.840956265085        10.3100815032         3.70908307742         4.83855189901         -0.363267881878       
0.850614962876        10.0356321175         3.55373570881         4.70891487055         -0.384496567569       
0.860273660667        9.76938105106         3.40499065765         4.58303724634         -0.404115656721       
0.869932358458        9.51046924714         3.26227249664         4.46055597225         -0.422197394243       
0.879591056249        9.25891258715         3.12549731103         4.34146892916         -0.43878715908        
0.88924975404         9.01437787136         2.99439430542         4.22564144758         -0.453920666099       
0.898908451831        8.77655868431         2.86874914408         4.11292269103         -0.467661861326       
0.908567149622        8.54506431349         2.7483346066          4.00320270985         -0.479982040236       
0.918225847413        8.32006027983         2.6330537956          3.89652513327         -0.490989291155       
0.927884545204        8.1009164931          2.52255664554         3.79260997091         -0.50069169303        
0.937543242995        7.88768740469         2.41607373439         3.69148937363         -0.509439537315       
0.947201940786        7.67982164621         2.31388967985         3.5928849519          -0.51707149851        
0.956860638577        7.47654823999         2.21567033749         3.49648035643         -0.523534880588       
0.966519336368        7.27728906992         2.12100916114         3.40200514342         -0.528964816654       
0.976178034159        7.08025152847         2.02943339005         3.30863294858         -0.533162404729       
0.98583673195         6.87323947084         1.93739644195         3.21067721134         -0.535241145602       
0.995495429741        6.66414851947         1.8471453621          3.11183236893         -0.535807145003       
1.00515412753         6.46354321604         1.7615704537          3.01704380338         -0.535723772886       
1.01481282532         6.27093136717         1.68040515369         2.92607290266         -0.535037717693       
1.02447152311         6.08564524964         1.60318988534         2.83863006523         -0.53382187647        
1.0341302209          5.90706597537         1.52978738734         2.75439454295         -0.53203862985        
1.0437889187          5.73533813108         1.45998480495         2.6734573494          -0.529822932659       
1.05344761649         5.56931747833         1.39341199772         2.59527196919         -0.527120533166       
1.06310631428         5.40933650642         1.33001081863         2.51999428213         -0.524048027935       
1.07276501207         5.25494006518         1.26954911066         2.44741914077         -0.520610898964       
1.08242370986         5.1060214097          1.21190089365         2.37748675477         -0.516875980392       
1.09208240765         4.96243856502         1.15694616226         2.31012733568         -0.512865456296       
1.10174110544         4.82339625267         1.10439978822         2.24496149691         -0.508582295829       
1.11139980323         4.68923980627         1.05425942195         2.18213679477         -0.504118208925       
1.12105850102         4.55999439334         1.0063597526          2.12172129553         -0.499486896876       
1.13071719881         4.43494921246         0.960520253062        2.06331013225         -0.494730407842       
1.14037589661         4.3141495911          0.917019409292        2.00697974923         -0.489585574287       
1.1500345944          4.19733906224         0.874842618592        1.95251095726         -0.484785265787       
1.15969329219         4.08450744564         0.834726670081        1.89997719698         -0.479717438609       
1.16935198998         3.97565890031         0.795920058238        1.84940109102         -0.474873221436       
1.17901068777         3.87000071855         0.759426523006        1.80028694544         -0.469487036929       
1.18866938556         3.76762752445         0.724060391587        1.75277226928         -0.464284763131       
1.19832808335         3.66935943083         0.690300169284        1.70722087843         -0.45915667999        
1.20798678114         3.57374156649         0.657774184437        1.66293773468         -0.453997827294       
1.21764547893         3.48143087164         0.626596971306        1.62023272283         -0.448883223711       
1.22730417672         3.39193051274         0.596683885791        1.57885387444         -0.443759605059       
1.23696287451         3.3055886494          0.567928111166        1.53898128595         -0.43876484191        
1.24662157231         3.22148247486         0.540202387137        1.50017088829         -0.433753476877       
1.2562802701          3.14023401755         0.513612785015        1.46270648278         -0.428812635988       
1.26593896789         3.06149130959         0.488020348334        1.4264213272          -0.423945461896       
1.27559766568         2.98520962403         0.463411570562        1.3912948761          -0.419142833959       
1.28525636347         2.91149679604         0.439766438338        1.35737349262         -0.414431042          
1.29491506126         2.8396220433          0.416907359354        1.32430296446         -0.409790204167       
1.30457375905         2.76988721425         0.394926055869        1.29222949688         -0.405192278539       
1.31423245684         2.70241099776         0.373752147782        1.26121464095         -0.40070686577        
1.32389115463         2.63692337584         0.35336236151         1.23111895101         -0.396295439332       
1.33354985242         2.573088895           0.333875131046        1.2017598457          -0.391841247561       
1.34320855022         2.51118383752         0.315153634021        1.17330573848         -0.387439886266       
1.35286724801         2.45103449979         0.297074351647        1.14567578219         -0.383117309394       
1.3625259458          2.39281406027         0.279652344092        1.11893901688         -0.378914385975       
1.37218464359         2.33617620573         0.262846252384        1.09293098437         -0.374777541124       
1.38184334138         2.28115256852         0.246636224787        1.06766638631         -0.370721716415       
1.39150203917         2.22770390227         0.231023294434        1.04312090889         -0.366739928242       
1.40116073696         2.17578370578         0.215965497228        1.01927259232         -0.362841009601       
1.41081943475         2.1251797762          0.201408198742        0.996010438866        -0.359029956858       
1.42047813254         2.07595913442         0.18757418936         0.973378867913        -0.355139261432       
1.43013683033         2.02823759748         0.173955889614        0.951454933955        -0.351535170392       
1.43979552812         1.9817372399          0.161025224269        0.930061294688        -0.347863674281       
1.44945422592         1.93649958196         0.148564082944        0.909243428338        -0.344247572336       
1.45911292371         1.89252601022         0.136432761651        0.888987138732        -0.340759295798       
1.4687716215          1.84969950833         0.124755186006        0.869243403215        -0.337313772207       
1.47843031929         1.80796314215         0.113471785401        0.849988931929        -0.333933024389       
1.48808901708         1.76727824662         0.10259958634         0.831204186811        -0.330595901753       
1.49774771487         1.72759441195         0.0920985311845       0.812861145162        -0.327325856995       
1.50740641266         1.6888900683          0.0820180682432       0.794948933614        -0.324077368891       
1.51706511045         1.65122083727         0.0722789566546       0.777513871465        -0.32089158018        
1.52672380824         1.61453262088         0.0629337386445       0.760513780982        -0.317736691029       
1.53638250603         1.57867699094         0.0539425445987       0.743877660857        -0.314609722083       
1.54604120383         1.54377598323         0.0453047645051       0.727669877793        -0.311524602688       
1.55569990162         1.50971340899         0.0370095217987       0.711834845768        -0.308463315627       
1.56535859941         1.4764659549          0.0290442691326       0.696362924642        -0.305424368887       
1.5750172972          1.44396493405         0.0214019386883       0.681220639799        -0.302397241448       
1.58467599499         1.41233708428         0.0140734524597       0.666473276162        -0.299406872603       
1.59433469278         1.38142990889         0.0070543370074       0.652044769182        -0.296427950866       
1.60399339057         1.35141935033         0.000331370958392     0.638020891087        -0.293500764022       
1.61365208836         1.32203246978         -0.00609720143098     0.624274918026        -0.290565646307       
1.62331078615         1.29342579647         -0.0122470690431      0.610879872551        -0.28766318442        
1.63296948394         1.26549363684         -0.0181205066464      0.597788186404        -0.28477062915        
1.64262818173         1.23826939698         -0.0237336186835      0.585015721314        -0.281903449955       
1.65228687953         1.21182245379         -0.0290790249156      0.572598257031        -0.27906535724        
1.66194557732         1.18607009611         -0.0341874955924      0.560496238337        -0.276261244154       
1.67160427511         1.16106856351         -0.0390495071471      0.548736894028        -0.273491735954       
1.6812629729          1.13683494986         -0.043692972449       0.537328487093        -0.270781058005       
1.69092167069         1.11462925117         -0.0484016490346      0.526861921153        -0.268592589572       
1.70058036848         1.10130627022         -0.052821616329       0.520603109845        -0.268093233086       
1.71023906627         1.08726451522         -0.0573128015857      0.513987737966        -0.267526827656       
1.71989776406         1.07282982404         -0.0616140916374      0.507181031958        -0.266772457297       
1.72955646185         1.05812038534         -0.0657423785743      0.500235071594        -0.265869039334       
1.73921515964         1.04322712463         -0.0696897287447      0.493198897497        -0.264826077362       
1.74887385744         1.02819471843         -0.0734666311644      0.486091855892        -0.263661573788       
1.75853255523         1.01304521474         -0.0770626976654      0.478924406486        -0.262374026652       
1.76819125302         0.997872864087        -0.0804939810386      0.471749435757        -0.260982977719       
1.77784995081         0.982617617945        -0.0837454337657      0.464528377563        -0.259478994302       
1.7875086486          0.967332299731        -0.086832044076       0.457292077482        -0.257876761033       
1.79716734639         0.952042988074        -0.0897485285763      0.450052617377        -0.256177399194       
1.80682604418         0.936768030808        -0.0924952890522      0.442821531011        -0.254383636041       
1.81648474197         0.921512980404        -0.0950833948559      0.435599114465        -0.252504904237       
1.82614343976         0.906317040939        -0.0975076913711      0.428407899892        -0.250542169304       
1.83580213755         0.89113759623         -0.0997721386928      0.421223736042        -0.248496264136       
1.84546083534         0.876041258485        -0.101884977714       0.414081872414        -0.246378066049       
1.85511953314         0.861022301235        -0.103847066296       0.406980276012        -0.244188728333       
1.86477823093         0.846087080756        -0.105663233494       0.399921076982        -0.241932853122       
1.87443692872         0.831244404305        -0.107330091664       0.392909793732        -0.239611519114       
1.88409562651         0.816525151898        -0.108840953964       0.385962817195        -0.237224494061       
1.8937543243          0.801930048039        -0.110249266801       0.379075756292        -0.234798900888       
1.90341302209         0.78745066692         -0.111558503582       0.372245775577        -0.232337500641       
1.91307171988         0.77311655857         -0.112752293713       0.365490574177        -0.229835949533       
1.92273041767         0.758898020548        -0.113847195833       0.358794347518        -0.227303989253       
1.93238911546         0.744762234429        -0.114809733613       0.352134749208        -0.224719151319       
1.94204781325         0.730826775057        -0.115694784342       0.345584557583        -0.222124752582       
1.95170651105         0.716988291536        -0.116470909548       0.339078389825        -0.219495512298       
1.96136520884         0.703304103309        -0.11715602046        0.33265055934         -0.216846477946       
1.97102390663         0.689750118071        -0.117636949856       0.326295947388        -0.214096977259       
1.98068260442         0.676250867803        -0.118124950757       0.319945416194        -0.211400524336       
1.99034130221         0.66299254371         -0.118477750843       0.313731183546        -0.208656336753       
2                     0.649904276289        -0.118758265334       0.307603979897        -0.205906704068       
2.01                  0.636527536419        -0.118967828013       0.301346363539        -0.20305315896        
2.20428729233         0.411119183148        -0.11166493899        0.196238968561        -0.149426980763       
2.39857458465         0.246576273196        -0.0916672856861      0.118572584115        -0.103663704536       
2.59286187698         0.135479578935        -0.0650789627597      0.0652132569898       -0.0658897594276      
2.78714916931         0.069097768433        -0.0406096556763      0.0333590530918       -0.0381096169717      
2.98143646163         0.0324333452977       -0.0231970028244      0.0157140567113       -0.020495144017       
3.17572375396         0.0137066088734       -0.0119143771211      0.0066147237247       -0.0100590162695      
3.37001104629         0.00523990422967      -0.00549507090255     0.00251457224487      -0.00447997499169     
3.56429833861         0.00176409301749      -0.00228549362816     0.00083128160419      -0.00181202870645     
3.75858563094         0.000515335265498     -0.000849284774195    0.000234159014463     -0.000658534275018    
3.95287292327         0.000123629705429     -0.000279246979938    5.1349296268e-05      -0.000212685406447    
4.14716021559         2.14801965004e-05     -7.96519733871e-05    6.51393021038e-06     -5.98191898445e-05    
4.34144750792         1.31785558447e-06     -1.88940545462e-05    -8.24102232656e-07    -1.404136368e-05      
4.53573480025         -6.76719413639e-07    -3.35568643733e-06    -7.58958269728e-07    -2.47660046965e-06    
4.73002209257         -2.24305296346e-07    -2.95673382902e-07    -1.8711481949e-07     -2.17673113189e-07    
4.9243093849          -2.33302275504e-10    5.88330926807e-10     -2.36379386621e-10    4.93407171242e-10     
4.9343093849          1.10063678165e-10     9.83286335104e-10     3.75580481289e-11     8.10196354282e-10     
4.93453160712         1.1023069935e-10      9.9977579309e-10      3.7655267308e-11      8.23735901221e-10     
4.93475382934         1.10388081461e-10     1.01649755189e-09     3.77489757036e-11     8.37470067251e-10     
4.93497605157         1.10536078215e-10     1.03344066992e-09     3.78392533893e-11     8.51389862065e-10     
4.93519827379         1.10674930971e-10     1.05059498365e-09     3.79261771155e-11     8.65486933346e-10     
4.93542049601         1.10804869736e-10     1.06795102878e-09     3.80098205098e-11     8.797535031e-10       
4.93564271823         1.10926114044e-10     1.08549995054e-09     3.80902542825e-11     8.94182292873e-10     
4.93586494046         1.11038873817e-10     1.10323343416e-09     3.81675464356e-11     9.08766466725e-10     
4.93608716268         1.11143349911e-10     1.12114362198e-09     3.82417622989e-11     9.23499564287e-10     
4.9363093849          1.11239734427e-10     1.13922306479e-09     3.83129645342e-11     9.38375460919e-10     
4.9463093849          1.09312093224e-10     2.05610823277e-09     3.91104382293e-11     1.69632670452e-09     
5.12767915135         -2.43357960531e-11    7.41359692607e-09     -7.69847361487e-12    6.41517020983e-09     
5.30904891779         -5.97648428314e-12    3.04382298975e-09     -2.20273780239e-12    2.7369723258e-09      
5.49041868424         2.8061379564e-13      8.11492722601e-10     7.02922595183e-14     7.55955558705e-10     
5.67178845069         2.39434049091e-13     1.63437110723e-10     8.36224543533e-14     1.57494294007e-10     
5.85315821713         2.18466679402e-14     2.46300615919e-11     8.13220101997e-15     2.45306902175e-11     
6.03452798358         -3.63998984418e-15    2.33541463698e-12     -1.25743337879e-15    2.40285096987e-12     
6.21589775003         -1.74783058382e-16    2.94120455735e-14     -6.26660091809e-17    3.12537221396e-14     
6.39726751648         5.92983771007e-14     7.29520152264e-16     6.50747203489e-14     2.64883424273e-16     
6.57863728292         3.59213643117e-14     7.42375165466e-16     4.07190674808e-14     2.70989103033e-16     
6.76000704937         1.1783433663e-14      3.66034639806e-16     1.38017580071e-14     1.28964726698e-16     
6.94137681582         2.94019512802e-15     1.27976068455e-16     3.55845115423e-15     4.28556802709e-17     
7.12274658226         6.0319566481e-16      3.50432683031e-17     7.54280317579e-16     1.12332258532e-17     
7.30411634871         1.09455944664e-16     8.18969072506e-18     1.41417844049e-16     2.54261018176e-18     
7.48548611516         2.15636214402e-17     2.02186719345e-18     2.87872731862e-17     6.13550897967e-19     
7.6668558816          5.74051811339e-18     6.6009683252e-19      7.9195225877e-18      1.97270382068e-19     
7.84822564805         6.87102744346e-18     9.52198887059e-19     9.79760157176e-18     2.81997599044e-19     
8.0295954145          8.03928699206e-18     1.32354591688e-18     1.18510177515e-17     3.89940668455e-19     
8.21096518095         9.23291516054e-18     1.78431225845e-18     1.40752364126e-17     5.24485209129e-19     
8.39233494739         1.04404551966e-17     2.34457723372e-18     1.64644534307e-17     6.88966322151e-19     
8.57370471384         1.16513124856e-17     3.01426985511e-18     1.90147513467e-17     8.87171623175e-19     
8.75507448029         1.28556939037e-17     3.8031262282e-18      2.17210361091e-17     1.12147302262e-18     
8.93644424673         1.4044549374e-17      4.72065738668e-18     2.45789733821e-17     1.39616866324e-18     
9.11781401318         1.52095160191e-17     5.77612565793e-18     2.75850693116e-17     1.71458158364e-18     
9.29918377963         1.6342865265e-17      6.97852797304e-18     3.07356699166e-17     2.07878283892e-18     
9.48055354607         1.74374531312e-17     8.3365848038e-18      3.40262350508e-17     2.49270090085e-18     
9.66192331252         1.84866738159e-17     9.8587336361e-18      3.74539113885e-17     2.95958344879e-18     
9.84329307897         1.94844165828e-17     1.15531260796e-17     4.10157987301e-17     3.48242421648e-18     
10.0246628454         2.04250258789e-17     1.34276278721e-17     4.47095384022e-17     4.06363017962e-18     
10.2060326119         2.1303264558e-17      1.54898211683e-17     4.85311199485e-17     4.70553142649e-18     
10.3874023783         2.21142800524e-17     1.77470086141e-17     5.24781837098e-17     5.41162427597e-18     
10.5687721448         2.28535733118e-17     2.02062187954e-17     5.65484778197e-17     6.18453396924e-18     
10.7501419112         2.35169703251e-17     2.28742127271e-17     6.07398291552e-17     7.02679548367e-18     
10.9315116777         2.41005960326e-17     2.57574911094e-17     6.50502267194e-17     7.94085483373e-18     
11.1128814441         2.4600850447e-17      2.88623021304e-17     6.94780055775e-17     8.92907075388e-18     
11.2942512105         2.50143868014e-17     3.21946496338e-17     7.40210952611e-17     9.99245104311e-18     
11.475620977          2.53380915598e-17     3.57603015084e-17     7.86768418286e-17     1.11342221589e-17     
11.6569907434         2.55690661292e-17     3.95647981813e-17     8.34440005249e-17     1.23565790065e-17     
11.8383605099         2.57046101268e-17     4.36134611246e-17     8.83210993653e-17     1.36615519574e-17     
12.0197302763         2.57422060679e-17     4.79114012994e-17     9.33067256428e-17     1.50510958335e-17     
12.2011000428         2.56795053478e-17     5.24635274819e-17     9.83995464741e-17     1.65270924509e-17     
12.3824698092         2.55143154034e-17     5.72745544262e-17     1.03598314138e-16     1.8091353175e-17      
12.5638395757         2.52445879509e-17     6.23490108301e-17     1.08901873777e-16     1.97456214656e-17     
12.7452093421         2.48684082022e-17     6.76912470792e-17     1.14309197717e-16     2.14915753952e-17     
12.9265791086         2.43839849737e-17     7.33054427516e-17     1.19819684741e-16     2.33304892526e-17     
13.107948875          2.37896416089e-17     7.91956138703e-17     1.25431190237e-16     2.5263328842e-17      
13.2893186415         2.30838076418e-17     8.53656198975e-17     1.3114286675e-16      2.72924299471e-17     
13.4706884079         2.22650111355e-17     9.18191704652e-17     1.36953967542e-16     2.94192333235e-17     
13.6520581744         2.13318716385e-17     9.85598318429e-17     1.42863692292e-16     3.16451262146e-17     
13.8334279408         2.02830937018e-17     1.05591033144e-16     1.4887126471e-16      3.39714445045e-17     
14.0147977072         1.91174609105e-17     1.12916072273e-16     1.54975944193e-16     3.63994747987e-17     
14.1961674737         1.78338303843e-17     1.20538121622e-16     1.61177028013e-16     3.89304564295e-17     
14.3775372401         1.6431127706e-17      1.28460233517e-16     1.67473851021e-16     4.15655833876e-17     
14.5589070066         1.49083422432e-17     1.36685345431e-16     1.7386578467e-16      4.43060061802e-17     
14.740276773          1.32645228273e-17     1.45216284954e-16     1.80352236019e-16     4.71528336153e-17     
14.9216465395         1.14987737626e-17     1.54055774553e-16     1.86932647231e-16     5.01071345152e-17     
15.1030163059         9.61025113488e-18     1.63206436103e-16     1.9360649636e-16      5.31699393597e-17     
15.2843860724         7.59815939699e-18     1.72670795217e-16     2.00373301639e-16     5.63422418609e-17     
15.4657558388         5.46174820724e-18     1.82451285381e-16     2.0723263866e-16      5.96250004725e-17     
15.6471256053         3.20030950026e-18     1.92550251885e-16     2.14184277814e-16     6.30191398339e-17     
15.8284953717         8.13174771466e-19     2.02969955587e-16     2.21227577499e-16     6.65245754492e-17     
16.0098651382         -1.70028744213e-18    2.13712576494e-16     2.28361426776e-16     7.01430287524e-17     
16.1912349046         -4.34067390048e-18    2.24780217172e-16     2.3558575523e-16      7.38753984964e-17     
16.3726046711         -7.10854883286e-18    2.36174906011e-16     2.42900243991e-16     7.77224875458e-17     
16.5539744375         -1.0004445957e-17     2.47898600326e-16     2.50304560912e-16     8.16850713024e-17     
16.735344204          -1.30288703569e-17    2.59953189315e-16     2.57798380215e-16     8.57638988104e-17     
16.9167139704         -1.61823002307e-17    2.72340496889e-16     2.65381387502e-16     8.99596938135e-17     
17.0980837368         -1.94651885184e-17    2.85062284358e-16     2.73053281227e-16     9.42731557647e-17     
17.2794535033         -2.28779644177e-17    2.98120253002e-16     2.80813772987e-16     9.87049607925e-17     
17.4608232697         -2.64210347986e-17    3.1151604652e-16      2.88662587328e-16     1.03255762624e-16     
17.6421930362         -3.00947855218e-17    3.25251253363e-16     2.96599461358e-16     1.07926193469e-16     
17.8235628026         -3.38995826703e-17    3.39327408967e-16     3.04624144269e-16     1.12716864859e-16     
18.0049325691         -3.7835773699e-17     3.53745997876e-16     3.12736396834e-16     1.17628368463e-16     
18.1863023355         -4.19036885091e-17    3.68508455776e-16     3.20935990906e-16     1.22661276848e-16     
18.367672102          -4.61036404534e-17    3.83616171427e-16     3.29222708932e-16     1.27816144227e-16     
18.5490418684         -5.04359272752e-17    3.99070488517e-16     3.37596343504e-16     1.33093507158e-16     
18.7304116349         -5.49008319889e-17    4.14872707428e-16     3.46056696946e-16     1.3849388522e-16      
18.9117814013         -5.94986237034e-17    4.3102408692e-16      3.54603580954e-16     1.44017781662e-16     
19.0931511678         -6.42295583941e-17    4.47525845745e-16     3.63236816316e-16     1.49665684016e-16     
19.2745209342         -6.90938796268e-17    4.64379164185e-16     3.71956232728e-16     1.55438064692e-16     
19.4558907007         -7.40918192362e-17    4.81585185527e-16     3.80761668781e-16     1.61335381543e-16     
19.6372604671         -7.92235979632e-17    4.99145017464e-16     3.89652972242e-16     1.67358078402e-16     
19.8186302336         -8.44894260524e-17    5.17059733447e-16     3.98630000933e-16     1.73506585609e-16     
20                    0                     0                     0                     0                     
