0.0779191396          0                     0                     0                     0                     
0.0876010615596       0.590142420307        0.024737461937        0.131897885855        0.0115544033478       
0.0972829835193       2.82833632235         -0.2986862567         0.654077837568        -0.0911160418396      
0.106964905479        5.58454726707         -1.39948145954        1.2787724164          -0.473864950842       
0.116646827439        7.82773340614         -2.84467441478        1.72996247013         -0.991706169963       
0.126328749398        9.36201358896         -4.2136719637         1.97956724284         -1.49060096908        
0.136010671358        10.2846940259         -5.34241456687        2.07580886641         -1.90704397678        
0.145692593317        10.7408579099         -6.20100478232        2.06914129914         -2.22710289366        
0.155374515277        10.8618190819         -6.81309724255        1.99877638823         -2.45757344138        
0.165056437237        10.7499490416         -7.21802399916        1.89180132734         -2.61192878354        
0.174738359196        10.480988631          -7.45649142387        1.7659877579          -2.70470930033        
0.184420281156        10.112807691          -7.56555265515        1.63344601095         -2.74912568081        
0.194102203116        9.6852241798          -7.57589473376        1.50142928786         -2.75645534354        
0.203784125075        9.22533808643         -7.51304395438        1.37402350197         -2.73609532026        
0.213466047035        8.75188711099         -7.3962395207         1.25343603125         -2.69520137897        
0.223147968995        8.27831045361         -7.24030876549        1.14090213786         -2.63938201402        
0.232829890954        7.81341197885         -7.05706669893        1.03679074545         -2.5731160096         
0.242511812914        7.36272760928         -6.8552729988         0.940985348394        -2.49966551702        
0.252193734873        6.930173343           -6.64167373655        0.853308374176        -2.42158910062        
0.261875656833        6.51772799088         -6.42128974169        0.77329231355         -2.34081822776        
0.271557578793        6.12675095994         -6.19831341696        0.700489803909        -2.25894628002        
0.281239500752        5.75745348108         -5.97564028479        0.634314335396        -2.17708017518        
0.290921422712        5.40970358776         -5.75597887337        0.574239333659        -2.09624449606        
0.300603344672        5.08225877219         -5.54028030091        0.5195746726          -2.01683660925        
0.310285266631        4.7749670354          -5.33050374459        0.469899947974        -1.93957908142        
0.319967188591        4.48559053065         -5.12656522285        0.42445035123         -1.86449998954        
0.329649110551        4.21401580445         -4.928594029          0.382996199074        -1.79166354635        
0.33933103251         3.95963141955         -4.73752939675        0.345243243449        -1.72136881021        
0.34901295447         3.72099690573         -4.55342734448        0.310740413818        -1.65363648742        
0.35869487643         3.4975115627          -4.37609752947        0.279286670601        -1.58840799578        
0.368376798389        3.2878560647          -4.20560831221        0.250508453732        -1.52572761928        
0.378058720349        3.09124334828         -4.04149266598        0.224206371636        -1.46544274027        
0.387740642308        2.90731176467         -3.88454972456        0.200255535913        -1.4078136987         
0.397422564268        2.73473891244         -3.73377200947        0.178307498979        -1.35247938165        
0.407104486228        2.5726784927          -3.58927403126        0.158189455737        -1.29947807873        
0.416786408187        2.42072442481         -3.45084236786        0.139792542665        -1.24873640886        
0.426468330147        2.27819557195         -3.31801284222        0.122982004203        -1.20008003935        
0.436150252107        2.14423395591         -3.19121978256        0.107530279033        -1.1536612668         
0.445832174066        2.01845763005         -3.069704718          0.0933763457478       -1.10920352951        
0.455514096026        1.90010781016         -2.95342294244        0.0803588662737       -1.06668707264        
0.465196017986        1.78837112403         -2.84180660853        0.0682888208032       -1.02593779118        
0.474877939945        1.68343861643         -2.73484999773        0.0572378099256       -0.986906194946       
0.484559861905        1.58478909991         -2.63239223329        0.0471166128479       -0.949544738644       
0.494241783864        1.49183672357         -2.53410008336        0.0377875331578       -0.913723984153       
0.503923705824        1.40423476589         -2.43995150608        0.0292009653776       -0.879426392723       
0.513605627784        1.32168852819         -2.34961189838        0.0213193072984       -0.846544387274       
0.523287549743        1.2437384381          -2.26281646238        0.014057607772        -0.814982028655       
0.532969471703        1.17037685008         -2.17984619915        0.00737703559966      -0.784833345229       
0.542651393663        1.10103158806         -2.100018251          0.00121833775833      -0.755846378053       
0.552333315622        1.03561282399         -2.02343896004        -0.00443430800266     -0.728054163376       
0.562015237582        0.97379597526         -1.94983528382        -0.00964591984735     -0.701362094351       
0.571697159542        0.915367959296        -1.87911948147        -0.0144417443164      -0.675732291368       
0.581379081501        0.859913627112        -1.81102935139        -0.0189112796051      -0.651089623617       
0.591061003461        0.807630276815        -1.74552932332        -0.0229949910475      -0.62739109061        
0.60074292542         0.758325129408        -1.68237741868        -0.0266885469539      -0.604558051215       
0.61042484738         0.711664303195        -1.6217290259         -0.0300720391042      -0.582645356361       
0.62010676934         0.667674024108        -1.56360150794        -0.0331683117534      -0.561648642068       
0.629788691299        0.625968816897        -1.50749687674        -0.0359963146096      -0.541391248744       
0.639470613259        0.586553815128        -1.45346691472        -0.0385540275974      -0.521899942273       
0.649152535219        0.549300029458        -1.40149876572        -0.0408707139216      -0.503165943223       
0.658834457178        0.514009164082        -1.35145030025        -0.0429884290013      -0.485134440692       
0.668516379138        0.480564843722        -1.30328251462        -0.0449166375375      -0.467787017899       
0.678198301098        0.448719826104        -1.2567708159         -0.0467086878871      -0.451054918963       
0.687880223057        0.41861158522         -1.21188982017        -0.0483199451173      -0.43491388941        
0.697562145017        0.39016154273         -1.16860291982        -0.0497476198778      -0.419353829613       
0.707244066977        0.363202278432        -1.12676021518        -0.0510271561207      -0.404324757784       
0.716925988936        0.337705238499        -1.08646561832        -0.0521615773058      -0.389857791842       
0.726607910896        0.313545951319        -1.04755249532        -0.0531688227766      -0.375888902151       
0.736289832855        0.290661823949        -1.00996109974        -0.0540495169675      -0.362400119848       
0.745971754815        0.268993893115        -0.97361579917        -0.0548045459969      -0.349366379002       
0.755653676775        0.248459413467        -0.938668170595       -0.0554778658525      -0.336841888686       
0.765335598734        0.229000384758        -0.904718172515       -0.0560420584978      -0.324680829782       
0.775017520694        0.210609633323        -0.871950137138       -0.0565065418436      -0.312946338484       
0.784699442654        0.193222195266        -0.840272523493       -0.0568741789485      -0.30160576865        
0.794381364613        0.176825203239        -0.809801689491       -0.0571560824647      -0.290701690877       
0.804063286573        0.161244961428        -0.780061236411       -0.0573526990564      -0.280063779292       
0.813745208533        0.14653849312         -0.751457448092       -0.0574839747901      -0.26983273856        
0.823427130492        0.132564532009        -0.723733765998       -0.0575635202247      -0.259921491378       
0.833109052452        0.119404371327        -0.6969605768         -0.0575662797864      -0.25035453481        
0.842790974411        0.106958201108        -0.670948932061       -0.0575047526398      -0.241061057914       
0.852472896371        0.0952280103453       -0.645866800507       -0.0573925652802      -0.232101977744       
0.862154818331        0.0841597219179       -0.62154766019        -0.0572201259509      -0.223417387593       
0.87183674029         0.0737353214231       -0.597987952187       -0.0569892426611      -0.215006286776       
0.88151866225         0.0638814719408       -0.575181914659       -0.0567202571415      -0.206865479778       
0.89120058421         0.0546409847677       -0.553546154851       -0.0564606191974      -0.199143629326       
0.900882506169        0.0458766175175       -0.53162375561        -0.0560414965585      -0.191319253042       
0.910564428129        0.0376936972027       -0.510855272698       -0.0556315395105      -0.183908888824       
0.920246350089        0.0300105245429       -0.490716298805       -0.0551791166823      -0.176723229732       
0.929928272048        0.0228006211944       -0.471203697253       -0.0546894529841      -0.169762438517       
0.939610194008        0.0160249077282       -0.452229294389       -0.0541678330223      -0.162993941509       
0.949292115967        0.00971335097955      -0.433868191962       -0.0536065159984      -0.156442679375       
0.958974037927        0.00381814306892      -0.415986179746       -0.0530028090221      -0.150062716178       
0.968655959887        -0.00168091858447     -0.398584075902       -0.0523615545328      -0.14385400114        
0.978337881846        -0.00678228180726     -0.381499305657       -0.0516605132743      -0.137757110867       
0.988019803806        -0.0114691889044      -0.363986530713       -0.0507953709065      -0.131502442138       
0.997701725766        -0.0157748069309      -0.346919475455       -0.0498878006041      -0.125404581049       
1.00738364773         -0.0197130031716      -0.330578005665       -0.0489777137175      -0.11956611433        
1.01706556968         -0.0232960367537      -0.314946649893       -0.0480633259079      -0.113980368129       
1.02674749164         -0.0265818437351      -0.29990698705        -0.0471507165263      -0.108605924547       
1.0364294136          -0.0295513554667      -0.285484847601       -0.0462313213935      -0.103450619585       
1.04611133556         -0.0322357841554      -0.271638530412       -0.0453093653046      -0.0984999254014      
1.05579325752         -0.0346464802945      -0.258343477183       -0.0443843394097      -0.093745632123       
1.06547517948         -0.0368008542793      -0.245569336457       -0.0434563863656      -0.0891761481913      
1.07515710144         -0.0387143917322      -0.233287407347       -0.0425257044461      -0.0847809037064      
1.0848390234          -0.0403983785114      -0.221497842448       -0.0415940886706      -0.0805609559962      
1.09452094536         -0.0418615678479      -0.210169106518       -0.0406606696299      -0.0765044066764      
1.10420286732         -0.0431237772263      -0.199283577285       -0.039727115978       -0.0726048043592      
1.11388478928         -0.0441931181344      -0.188827129994       -0.0387938516661      -0.0688573248024      
1.12356671124         -0.0450809893686      -0.178781520234       -0.037861238113       -0.0652553415272      
1.1332486332          -0.0457960681656      -0.169135879579       -0.0369298427471      -0.0617951067838      
1.14293055516         -0.0463475044385      -0.159868765436       -0.0359988807084      -0.0584687695723      
1.15261247712         -0.0467472927846      -0.15097512579        -0.0350710271335      -0.0552747111871      
1.16229439908         -0.0470028557284      -0.142440052957       -0.0341455608728      -0.0522076515203      
1.17197632104         -0.0471161931506      -0.134238977807       -0.0332203829461      -0.0492586244168      
1.181658243           -0.0471027544385      -0.12637420359        -0.0322989095137      -0.0464284643332      
1.19134016496         -0.0469663270929      -0.118828179555       -0.0313799278037      -0.043711010732       
1.20102208692         -0.046713093456       -0.111590156073       -0.0304634224061      -0.0411024147515      
1.21070400888         -0.0463499771747      -0.104652954739       -0.0295498841601      -0.0386001298144      
1.22038593084         -0.0458843861505      -0.0980028379636      -0.0286400091467      -0.0361992939604      
1.2300678528          -0.0453185480923      -0.0916300858161      -0.0277321479723      -0.0338963764661      
1.23974977476         -0.0446613470052      -0.0855343012798      -0.0268285633934      -0.0316913403824      
1.24943169672         -0.0439149077952      -0.0796942601565      -0.0259269390546      -0.0295765206434      
1.25911361868         -0.0430847787452      -0.0741111553523      -0.0250285123036      -0.0275524506197      
1.26879554064         -0.0421751934534      -0.0687747384057      -0.0241327608542      -0.0256154072515      
1.2784774626          -0.0411913432438      -0.063678915485       -0.0232402021304      -0.0237633060747      
1.28815938455         -0.040137329582       -0.0588179454631      -0.02235081653        -0.0219941334989      
1.29784130651         -0.0390168244356      -0.054185865793       -0.0214645447924      -0.0203057999471      
1.30752322847         -0.037834180239       -0.049778650665       -0.0205816143548      -0.018696835034       
1.31720515043         -0.0365923888166      -0.0455879005687      -0.0197014471278      -0.0171643006132      
1.32688707239         -0.0352945663999      -0.0416108562728      -0.0188240055903      -0.0157072787715      
1.33656899435         -0.033946970823       -0.0378453876159      -0.0179506513592      -0.0143250649789      
1.34625091631         -0.0325517720124      -0.0342858113548      -0.0170806455869      -0.0130156488321      
1.35593283827         -0.031114754239       -0.0309327773642      -0.0162151918718      -0.0117794075886      
1.36561476023         -0.0296379059038      -0.0277803156202      -0.0153535738521      -0.0106142335343      
1.37529668219         -0.028129738016       -0.0248284888985      -0.0144982349182      -0.00952027065094     
1.38497860415         -0.0265940810652      -0.0220755928861      -0.0136492764642      -0.00849704657244     
1.39466052611         -0.0250382499795      -0.0195202988154      -0.0128084835203      -0.00754426043234     
1.40434244807         -0.0234688628919      -0.017160826756       -0.0119772258165      -0.00666142223868     
1.41402437003         -0.0218951548768      -0.0149960740984      -0.0111580173925      -0.00584835812864     
1.42370629199         -0.020335894994       -0.013029558316       -0.0103582063688      -0.00510678255528     
1.43338821395         -0.0187746047528      -0.011240580722       -0.00956706797085     -0.00442895222976     
1.44307013591         -0.0172482774684      -0.009641033783       -0.00880111170651     -0.00381998286346     
1.45275205787         -0.0157611460019      -0.0082194259939      -0.00806020138173     -0.00327588669517     
1.46243397983         -0.0143237711595      -0.00696676253608     -0.00734753406119     -0.00279371249108     
1.47211590179         -0.012946519081       -0.00587249466654     -0.00666644338677     -0.00236993605785     
1.48179782375         -0.0116375561843      -0.00492401934314     -0.00601946117894     -0.0020002460698      
1.49147974571         -0.0104051699339      -0.00410866078684     -0.00540953694193     -0.00168028660962     
1.50116166767         -0.00925229939952     -0.00341171279725     -0.00483725271313     -0.00140485229747     
1.51084358963         -0.00818264356458     -0.00281982311123     -0.00430395680009     -0.0011692229013      
1.52052551159         -0.00719590307654     -0.002319384682       -0.00380924409445     -0.000968494539744    
1.53020743355         -0.0062912820457      -0.00189819188717     -0.00335271321157     -0.000798246420858    
1.53988935551         -0.00546616408246     -0.00154500559905     -0.00293320981702     -0.000654358213122    
1.54957127747         -0.00471700259139     -0.00124983219287     -0.00254922320249     -0.000533135634026    
1.55925319942         -0.00404025573226     -0.00100407861959     -0.00219933999328     -0.000431382477768    
1.56893512138         -0.00343139087404     -0.000800145793921    -0.00188166372912     -0.000346241688691    
1.57861704334         -0.00288628700111     -0.000631619257345    -0.00159453660563     -0.000275286317541    
1.5882989653          -0.00240039770109     -0.000492922828358    -0.00133606442886     -0.000216386101951    
1.59798088726         -0.00196972153087     -0.000379396091562    -0.00110463188181     -0.000167749612133    
1.60766280922         -0.00158998505409     -0.000286984987793    -0.000898439637721    -0.000127801414925    
1.61734473118         -0.00125770259165     -0.000212347317671    -0.000716092412564    -9.52366968069e-05    
1.62702665314         -0.000969218986899    -0.000152571007515    -0.000556059465168    -6.89051361533e-05    
1.6367085751          -0.000721488872526    -0.000105231647194    -0.000417115581235    -4.78429992023e-05    
1.64639049706         -0.00051166166453     -6.82467192677e-05    -0.000298109083053    -3.12138318531e-05    
1.65607241902         -0.000337517427292    -3.98739010425e-05    -0.000198219162781    -1.83127331755e-05    
1.66575434098         -0.000197377543264    -1.86235675404e-05    -0.000116915707653    -8.53087853449e-06    
1.67543626294         -9.06008346263e-05    -3.23144843412e-06    -5.42673921447e-05    -1.34663536518e-06    
1.6851181849          -1.90154713096e-05    7.37838523534e-06     -1.18313463782e-05    3.68857952494e-06     
1.6951181849          2.74522255318e-06     2.48705713448e-05     3.16753666795e-05     -7.33766084878e-06    
1.69534040712         2.77103649082e-06     2.58673413141e-05     3.16357224733e-05     -6.75039599743e-06    
1.69556262934         2.79650258984e-06     2.68844830291e-05     3.15968791938e-05     -6.14976656388e-06    
1.69578485157         2.82162527804e-06     2.79213588268e-05     3.15587702003e-05     -5.53619573694e-06    
1.69600707379         2.84640875893e-06     2.89773796829e-05     3.15213368113e-05     -4.91007289694e-06    
1.69622929601         2.87085696726e-06     3.00520022003e-05     3.14845270224e-05     -4.27175620689e-06    
1.69645151823         2.89497364439e-06     3.11447179465e-05     3.14482945127e-05     -3.62157944424e-06    
1.69667374046         2.91876236964e-06     3.22550487855e-05     3.14125978243e-05     -2.95985525945e-06    
1.69689596268         2.94222657873e-06     3.33825438972e-05     3.13773996865e-05     -2.28687736471e-06    
1.6971181849          2.96536957906e-06     3.45267771745e-05     3.13426664557e-05     -1.60292243367e-06    
1.7071181849          3.71608866068e-06     9.88748618795e-05     3.0010918624e-05      3.77018948256e-05     
1.71627074162         4.00435528206e-06     0.000171862339501     2.89210116871e-05     8.33543995246e-05     
1.72542329834         4.01515691538e-06     0.000252374987564     2.78547156146e-05     0.000134600813843     
1.73457585507         3.82245782686e-06     0.000337226951353     2.67955510245e-05     0.000189473869585     
1.74372841179         3.48372480933e-06     0.000424291617861     2.57431744919e-05     0.000246640960039     
1.75288096851         3.04440828577e-06     0.0005120385037       2.47018076341e-05     0.000305122930597     
1.76203352523         2.54071406673e-06     0.000599314320659     2.36767253653e-05     0.000364162537038     
1.77118608195         2.00151689978e-06     0.000685228269255     2.26730083488e-05     0.000423157173861     
1.78033863867         1.44973546773e-06     0.000769080061229     2.16950784497e-05     0.000481616362843     
1.7894911954          9.03413949279e-07     0.000850314747369     2.07465626775e-05     0.000539135624318     
1.79864375212         3.76572789059e-07     0.000928491409882     1.98302896952e-05     0.000595378642403     
1.80779630884         -1.20118725773e-07    0.00100325986198      1.89483386078e-05     0.000650063488126     
1.81694886556         -5.78776973946e-07    0.00107434495595      1.81021162289e-05     0.000702954100995     
1.82610142228         -9.93831747632e-07    0.00114153294788      1.72924416579e-05     0.000753852421678     
1.83525397901         -1.36164651033e-06    0.00120466216369      1.65196231221e-05     0.000802593051021     
1.84440653573         -1.68018459493e-06    0.00126361458738      1.57835354321e-05     0.000849038483319     
1.85355909245         -1.94872445929e-06    0.0013183096524       1.50836911892e-05     0.000893075775965     
1.86271164917         -2.16762410466e-06    0.00136869918051      1.44193022257e-05     0.000934613645216     
1.87186420589         -2.3381187357e-06     0.00141476241121      1.378933481e-05       0.000973579466103     
1.88101676262         -2.46213909479e-06    0.00145650267165      1.31925614975e-05     0.00100991760097      
1.89016931934         -2.54216498096e-06    0.00149394434914      1.26276033446e-05     0.0010435876527       
1.89932187606         -2.58109581818e-06    0.00152712969126      1.20929682792e-05     0.00107456258151      
1.90847443278         -2.58213758631e-06    0.00155611679063      1.15870852743e-05     0.00110282757221      
1.9176269895          -2.54870735768e-06    0.00158097766872      1.11083335306e-05     0.00112837891401      
1.92677954622         -2.48435334057e-06    0.00160179600844      1.06550671072e-05     0.00115122266715      
1.93593210295         -2.39268606929e-06    0.0016186659164       1.02256363306e-05     0.00117137396411      
1.94508465967         -2.27731786707e-06    0.00163169055058      9.81840687328e-06     0.00118885620662      
1.95423721639         -2.14181419259e-06    0.00164098055903      9.43177506272e-06     0.00120370007252      
1.96338977311         -1.98965369224e-06    0.00164665319341      9.06418045024e-06     0.00121594295736      
1.97254232983         -1.82419054735e-06    0.00164883134615      8.71411790445e-06     0.00122562845241      
1.98169488656         -1.64862823692e-06    0.00164764247917      8.38014584155e-06     0.00123280563193      
1.99084744328         -1.46599962972e-06    0.00164321787571      8.06089238196e-06     0.00123752852688      
2                     -1.27914660994e-06    0.00163569189339      7.75506187952e-06     0.00123985568807      
2.01                  -1.07326638983e-06    0.00162408491252      7.43482895361e-06     0.00123973352176      
2.19171717172         8.17649211508e-07     0.00100726340217      3.00802759804e-06     0.00086942492912      
2.37343434343         -1.70781819573e-07    0.000252368756086     4.01950796144e-07     0.000246131495069     
2.55515151515         7.46572444366e-05     4.59196029289e-07     8.33001431934e-05     -2.09457834671e-06    
2.73686868687         0.00045830598319      7.38277141717e-06     0.000566988183326     -2.63263859426e-05    
2.91858585859         0.000733939710516     2.27287202044e-05     0.00100297296237      -6.40328452904e-05    
3.1003030303          0.000792862509554     4.05984583241e-05     0.00119471260377      -9.37280419137e-05    
3.28202020202         0.000683189666045     5.28971737106e-05     0.00113486608313      -0.000103148682463    
3.46373737374         0.000499577030383     5.51692268664e-05     0.000915643784621     -9.29525530736e-05    
3.64545454545         0.000319501808249     4.83336299183e-05     0.000647380048167     -7.16177639056e-05    
3.82717171717         0.000181790088179     3.66083233274e-05     0.000408379969371     -4.83909225878e-05    
4.00888888889         9.30002258124e-05     2.44246160683e-05     0.000232525268909     -2.91293435804e-05    
4.19060606061         4.30699808812e-05     1.45419233905e-05     0.000120455730055     -1.57939257907e-05    
4.37232323232         1.81357435301e-05     7.79859964825e-06     5.70960496389e-05     -7.77388856191e-06    
4.55404040404         6.96106699261e-06     3.7933317495e-06      2.4867248819e-05      -3.49387199664e-06    
4.73575757576         2.43811103454e-06     1.68236666101e-06     9.98293733914e-06     -1.43997326295e-06    
4.91747474747         7.78920550089e-07     6.83107116027e-07     3.70304086904e-06     -5.46016143641e-07    
5.09919191919         2.26509953351e-07     2.54756237118e-07     1.2716233569e-06      -1.9098187138e-07     
5.28090909091         5.96917570126e-08     8.74886294545e-08     4.04874401839e-07     -6.17470508529e-08    
5.46262626263         1.41383171985e-08     2.77257427657e-08     1.19668560805e-07     -1.8484471309e-08     
5.64434343434         2.9634181483e-09      8.12218847501e-09     3.28683464373e-08     -5.13053110744e-09    
5.82606060606         5.32176504461e-10     2.20266979985e-09     8.396134179e-09       -1.32183649831e-09    
6.00777777778         7.53190929499e-11     5.53657501458e-10     1.99614481021e-09     -3.16423435606e-10    
6.18949494949         5.80369828604e-12     1.29121200688e-10     4.41952490944e-10     -7.04365966281e-11    
6.37121212121         -9.55905257949e-13    2.79643174436e-11     9.11699161894e-11     -1.45900341429e-11    
6.55292929293         -5.81687668233e-13    5.6286071905e-12      1.75315447136e-11     -2.81388163243e-12    
6.73464646465         -1.72938007071e-13    1.05364903047e-12     3.14389378157e-12     -5.05579695305e-13    
6.91636363636         -3.99320029148e-14    1.83313453383e-13     5.25282586876e-13     -8.45580175998e-14    
7.09808080808         -7.93500181959e-15    2.98868204194e-14     8.24300486184e-14     -1.32719139008e-14    
7.2797979798          -1.42298902498e-15    4.62013563509e-15     1.22903822631e-14     -1.97780129498e-15    
7.46151515152         -2.0062272911e-16     5.79774474146e-16     1.49038623177e-15     -2.39552509411e-16    
7.64323232323         -5.26232963671e-17    1.38404746717e-16     3.44412331694e-16     -5.52597606184e-17    
7.82494949495         -6.25785440009e-17    1.52248579489e-16     3.67341001896e-16     -5.88026642511e-17    
8.00666666667         -7.32366524987e-17    1.66862411197e-16     3.90940987506e-16     -6.2406124589e-17     
8.18838383838         -8.46020052897e-17    1.82254177865e-16     4.15209854278e-16     -6.60667529301e-17    
8.3701010101          -9.66785540364e-17    1.98431288679e-16     4.40145388247e-16     -6.97813378829e-17    
8.55181818182         -1.09469866673e-16    2.15400667934e-16     4.65745574319e-16     -7.3546835289e-17     
8.73353535354         -1.22979169452e-16    2.33168793199e-16     4.92008577231e-16     -7.73603585736e-17    
8.91525252525         -1.37209383818e-16    2.51741730065e-16     5.18932724709e-16     -8.12191695558e-17    
9.09696969697         -1.52163158825e-16    2.71125163814e-16     5.46516492733e-16     -8.5120669732e-17     
9.27868686869         -1.67842899681e-16    2.91324428291e-16     5.74758493058e-16     -8.90623920365e-17    
9.4604040404          -1.84250792932e-16    3.12344532265e-16     6.03657463904e-16     -9.30419930727e-17    
9.64212121212         -2.01388828737e-16    3.34190183509e-16     6.33212268085e-16     -9.70572458031e-17    
9.82383838384         -2.19258820587e-16    3.56865810824e-16     6.63421940276e-16     -1.01106032681e-16    
10.0055555556         -2.37862422816e-16    3.80375584189e-16     6.94285489264e-16     -1.05186822782e-16    
10.1872727273         -2.57201146149e-16    4.04723433235e-16     7.25801547455e-16     -1.09297336173e-16    
10.368989899          -2.77276371565e-16    4.2991306418e-16      7.57969479518e-16     -1.13435662165e-16    
10.5507070707         -2.98089362648e-16    4.55947975373e-16     7.90788561849e-16     -1.17600060648e-16    
10.7324242424         -3.19641276626e-16    4.82831471585e-16     8.24258114084e-16     -1.21788872579e-16    
10.9141414141         -3.41933174248e-16    5.10566677148e-16     8.58377506387e-16     -1.26000515347e-16    
11.0958585859         -3.64966028635e-16    5.39156548053e-16     8.93146158071e-16     -1.30233478424e-16    
11.2775757576         -3.88740733223e-16    5.68603883098e-16     9.28563534554e-16     -1.34486319302e-16    
11.4592929293         -4.13258108897e-16    5.9891133417e-16      9.64629144004e-16     -1.3875765969e-16     
11.641010101          -4.38518910423e-16    6.30081415746e-16     1.00134253405e-15     -1.43046181949e-16    
11.8227272727         -4.6452383223e-16     6.62116513658e-16     1.03870328867e-15     -1.4735062576e-16     
12.0044444444         -4.91273513641e-16    6.95018893218e-16     1.07671102533e-15     -1.51669784997e-16    
12.1861616162         -5.18768543588e-16    7.28790706724e-16     1.11536539233e-15     -1.56002504803e-16    
12.3678787879         -5.47009464887e-16    7.63434000429e-16     1.15466606634e-15     -1.60347678846e-16    
12.5495959596         -5.75996778107e-16    7.98950720992e-16     1.1946127502e-15      -1.64704246744e-16    
12.7313131313         -6.05730945072e-16    8.35342721475e-16     1.23520517084e-15     -1.69071191658e-16    
12.913030303          -6.36212392054e-16    8.72611766912e-16     1.27644307744e-15     -1.7344753802e-16     
13.0947474747         -6.67441512662e-16    9.10759539482e-16     1.31832623967e-15     -1.77832349413e-16    
13.2764646465         -6.99418670477e-16    9.4978764333e-16      1.36085444612e-15     -1.82224726572e-16    
13.4581818182         -7.32144201454e-16    9.89697609052e-16     1.4040275029e-15      -1.86623805506e-16    
13.6398989899         -7.65618416107e-16    1.03049089788e-15     1.44784523223e-15     -1.91028755734e-16    
13.8216161616         -7.99841601506e-16    1.07216890556e-15     1.49230747128e-15     -1.95438778627e-16    
14.0033333333         -8.34814023102e-16    1.11473296604e-15     1.53741407104e-15     -1.99853105842e-16    
14.1850505051         -8.70535926395e-16    1.15818435482e-15     1.58316489527e-15     -2.04270997856e-16    
14.3667676768         -9.07007538457e-16    1.20252429217e-15     1.62955981955e-15     -2.08691742574e-16    
14.5484848485         -9.44229069339e-16    1.24775394606e-15     1.67659873042e-15     -2.13114654028e-16    
14.7302020202         -9.82200713345e-16    1.29387443499e-15     1.72428152457e-15     -2.1753907114e-16     
14.9119191919         -1.02092265021e-15    1.34088683058e-15     1.77260810808e-15     -2.21964356564e-16    
15.0936363636         -1.0603950462e-15     1.38879216e-15        1.82157839578e-15     -2.26389895587e-16    
15.2753535354         -1.10061805506e-15    1.4375914083e-15      1.87119231054e-15     -2.3081509509e-16     
15.4570707071         -1.14159181899e-15    1.48728552051e-15     1.92144978275e-15     -2.35239382573e-16    
15.6387878788         -1.18331646943e-15    1.53787540371e-15     1.97235074977e-15     -2.39662205225e-16    
15.8205050505         -1.22579212786e-15    1.58936192892e-15     2.02389515539e-15     -2.4408302905e-16     
16.0022222222         -1.26901890654e-15    1.64174593287e-15     2.07608294942e-15     -2.48501338039e-16    
16.1839393939         -1.31299690912e-15    1.69502821968e-15     2.1289140872e-15      -2.52916633383e-16    
16.3656565657         -1.35772623128e-15    1.74920956249e-15     2.18238852928e-15     -2.57328432729e-16    
16.5473737374         -1.40320696129e-15    1.80429070489e-15     2.23650624098e-15     -2.61736269479e-16    
16.7290909091         -1.44943918052e-15    1.86027236236e-15     2.29126719209e-15     -2.66139692118e-16    
16.9108080808         -1.49642296393e-15    1.9171552236e-15      2.34667135652e-15     -2.70538263582e-16    
17.0925252525         -1.54415838052e-15    1.97493995178e-15     2.40271871204e-15     -2.74931560656e-16    
17.2742424242         -1.59264549372e-15    2.0336271857e-15      2.45940924001e-15     -2.79319173404e-16    
17.455959596          -1.6418843618e-15     2.09321754094e-15     2.51674292508e-15     -2.83700704623e-16    
17.6376767677         -1.69187503822e-15    2.1537116109e-15      2.574719755e-15       -2.88075769333e-16    
17.8193939394         -1.74261757193e-15    2.21510996778e-15     2.63333972038e-15     -2.92443994281e-16    
18.0011111111         -1.79411200773e-15    2.27741316358e-15     2.69260281448e-15     -2.96805017478e-16    
18.1828282828         -1.84635838647e-15    2.34062173092e-15     2.75250903304e-15     -3.01158487755e-16    
18.3645454545         -1.89935674543e-15    2.40473618397e-15     2.81305837409e-15     -3.05504064339e-16    
18.5462626263         -1.95310711844e-15    2.46975701917e-15     2.87425083779e-15     -3.09841416453e-16    
18.727979798          -2.00760953622e-15    2.53568471605e-15     2.93608642629e-15     -3.14170222931e-16    
18.9096969697         -2.06286402649e-15    2.60251973796e-15     2.99856514353e-15     -3.18490171851e-16    
19.0914141414         -2.11887061425e-15    2.67026253268e-15     3.06168699521e-15     -3.2280096019e-16     
19.2731313131         -2.17562932193e-15    2.73891353317e-15     3.12545198857e-15     -3.27102293492e-16    
19.4548484848         -2.23314016956e-15    2.80847315811e-15     3.18986013231e-15     -3.31393885545e-16    
19.6365656566         -2.29140317493e-15    2.87894181252e-15     3.2549114365e-15      -3.35675458085e-16    
19.8182828283         -2.35041835374e-15    2.95031988834e-15     3.32060591249e-15     -3.39946740502e-16    
20                    0                     0                     0                     0                     
