0.0779191396          0                     0                     0                     0                     
0.087577837391        2.066003615           3.03470969924         0.685419169662        1.23689202691         
0.0972365351819       10.1313865037         13.8382666171         3.5273151966          5.58942195159         
0.106895232973        21.9677985786         28.1735312081         7.96514707802         11.2869115979         
0.116553930764        34.778469767          42.067861981          13.0573742279         16.7114896419         
0.126212628555        46.8476129279         53.5939249165         18.1276493796         21.0936529332         
0.135871326346        57.361212632          62.2213457708         22.7891780953         24.2383410638         
0.145530024137        66.0551836308         68.0220631551         26.8593326699         26.1891412846         
0.155188721928        72.93988889           71.4042895011         30.2763245874         27.1277510374         
0.164847419719        78.1829964678         72.8175741767         33.0566484163         27.245589857          
0.17450611751         82.0053077299         72.6550634281         35.2521706347         26.7005681252         
0.184164815301        84.5983953782         71.2687859719         36.905477146          25.6389934353         
0.193823513091        86.1169523774         68.920804375          38.0515795795         24.1634012334         
0.203482210882        86.6613728105         65.8861390355         38.6990092139         22.3968027294         
0.213140908673        86.3334067005         62.4243763461         38.8694775268         20.469244252          
0.222799606464        85.2585277731         58.7915384516         38.6130798582         18.5187002633         
0.232458304255        83.6258825371         55.1559227314         38.0299269028         16.6317762117         
0.242117002046        81.5769947734         51.6214369421         37.1972925048         14.859238269          
0.251775699837        79.2424838815         48.2549528066         36.1892032841         13.2291118289         
0.261434397628        76.7244961608         45.0893957443         35.0654918769         11.751574902          
0.271093095419        74.1125835661         42.1346117478         33.8792558568         10.4226119899         
0.28075179321         71.466928308          39.3810620113         32.6654085838         9.22701939095         
0.290410491001        68.8238185822         36.813176214          31.4440835401         8.14819263202         
0.300069188792        66.2031015415         34.423068539          30.2251625638         7.17629023772         
0.309727886583        63.6202063966         32.2109740434         29.0166680207         6.30847260535         
0.319386584374        61.094851126          30.1826276206         27.831337413          5.54621420542         
0.329045282165        58.6610632701         28.3176497109         26.689419827          4.87383698786         
0.338703979956        56.3265324692         26.5944391003         25.5961030315         4.27799399587         
0.348362677747        54.0947742297         25.0008907532         24.554772873          3.74886778504         
0.358021375538        51.9652275567         23.5166751197         23.5651786254         3.2721568788          
0.367680073329        49.9358099164         22.1321655922         22.6257899915         2.84099760736         
0.37733877112         47.999847271          20.8329454584         21.7323952955         2.4460536935          
0.386997468911        46.1497050269         19.6122694032         20.8798972115         2.0830020499          
0.396656166702        44.37855137           18.4645385738         20.0641140451         1.74883750057         
0.406314864492        42.6812317605         17.3862391974         19.2817941347         1.44178790187         
0.415973562283        41.0532657453         16.3751630735         18.5304357005         1.1612349512          
0.425632260074        39.4902961816         15.4287742419         17.807909579          0.906507973037        
0.435290957865        37.9925882561         14.5449697198         17.1146711238         0.676754271066        
0.444949655656        36.5559506329         13.7214248595         16.4489623164         0.471637128678        
0.454608353447        35.1805410894         12.9548993636         15.8112558702         0.289364554608        
0.464267051238        33.8664340485         12.2416015044         15.2022986606         0.12831819502         
0.473925749029        32.6105485822         11.5784333126         14.6207591793         -0.0129529795794      
0.48358444682         31.4122684002         10.9612365214         14.0667898257         -0.13659313317        
0.493243144611        30.2693625163         10.3860880034         13.5396231364         -0.24444852782        
0.502901842402        29.1804554291         9.84922712604         13.0387290772         -0.33867501231        
0.512560540193        28.1435072749         9.34737936339         12.5632061673         -0.420943542322       
0.522219237984        27.1546167717         8.87576285105         12.1113707593         -0.493538944633       
0.531877935775        26.215502109          8.43395205019         11.6837120943         -0.557221081189       
0.541536633566        25.3192289868         8.0169753688          11.2770314791         -0.613922314698       
0.551195331357        24.4651853047         7.6230760148          10.8908776476         -0.664727379936       
0.560854029148        23.6502902975         7.25012093432         10.5236505615         -0.710549607833       
0.570512726939        22.8716209567         6.89600564144         10.173851452          -0.752230770633       
0.58017142473         22.1269008509         6.56034494901         9.84005870516         -0.789974952834       
0.589830122521        21.4138903214         6.24286935375         9.52120792793         -0.823457795526       
0.599488820312        20.7326471953         5.93968362964         9.21745044554         -0.854885362203       
0.609147518103        20.0810445613         5.65046422336         8.92749753287         -0.884271990576       
0.618806215893        19.4547541549         5.37381356838         8.64922267334         -0.911683678041       
0.628464913684        18.8546011255         5.10966815599         8.38285351743         -0.937431200194       
0.638123611475        18.2779065439         4.85740250622         8.12708304733         -0.961342102307       
0.647782309266        17.7229990285         4.61537826565         7.88098554834         -0.984259507108       
0.657441007057        17.1897726255         4.38496919772         7.64469960191         -1.00496161411        
0.667099704848        16.6758396374         4.16446261245         7.41680309848         -1.02436649938        
0.676758402639        16.18021021           3.95360795002         7.19692284875         -1.04229003121        
0.68641710043         15.7022665466         3.75221395929         6.98475217614         -1.05869671731        
0.696075798221        15.240809755          3.55982668501         6.77974515612         -1.07358636039        
0.705734496012        14.7958930133         3.37628143667         6.58193554906         -1.08702353074        
0.715393193803        14.3656302352         3.20110299277         6.39042072148         -1.09892111479        
0.725051891594        13.9499204125         3.03402571583         6.20520446213         -1.10934101102        
0.734710589385        13.5480074412         2.87477642302         6.02594227887         -1.11828137949        
0.744369287176        13.1595066803         2.72328641055         5.85248477839         -1.12567316355        
0.754027984967        12.7838274273         2.57923608989         5.6846121215          -1.13151928501        
0.763686682758        12.4206680078         2.44173280891         5.52218106043         -1.13613510174        
0.773345380549        12.0692292497         2.31049180886         5.36483205493         -1.13961022605        
0.78300407834         11.7290617009         2.18557704242         5.21240625446         -1.14179885979        
0.792662776131        11.3992344417         2.06657317505         5.06449900845         -1.14276045893        
0.802321473922        11.0805132565         1.95327552828         4.92149898726         -1.14277068881        
0.811980171713        10.7711996674         1.84619492445         4.78256943563         -1.14111481332        
0.821638869504        10.4719333925         1.74434370477         4.64821167003         -1.13842438856        
0.831297567294        10.1818668983         1.64739692564         4.51791511637         -1.13481945399        
0.840956265085        9.90091347362         1.55548188559         4.39167957066         -1.13014569445        
0.850614962876        9.62814277659         1.46815920695         4.26912745615         -1.12444932391        
0.860273660667        9.36421689968         1.38536359923         4.15057202189         -1.11789151659        
0.869932358458        9.10806572285         1.30675013554         4.035531948           -1.11046134038        
0.879591056249        8.85995562461         1.23208799278         3.9241715981          -1.10231461664        
0.88924975404         8.61928146807         1.16129829825         3.81619665307         -1.09339433565        
0.898908451831        8.38595958008         1.09410741491         3.71158809052         -1.08382502275        
0.908567149622        8.15932542474         1.030262737           3.61005945106         -1.07362568016        
0.918225847413        7.93937546948         0.969640971896        3.5116019207          -1.06288674847        
0.927884545204        7.72569304814         0.912090990092        3.4160469097          -1.05157455299        
0.937543242995        7.51792375987         0.857313522441        3.32324232065         -1.03981305846        
0.947201940786        7.31606415577         0.805274365457        3.23317184625         -1.02762521725        
0.956860638577        7.11984418179         0.755552446652        3.14583156867         -1.01509502371        
0.966519336368        6.92682846079         0.708409614412        3.05984909321         -1.00187819353        
0.976178034159        6.73699718931         0.663144279558        2.97548165094         -0.988103452484       
0.98583673195         6.53813732837         0.618693175756        2.88725053498         -0.97200380957        
0.995495429741        6.33772850155         0.575848993755        2.79845570044         -0.954645557313       
1.00515412753         6.14574879283         0.535440578768        2.71349582025         -0.937585746333       
1.01481282532         5.96186105335         0.497588646977        2.63225601803         -0.920627737314       
1.02447152311         5.7849292405          0.461154506812        2.55411914774         -0.904395521894       
1.0341302209          5.61484399301         0.426826794885        2.47913442569         -0.888300911639       
1.0437889187          5.45127872283         0.394441914608        2.40708084401         -0.8724329016         
1.05344761649         5.293473272           0.363601145107        2.33766744886         -0.856853961066       
1.06310631428         5.14153131578         0.334265010208        2.27091022887         -0.841632426896       
1.07276501207         4.99494061455         0.306310948348        2.20659397457         -0.826731600638       
1.08242370986         4.85327707545         0.279943910416        2.14442010847         -0.811995779686       
1.09208240765         4.71697521587         0.254702948413        2.08471986248         -0.797701510828       
1.10174110544         4.58504104041         0.230672556812        2.02697354984         -0.78365167413        
1.11139980323         4.45787243603         0.207754563181        1.97136594247         -0.769969595039       
1.12105850102         4.33502159456         0.185898093286        1.91768662467         -0.75660369375        
1.13071719881         4.21627582594         0.165039268613        1.8658365761          -0.743549111892       
1.14037589661         4.10127644736         0.145147421819        1.81562905156         -0.730773467605       
1.1500345944          3.99048160189         0.126071225232        1.76733501989         -0.718389824554       
1.15969329219         3.8831380226          0.107872046465        1.72053422276         -0.706287227358       
1.16935198998         3.77888925436         0.0908127007155       1.67505566783         -0.694256127115       
1.17901068777         3.6781813135          0.0745086627429       1.63116438991         -0.682539631812       
1.18866938556         3.58051958488         0.0588671256207       1.58862903377         -0.671098186892       
1.19832808335         3.4866950108          0.0439131010774       1.54778736284         -0.660083230579       
1.20798678114         3.39535587866         0.0295856410966       1.50803036421         -0.649267826303       
1.21764547893         3.30710004768         0.015891617458        1.46962520764         -0.638762462722       
1.22730417672         3.22147175623         0.00279065477219      1.43235508842         -0.628505147183       
1.23696287451         3.13877782147         -0.00973131922806     1.39636083432         -0.61855957293        
1.24662157231         3.05814033914         -0.0217121991108      1.36125507092         -0.608773874155       
1.2562802701          2.98016436919         -0.0331096910865      1.32729621658         -0.599243200373       
1.26593896789         2.90472346939         -0.0442828051615      1.29445763656         -0.590154659353       
1.27559766568         2.8313913156          -0.0545531280218      1.26248160497         -0.580950511712       
1.28525636347         2.76039953355         -0.0646640244758      1.23151547211         -0.572202190788       
1.29491506126         2.69133188016         -0.0743575911969      1.20137334661         -0.563648114794       
1.30457375905         2.62416566145         -0.0835995407848      1.17203556616         -0.555263095666       
1.31423245684         2.55895757539         -0.0924747308422      1.14353002973         -0.54711859679        
1.32389115463         2.49566024642         -0.100913528852       1.11583781192         -0.539142795777       
1.33354985242         2.43405429882         -0.108962380436       1.08885100449         -0.531334103771       
1.34320855022         2.37428608347         -0.116646992022       1.06266156873         -0.523709815993       
1.35286724801         2.31598261574         -0.12393988166        1.03707432834         -0.516203605159       
1.3625259458          2.25943601756         -0.130877308316       1.01223336088         -0.508879766744       
1.37218464359         2.20437556131         -0.137448690908       0.988022901037        -0.501674216817       
1.38184334138         2.1507656697          -0.143682680692       0.964418843629        -0.494601135296       
1.39150203917         2.09864506587         -0.149580575192       0.941446273471        -0.487660661752       
1.40116073696         2.04791219727         -0.15514644478        0.919056569139        -0.480835572974       
1.41081943475         1.99855934169         -0.160406127075       0.897255401914        -0.474130974713       
1.42047813254         1.95047104455         -0.165346974536       0.875985331802        -0.467521479212       
1.43013683033         1.90368019246         -0.169981358192       0.85526589096         -0.461015226102       
1.43979552812         1.8581466466          -0.174323635738       0.835078239208        -0.45461124881        
1.44945422592         1.81377510906         -0.178384496524       0.815386147396        -0.44829296831        
1.45911292371         1.7705775756          -0.182159835543       0.79619172505         -0.442059939228       
1.4687716215          1.72853626906         -0.185670673032       0.777491560711        -0.435916293819       
1.47843031929         1.6875475212          -0.188922143888       0.759239067703        -0.429847533244       
1.48808901708         1.64757311527         -0.191916270811       0.741417805036        -0.423844280082       
1.49774771487         1.60873137447         -0.194657836028       0.724087456325        -0.417922187042       
1.50740641266         1.57083382504         -0.197164202358       0.707158826274        -0.412065498553       
1.51706511045         1.53390479176         -0.199438170608       0.690646645005        -0.406272655472       
1.52672380824         1.49800845922         -0.201545504949       0.674590789118        -0.400591864908       
1.53638250603         1.46296306338         -0.203325169436       0.658893561254        -0.394888572849       
1.54604120383         1.42893968334         -0.204978800567       0.643653538252        -0.38931466594        
1.55569990162         1.39572819137         -0.206426700119       0.628754646921        -0.383793466996       
1.56535859941         1.36338568797         -0.207666245212       0.61424639864         -0.378316135956       
1.5750172972          1.33180974129         -0.208719830767       0.600067435858        -0.372886660753       
1.58467599499         1.30118430927         -0.209611637327       0.586319214608        -0.367537556715       
1.59433469278         1.27123337436         -0.210317893186       0.572854744763        -0.362226148866       
1.60399339057         1.24222066902         -0.210889685408       0.559812419464        -0.357013055403       
1.61365208836         1.2138797811          -0.211295179477       0.547067850326        -0.351832907704       
1.62331078615         1.18635162519         -0.211567722756       0.534686874947        -0.346729989209       
1.63296948394         1.15953523831         -0.211697898156       0.522624898654        -0.341679573358       
1.64262818173         1.13349184508         -0.211712397676       0.510912861714        -0.336704600033       
1.65228687953         1.1081665664          -0.211609099468       0.499517729872        -0.331804558229       
1.66194557732         1.08360796703         -0.211404459916       0.488472515426        -0.326985544648       
1.67160427511         1.05981836266         -0.211121040432       0.477774686278        -0.32226404744        
1.6812629729          1.0368254887          -0.210767161979       0.467438211298        -0.317650893913       
1.69092167069         1.01575795704         -0.210578413269       0.457971876247        -0.313496303529       
1.70058036848         1.00290338301         -0.211885013831       0.452215362057        -0.311748568775       
1.71023906627         0.989433348233        -0.213004538233       0.446181887257        -0.309767606863       
1.71989776406         0.975677452782        -0.213937015639       0.440023497103        -0.307619154885       
1.72955646185         0.961755589307        -0.214704063035       0.433795991693        -0.305338286463       
1.73921515964         0.947704092728        -0.215323686212       0.427514756332        -0.302946600946       
1.74887385744         0.933591393624        -0.215810889485       0.421212898448        -0.300464281258       
1.75853255523         0.919367669832        -0.216115376209       0.414854008311        -0.297858606322       
1.76819125302         0.905188174661        -0.216336758383       0.408531544905        -0.295206627375       
1.77784995081         0.890991983253        -0.216433638117       0.40220341395         -0.292480365181       
1.7875086486          0.876756095784        -0.21637193794        0.395854816018        -0.289660326895       
1.79716734639         0.862546390823        -0.216050860128       0.3895324364          -0.286677620751       
1.80682604418         0.848393797798        -0.215815028473       0.383228726073        -0.283782669073       
1.81648474197         0.834337856725        -0.215407111826       0.376986834977        -0.280786930357       
1.82614343976         0.820366543805        -0.214912617679       0.37078884812         -0.277756741301       
1.83580213755         0.806468362058        -0.214332862553       0.364628960735        -0.274692075727       
1.84546083534         0.792656380042        -0.213669806929       0.358512175939        -0.271596904898       
1.85511953314         0.778953910607        -0.212928504624       0.352450638758        -0.268476550937       
1.86477823093         0.765331181166        -0.212119420698       0.346426056958        -0.265337021513       
1.87443692872         0.751817045971        -0.211238808859       0.340454872664        -0.262178090132       
1.88409562651         0.738408294235        -0.210296637906       0.334532845637        -0.25900703204        
1.8937543243          0.725106979258        -0.209295779991       0.328660242175        -0.255826608894       
1.90341302209         0.711914306982        -0.208237368036       0.322836854156        -0.252638429462       
1.91307171988         0.698840219506        -0.207123339278       0.317067028661        -0.249445032396       
1.92273041767         0.685889288197        -0.205960039085       0.311353392974        -0.246250598562       
1.93238911546         0.673044531223        -0.204749848021       0.305685210985        -0.243056377249       
1.94204781325         0.660331178774        -0.203494422171       0.30007588161         -0.239865549409       
1.95170651105         0.64774256269         -0.202198231173       0.294521090684        -0.236680867965       
1.96136520884         0.63528310769         -0.20086438506        0.289022612152        -0.233505169418       
1.97102390663         0.622933263296        -0.199482880345       0.283567034442        -0.230330819483       
1.98068260442         0.61071641279         -0.198067447816       0.278168993852        -0.227168247582       
1.99034130221         0.598621740885        -0.196613336597       0.272820453523        -0.22401366616        
2                     0.586651391143        -0.195106833846       0.267522347814        -0.220858001881       
2.01                  0.574428421458        -0.193570383042       0.262114813833        -0.217646469271       
2.20559107035         0.363969210655        -0.157443521837       0.167744350883        -0.157942027993       
2.4011821407          0.210899265437        -0.113724563402       0.0974601898947       -0.105311493585       
2.59677321105         0.113503559021        -0.0732169316919      0.0526852509228       -0.0640469880326      
2.7923642814          0.0563518701455       -0.0434927103168      0.0262966365852       -0.036326591466       
2.98795535175         0.0252346116432       -0.0234028674131      0.0117414954856       -0.0188677501345      
3.1835464221          0.0102311265166       -0.0113621424195      0.00473762469081      -0.00891195295694     
3.37913749245         0.00365049540356      -0.00498747032355     0.00165932351984      -0.00382702644205     
3.5747285628          0.00112707663297      -0.00195842836551     0.00049279386095      -0.00147675793062     
3.77031963315         0.000283944642099     -0.000680529455541    0.000112332440717     -0.000506101086445    
3.9659107035          5.07649254078e-05     -0.000204984793016    1.36880622134e-05     -0.000150858035676    
4.16150177385         2.49769803621e-06     -5.12565841183e-05    -2.88950060027e-06    -3.74532238677e-05    
4.3570928442          -2.15793515014e-06    -9.55272725196e-06    -2.28770315406e-06    -6.9556606335e-06     
4.55268391455         -6.98804034259e-07    -8.66619525987e-07    -5.72958629319e-07    -6.32369723918e-07    
4.7482749849          -7.77531887045e-10    1.69388385108e-09     -7.50551043134e-10    1.42661616322e-09     
4.7582749849          2.78705637595e-10     2.88692491469e-09     8.87014758641e-11     2.38235282179e-09     
4.75849720712         2.79251327223e-10     2.9378282169e-09      8.9010666344e-11      2.4239490016e-09      
4.75871942934         2.79771663073e-10     2.98946877743e-09     8.93110365378e-11     2.46615834939e-09     
4.75894165157         2.80267310357e-10     3.04181282518e-09     8.96027797795e-11     2.50895329566e-09     
4.75916387379         2.80738899465e-10     3.09482898849e-09     8.98860807394e-11     2.55230822879e-09     
4.75938609601         2.81187029068e-10     3.14848802783e-09     9.01611160583e-11     2.59619927753e-09     
4.75960831823         2.81612268988e-10     3.20276256756e-09     9.04280550184e-11     2.64060408866e-09     
4.75983054046         2.82015162802e-10     3.25762686905e-09     9.06870601158e-11     2.68550164329e-09     
4.76005276268         2.82396228446e-10     3.31305656287e-09     9.09382866595e-11     2.73087204191e-09     
4.7602749849          2.8275596079e-10      3.36902858483e-09     9.1181883616e-11      2.77669644981e-09     
4.7702749849          2.82259493022e-10     6.22644793582e-09     9.59433216539e-11     5.12639991605e-09     
4.95158123508         -6.50433595981e-11    2.45749871881e-08     -1.86470250671e-11    2.11906655354e-08     
5.13288748526         -1.70968213704e-11    1.07187607009e-08     -6.07881080651e-12    9.61900689494e-09     
5.31419373544         9.77816034877e-13     3.02164287731e-09     2.1538959601e-13      2.81335026226e-09     
5.49549998562         7.79728613351e-13     6.39627224475e-10     2.58194618952e-13     6.16857447509e-10     
5.6768062358          6.4137052277e-14      9.99556590323e-11     2.33545406944e-14     9.97489279857e-11     
5.85811248598         -1.46187717784e-14    9.35542094746e-12     -4.79609786602e-15    9.65463757882e-12     
6.03941873616         -1.42649393406e-16    2.6135589681e-14      -4.88566901043e-17    2.78814787374e-14     
6.22072498634         3.89807748904e-13     4.31817293047e-15     4.29808069606e-13     1.50285714596e-15     
6.40203123652         2.25811381544e-13     4.16491362218e-15     2.57375582746e-13     1.44790031809e-15     
6.5833374867          7.63888097893e-14     2.10670349022e-15     9.00124117468e-14     6.88857582384e-16     
6.76464373688         1.99538714187e-14     7.68318592567e-16     2.43028617776e-14     2.34007921798e-16     
6.94594998706         4.38972436077e-15     2.2497585062e-16      5.52499650062e-15     6.4682320292e-17      
7.12725623724         8.46895330792e-16     5.57682204504e-17     1.1013113302e-15      1.53740866276e-17     
7.30856248742         1.50478173508e-16     1.23910114215e-17     2.02161016437e-16     3.32208425103e-18     
7.4898687376          2.84873763968e-17     2.87097358436e-18     3.9536301567e-17      7.56287896845e-19     
7.67117498778         7.35610409982e-18     8.91668155417e-19     1.0547042646e-17      2.32303550909e-19     
7.85248123796         8.59608728294e-18     1.23534971799e-18     1.27336718451e-17     3.20481572897e-19     
8.03378748814         9.86553862655e-18     1.66077808129e-18     1.51004971731e-17     4.29988924818e-19     
8.21509373832         1.11532810231e-17     2.17699984511e-18     1.76424767577e-17     5.64660369549e-19     
8.3963999885          1.24490476964e-17     2.79290825414e-18     2.03553687858e-17     7.26471862987e-19     
8.57770623868         1.37434116566e-17     3.51720662165e-18     2.32335921636e-17     9.18719592955e-19     
8.75901248885         1.50277186507e-17     4.3583811332e-18      2.62734821558e-17     1.14459665704e-18     
8.94031873903         1.62940239317e-17     5.32468127549e-18     2.94715563006e-17     1.40610678671e-18     
9.12162498921         1.75350330898e-17     6.42410643353e-18     3.28227518288e-17     1.70608406531e-18     
9.30293123939         1.87440470561e-17     7.6643974526e-18      3.63239639344e-17     2.04773294481e-18     
9.48423748957         1.99149112625e-17     9.05303217348e-18     3.99721129135e-17     2.43368592826e-18     
9.66554373975         2.10419688508e-17     1.05972241266e-17     4.37647117144e-17     2.86613884805e-18     
9.84684998993         2.21200177533e-17     1.23039237177e-17     4.76976565043e-17     3.34677115701e-18     
10.0281562401         2.31442714289e-17     1.41798213592e-17     5.17682969733e-17     3.87892696424e-18     
10.2094624903         2.4110323012e-17      1.62313521023e-17     5.59742842698e-17     4.46492522278e-18     
10.3907687405         2.50141126275e-17     1.84647014054e-17     6.03133368424e-17     5.10700658941e-18     
10.5720749907         2.58518976203e-17     2.08858117475e-17     6.47833524434e-17     5.8073340642e-18      
10.7533812408         2.66202254601e-17     2.3500389844e-17      6.93827302017e-17     6.5679355363e-18      
10.934687491          2.73159090895e-17     2.63139142752e-17     7.41087826182e-17     7.38950537139e-18     
11.1159937412         2.79360045006e-17     2.93316433724e-17     7.89592462928e-17     8.27520047858e-18     
11.2972999914         2.84777903378e-17     3.25586232353e-17     8.393269571e-17       9.22688579687e-18     
11.4786062416         2.89387493411e-17     3.59996957861e-17     8.90275964428e-17     1.024635702e-17       
11.6599124917         2.93165514605e-17     3.96595067794e-17     9.42424851595e-17     1.13353427006e-17     
11.8412187419         2.96090384831e-17     4.35425137089e-17     9.95759874309e-17     1.24955064187e-17     
12.0225249921         2.98142100342e-17     4.76529935641e-17     1.05026824112e-16     1.37284489866e-17     
12.2038312423         2.99302108198e-17     5.19950504011e-17     1.1059382604e-16      1.5035710664e-17      
12.3851374925         2.99553189974e-17     5.65726227024e-17     1.16276023803e-16     1.64187733658e-17     
12.5664437426         2.98879355655e-17     6.13894905049e-17     1.22072516281e-16     1.78781298458e-17     
12.7477499928         2.97265746792e-17     6.64492822865e-17     1.27981043604e-16     1.9415640614e-17      
12.929056243          2.94698548038e-17     7.17554816012e-17     1.34001061215e-16     2.10329707339e-17     
13.1103624932         2.9116490628e-17      7.73114334589e-17     1.40131740958e-16     2.27313901944e-17     
13.2916687433         2.86652856683e-17     8.31203504514e-17     1.46372258089e-16     2.45121212042e-17     
13.4729749935         2.81151254978e-17     8.91853186234e-17     1.52721822633e-16     2.63763401192e-17     
13.6542812437         2.74649715454e-17     9.55093030937e-17     1.59179685208e-16     2.83251793061e-17     
13.8355874939         2.67138554107e-17     1.02095153432e-16     1.65745137624e-16     3.03597289423e-17     
14.0168937441         2.58608736492e-17     1.08945608797e-16     1.72417512044e-16     3.24810387508e-17     
14.1981999942         2.49051829856e-17     1.1606330284e-16      1.79196179898e-16     3.46901196704e-17     
14.3795062444         2.3845995916e-17      1.23450768389e-16     1.8608055121e-16      3.69879454608e-17     
14.5608124946         2.26825766652e-17     1.31110441914e-16     1.93070075222e-16     3.93754542443e-17     
14.7421187448         2.14142374676e-17     1.39044667781e-16     2.00164244543e-16     4.18535499852e-17     
14.923424995          2.00403351437e-17     1.47255702315e-16     2.07362612171e-16     4.44231039071e-17     
15.1047312451         1.85602679453e-17     1.55745717662e-16     2.14664919152e-16     4.70849558523e-17     
15.2860374953         1.6973472648e-17      1.64516805473e-16     2.22070575435e-16     4.9838928535e-17      
15.4673437455         1.52794218688e-17     1.73570980416e-16     2.29578343183e-16     5.26866297949e-17     
15.6486499957         1.3477621589e-17      1.82910183513e-16     2.37188166553e-16     5.56289195308e-17     
15.8299562459         1.15676088677e-17     1.92536285324e-16     2.44899717502e-16     5.86665247689e-17     
16.011262496          9.54894972599e-18     2.02451088977e-16     2.52712653373e-16     6.1800147132e-17      
16.1925687462         7.42123719186e-18     2.12656333056e-16     2.60626638495e-16     6.50304638788e-17     
16.3738749964         5.18408948942e-18     2.23153694347e-16     2.68641349568e-16     6.83581288974e-17     
16.5551812466         2.83714836229e-18     2.33944790458e-16     2.76756477198e-16     7.17837736548e-17     
16.7364874968         3.80077519762e-19     2.45031182311e-16     2.84971726163e-16     7.53080081036e-17     
16.9177937469         -2.18743880406e-18    2.56414376518e-16     2.93286815168e-16     7.89314215497e-17     
17.0990999971         -4.86569718719e-18    2.68095827646e-16     3.0170147639e-16      8.26545834802e-17     
17.2804062473         -7.65497626097e-18    2.80076940371e-16     3.10215454944e-16     8.64780443549e-17     
17.4617124975         -1.05555378631e-17    2.92359071533e-16     3.18828508322e-16     9.04023363632e-17     
17.6430187477         -1.35676281092e-17    3.04943532099e-16     3.27540405833e-16     9.44279741462e-17     
17.8243249978         -1.66914783899e-17    3.17831589027e-16     3.36350928084e-16     9.85554554884e-17     
18.005631248          -1.99273062976e-17    3.31024467047e-16     3.45259866487e-16     1.02785261977e-16     
18.1869374982         -2.32753164907e-17    3.44523350362e-16     3.54267022836e-16     1.07117859634e-16     
18.3682437484         -2.67357014972e-17    3.58329384265e-16     3.63372208948e-16     1.11553699519e-16     
18.5495499986         -3.03086424652e-17    3.72443676689e-16     3.7257524642e-16      1.16093218306e-16     
18.7308562487         -3.39943098609e-17    3.86867299677e-16     3.81875966547e-16     1.20736838835e-16     
18.9121624989         -3.77928641219e-17    4.01601290798e-16     3.91274210532e-16     1.25484970639e-16     
19.0934687491         -4.1704456265e-17     4.16646654482e-16     4.00769830272e-16     1.30338010452e-16     
19.2747749993         -4.57292284556e-17    4.32004363312e-16     4.10362690465e-16     1.35296342686e-16     
19.4560812495         -4.98673145381e-17    4.47675359247e-16     4.20052674586e-16     1.40360339897e-16     
19.6373874996         -5.41188405332e-17    4.63660554794e-16     4.29839707765e-16     1.45530363227e-16     
19.8186937498         -5.84839251017e-17    4.7996083413e-16      4.39723962528e-16     1.50806565447e-16     
20                    0                     0                     0                     0                     
